[setting] seed:20
[solver] type:SASB-ECBS
[solver] w:2.000000
[solver] ID:0
[solver] Lowlevelnode:1399
[solver] Highlevelnode:11
[solver] ConflictCount:6
[solver] solved:1
[solver] elapsed:15
[solver] makespan:44
[problem] timesteplimit:15000
[problem] type:MAPF
[problem] agentnum:20
[graph] width:32
[graph] height:32
[graph] filename:./map/32by32_agents10_ex30.map
[task] id:12,start:0,end:0,service time:0,nodes:648,
[task] id:2,start:0,end:0,service time:0,nodes:727,
[task] id:6,start:0,end:0,service time:0,nodes:7,
[task] id:18,start:0,end:0,service time:0,nodes:564,
[task] id:17,start:0,end:0,service time:0,nodes:557,
[task] id:16,start:0,end:0,service time:0,nodes:476,
[task] id:0,start:0,end:0,service time:0,nodes:56,
[task] id:15,start:0,end:0,service time:0,nodes:23,
[task] id:13,start:0,end:0,service time:0,nodes:860,
[task] id:1,start:0,end:0,service time:0,nodes:540,
[task] id:3,start:0,end:0,service time:0,nodes:984,
[task] id:4,start:0,end:0,service time:0,nodes:934,
[task] id:9,start:0,end:0,service time:0,nodes:513,
[task] id:8,start:0,end:0,service time:0,nodes:296,
[task] id:11,start:0,end:0,service time:0,nodes:937,
[task] id:19,start:0,end:0,service time:0,nodes:75,
[task] id:14,start:0,end:0,service time:0,nodes:583,
[task] id:10,start:0,end:0,service time:0,nodes:662,
[task] id:5,start:0,end:0,service time:0,nodes:926,
[task] id:7,start:0,end:0,service time:0,nodes:222,
[agent] id:0
path:77,45,44,44,45,77,78,79,80,48,49,50,51,52,53,54,55,56,56,56,56,56,56,56,56,56,56,56,56,56,56,56,56,56,56,56,56,56,56,56,56,56,56,56,56,
goal:56,56,56,56,56,56,56,56,56,56,56,56,56,56,56,56,56,56,56,56,56,56,56,56,56,56,56,56,56,56,56,56,56,56,56,56,56,56,56,56,56,56,56,56,56,
size:17
[agent] id:1
path:146,178,210,242,274,306,307,308,309,341,373,405,437,469,501,533,534,535,536,537,538,539,540,540,540,540,540,540,540,540,540,540,540,540,540,540,540,540,540,540,540,540,540,540,540,
goal:540,540,540,540,540,540,540,540,540,540,540,540,540,540,540,540,540,540,540,540,540,540,540,540,540,540,540,540,540,540,540,540,540,540,540,540,540,540,540,540,540,540,540,540,540,
size:22
[agent] id:2
path:501,533,565,597,629,661,693,725,726,727,727,727,727,727,727,727,727,727,727,727,727,727,727,727,727,727,727,727,727,727,727,727,727,727,727,727,727,727,727,727,727,727,727,727,727,
goal:727,727,727,727,727,727,727,727,727,727,727,727,727,727,727,727,727,727,727,727,727,727,727,727,727,727,727,727,727,727,727,727,727,727,727,727,727,727,727,727,727,727,727,727,727,
size:9
[agent] id:3
path:589,621,653,685,717,749,781,782,814,846,878,879,880,881,882,883,884,885,886,918,950,982,983,984,984,984,984,984,984,984,984,984,984,984,984,984,984,984,984,984,984,984,984,984,984,
goal:984,984,984,984,984,984,984,984,984,984,984,984,984,984,984,984,984,984,984,984,984,984,984,984,984,984,984,984,984,984,984,984,984,984,984,984,984,984,984,984,984,984,984,984,984,
size:23
[agent] id:4
path:696,728,760,792,824,823,855,887,886,885,884,883,915,914,946,945,944,943,942,941,940,939,938,937,936,935,934,934,934,934,934,934,934,934,934,934,934,934,934,934,934,934,934,934,934,
goal:934,934,934,934,934,934,934,934,934,934,934,934,934,934,934,934,934,934,934,934,934,934,934,934,934,934,934,934,934,934,934,934,934,934,934,934,934,934,934,934,934,934,934,934,934,
size:26
[agent] id:5
path:642,643,643,644,645,646,647,648,649,650,651,652,653,654,655,656,688,720,721,722,723,724,725,757,758,759,791,792,793,794,795,796,797,798,830,831,863,895,927,926,926,926,926,926,926,
goal:926,926,926,926,926,926,926,926,926,926,926,926,926,926,926,926,926,926,926,926,926,926,926,926,926,926,926,926,926,926,926,926,926,926,926,926,926,926,926,926,926,926,926,926,926,
size:39
[agent] id:6
path:78,77,45,13,12,11,10,9,8,7,7,7,7,7,7,7,7,7,7,7,7,7,7,7,7,7,7,7,7,7,7,7,7,7,7,7,7,7,7,7,7,7,7,7,7,
goal:7,7,7,7,7,7,7,7,7,7,7,7,7,7,7,7,7,7,7,7,7,7,7,7,7,7,7,7,7,7,7,7,7,7,7,7,7,7,7,7,7,7,7,7,7,
size:9
[agent] id:7
path:708,676,644,612,613,614,582,550,551,552,553,554,555,556,524,525,526,527,528,529,497,465,433,434,435,436,437,405,373,374,375,376,377,378,379,347,315,316,317,285,286,287,255,223,222,
goal:222,222,222,222,222,222,222,222,222,222,222,222,222,222,222,222,222,222,222,222,222,222,222,222,222,222,222,222,222,222,222,222,222,222,222,222,222,222,222,222,222,222,222,222,222,
size:44
[agent] id:8
path:1000,999,967,935,934,902,870,838,806,774,742,710,678,646,614,582,550,518,486,454,422,390,358,326,294,262,263,264,296,296,296,296,296,296,296,296,296,296,296,296,296,296,296,296,296,
goal:296,296,296,296,296,296,296,296,296,296,296,296,296,296,296,296,296,296,296,296,296,296,296,296,296,296,296,296,296,296,296,296,296,296,296,296,296,296,296,296,296,296,296,296,296,
size:28
[agent] id:9
path:309,308,307,306,305,304,303,302,301,300,332,364,396,428,460,459,458,490,522,521,520,519,518,517,516,515,514,513,513,513,513,513,513,513,513,513,513,513,513,513,513,513,513,513,513,
goal:513,513,513,513,513,513,513,513,513,513,513,513,513,513,513,513,513,513,513,513,513,513,513,513,513,513,513,513,513,513,513,513,513,513,513,513,513,513,513,513,513,513,513,513,513,
size:27
[agent] id:10
path:67,68,69,101,133,165,197,229,261,293,294,326,358,390,422,454,486,487,519,551,583,615,616,617,649,650,651,652,653,654,655,656,657,658,659,660,661,662,662,662,662,662,662,662,662,
goal:662,662,662,662,662,662,662,662,662,662,662,662,662,662,662,662,662,662,662,662,662,662,662,662,662,662,662,662,662,662,662,662,662,662,662,662,662,662,662,662,662,662,662,662,662,
size:37
[agent] id:11
path:367,399,431,463,464,465,497,529,561,593,592,591,623,655,687,686,718,750,782,814,846,878,877,909,941,940,939,938,937,937,937,937,937,937,937,937,937,937,937,937,937,937,937,937,937,
goal:937,937,937,937,937,937,937,937,937,937,937,937,937,937,937,937,937,937,937,937,937,937,937,937,937,937,937,937,937,937,937,937,937,937,937,937,937,937,937,937,937,937,937,937,937,
size:28
[agent] id:12
path:609,641,642,643,644,645,646,647,648,648,648,648,648,648,648,648,648,648,648,648,648,648,648,648,648,648,648,648,648,648,648,648,648,648,648,648,648,648,648,648,648,648,648,648,648,
goal:648,648,648,648,648,648,648,648,648,648,648,648,648,648,648,648,648,648,648,648,648,648,648,648,648,648,648,648,648,648,648,648,648,648,648,648,648,648,648,648,648,648,648,648,648,
size:8
[agent] id:13
path:469,501,533,565,597,629,661,693,725,757,758,759,791,823,824,825,857,858,859,860,860,860,860,860,860,860,860,860,860,860,860,860,860,860,860,860,860,860,860,860,860,860,860,860,860,
goal:860,860,860,860,860,860,860,860,860,860,860,860,860,860,860,860,860,860,860,860,860,860,860,860,860,860,860,860,860,860,860,860,860,860,860,860,860,860,860,860,860,860,860,860,860,
size:19
[agent] id:14
path:1019,987,986,985,953,921,920,888,887,855,854,853,852,851,819,818,786,754,722,690,658,657,656,655,623,622,621,620,619,618,617,616,584,583,583,583,583,583,583,583,583,583,583,583,583,
goal:583,583,583,583,583,583,583,583,583,583,583,583,583,583,583,583,583,583,583,583,583,583,583,583,583,583,583,583,583,583,583,583,583,583,583,583,583,583,583,583,583,583,583,583,583,
size:33
[agent] id:15
path:413,381,380,379,378,377,345,313,281,280,248,216,184,152,120,88,56,24,23,23,23,23,23,23,23,23,23,23,23,23,23,23,23,23,23,23,23,23,23,23,23,23,23,23,23,
goal:23,23,23,23,23,23,23,23,23,23,23,23,23,23,23,23,23,23,23,23,23,23,23,23,23,23,23,23,23,23,23,23,23,23,23,23,23,23,23,23,23,23,23,23,23,
size:18
[agent] id:16
path:724,692,660,628,596,564,565,533,534,535,536,537,538,539,507,508,476,476,476,476,476,476,476,476,476,476,476,476,476,476,476,476,476,476,476,476,476,476,476,476,476,476,476,476,476,
goal:476,476,476,476,476,476,476,476,476,476,476,476,476,476,476,476,476,476,476,476,476,476,476,476,476,476,476,476,476,476,476,476,476,476,476,476,476,476,476,476,476,476,476,476,476,
size:16
[agent] id:17
path:850,818,786,754,722,690,658,626,594,562,561,560,559,558,557,557,557,557,557,557,557,557,557,557,557,557,557,557,557,557,557,557,557,557,557,557,557,557,557,557,557,557,557,557,557,
goal:557,557,557,557,557,557,557,557,557,557,557,557,557,557,557,557,557,557,557,557,557,557,557,557,557,557,557,557,557,557,557,557,557,557,557,557,557,557,557,557,557,557,557,557,557,
size:14
[agent] id:18
path:650,651,652,653,654,655,656,657,658,626,594,562,563,564,564,564,564,564,564,564,564,564,564,564,564,564,564,564,564,564,564,564,564,564,564,564,564,564,564,564,564,564,564,564,564,
goal:564,564,564,564,564,564,564,564,564,564,564,564,564,564,564,564,564,564,564,564,564,564,564,564,564,564,564,564,564,564,564,564,564,564,564,564,564,564,564,564,564,564,564,564,564,
size:13
[agent] id:19
path:287,255,223,191,190,189,188,187,186,185,184,183,182,181,213,212,211,210,178,146,145,144,143,142,174,173,172,140,139,107,75,75,75,75,75,75,75,75,75,75,75,75,75,75,75,
goal:75,75,75,75,75,75,75,75,75,75,75,75,75,75,75,75,75,75,75,75,75,75,75,75,75,75,75,75,75,75,75,75,75,75,75,75,75,75,75,75,75,75,75,75,75,
size:30
SolutionCost:460
