[setting] seed:4617
[solver] type:SASB-ECBS
[solver] w:2.000000
[solver] ID:0
[solver] Lowlevelnode:8051
[solver] Highlevelnode:25
[solver] ConflictCount:13
[solver] solved:1
[solver] elapsed:49
[solver] makespan:35
[problem] timesteplimit:15000
[problem] type:MAPF
[problem] agentnum:30
[graph] width:32
[graph] height:32
[graph] filename:./map/32by32_agents10_ex30.map
[task] id:26,start:0,end:0,service time:0,nodes:54,
[task] id:28,start:0,end:0,service time:0,nodes:534,
[task] id:2,start:0,end:0,service time:0,nodes:709,
[task] id:29,start:0,end:0,service time:0,nodes:921,
[task] id:22,start:0,end:0,service time:0,nodes:276,
[task] id:10,start:0,end:0,service time:0,nodes:91,
[task] id:17,start:0,end:0,service time:0,nodes:202,
[task] id:12,start:0,end:0,service time:0,nodes:657,
[task] id:3,start:0,end:0,service time:0,nodes:561,
[task] id:15,start:0,end:0,service time:0,nodes:811,
[task] id:27,start:0,end:0,service time:0,nodes:300,
[task] id:4,start:0,end:0,service time:0,nodes:460,
[task] id:13,start:0,end:0,service time:0,nodes:983,
[task] id:11,start:0,end:0,service time:0,nodes:566,
[task] id:1,start:0,end:0,service time:0,nodes:641,
[task] id:8,start:0,end:0,service time:0,nodes:58,
[task] id:16,start:0,end:0,service time:0,nodes:518,
[task] id:21,start:0,end:0,service time:0,nodes:82,
[task] id:25,start:0,end:0,service time:0,nodes:680,
[task] id:0,start:0,end:0,service time:0,nodes:121,
[task] id:5,start:0,end:0,service time:0,nodes:686,
[task] id:18,start:0,end:0,service time:0,nodes:353,
[task] id:23,start:0,end:0,service time:0,nodes:315,
[task] id:6,start:0,end:0,service time:0,nodes:94,
[task] id:14,start:0,end:0,service time:0,nodes:490,
[task] id:19,start:0,end:0,service time:0,nodes:307,
[task] id:9,start:0,end:0,service time:0,nodes:796,
[task] id:7,start:0,end:0,service time:0,nodes:233,
[task] id:24,start:0,end:0,service time:0,nodes:229,
[task] id:20,start:0,end:0,service time:0,nodes:567,
[agent] id:0
path:40,8,9,10,11,12,44,45,77,78,79,80,48,49,50,51,52,53,21,22,23,55,87,119,120,121,121,121,121,121,121,121,121,121,121,121,
goal:121,121,121,121,121,121,121,121,121,121,121,121,121,121,121,121,121,121,121,121,121,121,121,121,121,121,121,121,121,121,121,121,121,121,121,121,
size:25
[agent] id:1
path:201,200,199,231,230,262,294,326,358,390,422,454,453,485,517,549,548,547,579,611,643,642,641,641,641,641,641,641,641,641,641,641,641,641,641,641,
goal:641,641,641,641,641,641,641,641,641,641,641,641,641,641,641,641,641,641,641,641,641,641,641,641,641,641,641,641,641,641,641,641,641,641,641,641,
size:22
[agent] id:2
path:547,579,611,643,644,676,708,709,709,709,709,709,709,709,709,709,709,709,709,709,709,709,709,709,709,709,709,709,709,709,709,709,709,709,709,709,
goal:709,709,709,709,709,709,709,709,709,709,709,709,709,709,709,709,709,709,709,709,709,709,709,709,709,709,709,709,709,709,709,709,709,709,709,709,
size:7
[agent] id:3
path:604,603,571,570,569,537,536,535,567,566,565,564,563,562,561,561,561,561,561,561,561,561,561,561,561,561,561,561,561,561,561,561,561,561,561,561,
goal:561,561,561,561,561,561,561,561,561,561,561,561,561,561,561,561,561,561,561,561,561,561,561,561,561,561,561,561,561,561,561,561,561,561,561,561,
size:14
[agent] id:4
path:881,849,848,847,846,814,782,750,718,686,654,622,590,558,526,494,493,461,460,460,460,460,460,460,460,460,460,460,460,460,460,460,460,460,460,460,
goal:460,460,460,460,460,460,460,460,460,460,460,460,460,460,460,460,460,460,460,460,460,460,460,460,460,460,460,460,460,460,460,460,460,460,460,460,
size:18
[agent] id:5
path:328,296,264,263,262,294,326,358,390,422,454,486,518,550,582,614,646,647,648,649,650,651,652,653,685,686,686,686,686,686,686,686,686,686,686,686,
goal:686,686,686,686,686,686,686,686,686,686,686,686,686,686,686,686,686,686,686,686,686,686,686,686,686,686,686,686,686,686,686,686,686,686,686,686,
size:25
[agent] id:6
path:268,269,270,271,239,240,241,209,210,211,211,210,211,212,213,181,182,183,184,185,186,187,188,189,190,158,126,94,94,94,94,94,94,94,94,94,
goal:94,94,94,94,94,94,94,94,94,94,94,94,94,94,94,94,94,94,94,94,94,94,94,94,94,94,94,94,94,94,94,94,94,94,94,94,
size:27
[agent] id:7
path:739,707,708,676,677,645,613,614,582,550,518,517,485,486,485,453,421,389,357,358,326,294,262,230,231,231,263,231,199,200,201,233,233,233,233,233,
goal:233,233,233,233,233,233,233,233,233,233,233,233,233,233,233,233,233,233,233,233,233,233,233,233,233,233,233,233,233,233,233,233,233,233,233,233,
size:31
[agent] id:8
path:42,10,11,12,44,45,77,78,79,80,48,49,50,51,52,53,21,22,23,55,56,57,58,58,58,58,58,58,58,58,58,58,58,58,58,58,
goal:58,58,58,58,58,58,58,58,58,58,58,58,58,58,58,58,58,58,58,58,58,58,58,58,58,58,58,58,58,58,58,58,58,58,58,58,
size:22
[agent] id:9
path:964,965,933,901,869,837,838,839,840,841,842,843,844,845,846,847,848,849,850,851,852,853,821,822,823,791,792,793,794,795,796,796,796,796,796,796,
goal:796,796,796,796,796,796,796,796,796,796,796,796,796,796,796,796,796,796,796,796,796,796,796,796,796,796,796,796,796,796,796,796,796,796,796,796,
size:30
[agent] id:10
path:286,287,255,223,191,159,127,95,94,93,92,91,91,91,91,91,91,91,91,91,91,91,91,91,91,91,91,91,91,91,91,91,91,91,91,91,
goal:91,91,91,91,91,91,91,91,91,91,91,91,91,91,91,91,91,91,91,91,91,91,91,91,91,91,91,91,91,91,91,91,91,91,91,91,
size:11
[agent] id:11
path:236,268,300,301,302,334,366,367,399,431,463,464,465,497,498,499,500,501,533,565,566,566,566,566,566,566,566,566,566,566,566,566,566,566,566,566,
goal:566,566,566,566,566,566,566,566,566,566,566,566,566,566,566,566,566,566,566,566,566,566,566,566,566,566,566,566,566,566,566,566,566,566,566,566,
size:20
[agent] id:12
path:667,635,634,633,632,664,663,662,661,660,659,658,657,657,657,657,657,657,657,657,657,657,657,657,657,657,657,657,657,657,657,657,657,657,657,657,
goal:657,657,657,657,657,657,657,657,657,657,657,657,657,657,657,657,657,657,657,657,657,657,657,657,657,657,657,657,657,657,657,657,657,657,657,657,
size:12
[agent] id:13
path:969,970,971,972,973,974,942,943,944,945,946,978,979,980,948,949,950,982,983,983,983,983,983,983,983,983,983,983,983,983,983,983,983,983,983,983,
goal:983,983,983,983,983,983,983,983,983,983,983,983,983,983,983,983,983,983,983,983,983,983,983,983,983,983,983,983,983,983,983,983,983,983,983,983,
size:18
[agent] id:14
path:859,858,857,825,793,792,760,728,696,664,632,631,630,629,628,627,626,594,593,592,560,559,558,557,556,555,554,522,490,490,490,490,490,490,490,490,
goal:490,490,490,490,490,490,490,490,490,490,490,490,490,490,490,490,490,490,490,490,490,490,490,490,490,490,490,490,490,490,490,490,490,490,490,490,
size:28
[agent] id:15
path:673,705,737,738,770,802,803,804,805,806,807,808,809,810,811,811,811,811,811,811,811,811,811,811,811,811,811,811,811,811,811,811,811,811,811,811,
goal:811,811,811,811,811,811,811,811,811,811,811,811,811,811,811,811,811,811,811,811,811,811,811,811,811,811,811,811,811,811,811,811,811,811,811,811,
size:14
[agent] id:16
path:178,210,242,274,306,305,304,303,302,301,300,332,364,396,428,460,459,458,490,522,521,520,519,518,518,518,518,518,518,518,518,518,518,518,518,518,
goal:518,518,518,518,518,518,518,518,518,518,518,518,518,518,518,518,518,518,518,518,518,518,518,518,518,518,518,518,518,518,518,518,518,518,518,518,
size:23
[agent] id:17
path:393,394,395,396,364,332,300,268,236,204,203,202,202,202,202,202,202,202,202,202,202,202,202,202,202,202,202,202,202,202,202,202,202,202,202,202,
goal:202,202,202,202,202,202,202,202,202,202,202,202,202,202,202,202,202,202,202,202,202,202,202,202,202,202,202,202,202,202,202,202,202,202,202,202,
size:11
[agent] id:18
path:937,936,904,872,840,808,776,744,712,680,648,616,584,552,520,519,487,486,454,422,390,358,357,356,355,354,353,353,353,353,353,353,353,353,353,353,
goal:353,353,353,353,353,353,353,353,353,353,353,353,353,353,353,353,353,353,353,353,353,353,353,353,353,353,353,353,353,353,353,353,353,353,353,353,
size:26
[agent] id:19
path:872,840,808,776,744,712,680,648,616,584,552,553,554,555,556,524,525,526,527,528,529,497,465,433,401,369,337,305,306,307,307,307,307,307,307,307,
goal:307,307,307,307,307,307,307,307,307,307,307,307,307,307,307,307,307,307,307,307,307,307,307,307,307,307,307,307,307,307,307,307,307,307,307,307,
size:29
[agent] id:20
path:961,929,930,898,866,867,835,803,804,805,773,741,742,710,711,712,713,714,715,716,717,685,686,687,688,689,690,658,626,627,628,596,597,598,599,567,
goal:567,567,567,567,567,567,567,567,567,567,567,567,567,567,567,567,567,567,567,567,567,567,567,567,567,567,567,567,567,567,567,567,567,567,567,567,
size:35
[agent] id:21
path:285,317,349,381,380,379,378,377,345,313,281,280,248,216,215,214,213,212,211,210,178,146,114,82,82,82,82,82,82,82,82,82,82,82,82,82,
goal:82,82,82,82,82,82,82,82,82,82,82,82,82,82,82,82,82,82,82,82,82,82,82,82,82,82,82,82,82,82,82,82,82,82,82,82,
size:23
[agent] id:22
path:115,114,146,178,210,242,274,306,307,308,276,276,276,276,276,276,276,276,276,276,276,276,276,276,276,276,276,276,276,276,276,276,276,276,276,276,
goal:276,276,276,276,276,276,276,276,276,276,276,276,276,276,276,276,276,276,276,276,276,276,276,276,276,276,276,276,276,276,276,276,276,276,276,276,
size:10
[agent] id:23
path:949,950,918,886,854,822,823,791,759,727,695,663,631,599,567,535,503,504,472,473,441,409,377,378,379,347,315,315,315,315,315,315,315,315,315,315,
goal:315,315,315,315,315,315,315,315,315,315,315,315,315,315,315,315,315,315,315,315,315,315,315,315,315,315,315,315,315,315,315,315,315,315,315,315,
size:26
[agent] id:24
path:189,188,187,219,218,217,216,215,214,213,212,211,243,242,241,240,239,207,206,205,204,203,235,234,233,201,200,199,167,199,231,230,229,229,229,229,
goal:229,229,229,229,229,229,229,229,229,229,229,229,229,229,229,229,229,229,229,229,229,229,229,229,229,229,229,229,229,229,229,229,229,229,229,229,
size:32
[agent] id:25
path:39,71,103,135,167,199,231,263,262,294,326,358,390,422,454,486,518,550,582,614,646,678,679,680,680,680,680,680,680,680,680,680,680,680,680,680,
goal:680,680,680,680,680,680,680,680,680,680,680,680,680,680,680,680,680,680,680,680,680,680,680,680,680,680,680,680,680,680,680,680,680,680,680,680,
size:23
[agent] id:26
path:183,151,119,87,55,54,54,54,54,54,54,54,54,54,54,54,54,54,54,54,54,54,54,54,54,54,54,54,54,54,54,54,54,54,54,54,
goal:54,54,54,54,54,54,54,54,54,54,54,54,54,54,54,54,54,54,54,54,54,54,54,54,54,54,54,54,54,54,54,54,54,54,54,54,
size:5
[agent] id:27
path:259,227,228,229,229,230,230,231,199,200,201,233,234,235,236,268,300,300,300,300,300,300,300,300,300,300,300,300,300,300,300,300,300,300,300,300,
goal:300,300,300,300,300,300,300,300,300,300,300,300,300,300,300,300,300,300,300,300,300,300,300,300,300,300,300,300,300,300,300,300,300,300,300,300,
size:16
[agent] id:28
path:633,632,600,599,567,535,534,534,534,534,534,534,534,534,534,534,534,534,534,534,534,534,534,534,534,534,534,534,534,534,534,534,534,534,534,534,
goal:534,534,534,534,534,534,534,534,534,534,534,534,534,534,534,534,534,534,534,534,534,534,534,534,534,534,534,534,534,534,534,534,534,534,534,534,
size:6
[agent] id:29
path:1023,991,990,989,988,987,986,985,953,921,921,921,921,921,921,921,921,921,921,921,921,921,921,921,921,921,921,921,921,921,921,921,921,921,921,921,
goal:921,921,921,921,921,921,921,921,921,921,921,921,921,921,921,921,921,921,921,921,921,921,921,921,921,921,921,921,921,921,921,921,921,921,921,921,
size:9
SolutionCost:598
