[setting] seed:751
[solver] type:SASB-ECBS
[solver] w:2.000000
[solver] ID:0
[solver] Lowlevelnode:3891
[solver] Highlevelnode:19
[solver] ConflictCount:10
[solver] solved:1
[solver] elapsed:34
[solver] makespan:48
[problem] timesteplimit:15000
[problem] type:MAPF
[problem] agentnum:30
[graph] width:32
[graph] height:32
[graph] filename:./map/32by32_agents10_ex30.map
[task] id:8,start:0,end:0,service time:0,nodes:804,
[task] id:26,start:0,end:0,service time:0,nodes:871,
[task] id:4,start:0,end:0,service time:0,nodes:720,
[task] id:2,start:0,end:0,service time:0,nodes:1010,
[task] id:20,start:0,end:0,service time:0,nodes:181,
[task] id:9,start:0,end:0,service time:0,nodes:283,
[task] id:13,start:0,end:0,service time:0,nodes:309,
[task] id:16,start:0,end:0,service time:0,nodes:172,
[task] id:3,start:0,end:0,service time:0,nodes:494,
[task] id:6,start:0,end:0,service time:0,nodes:555,
[task] id:29,start:0,end:0,service time:0,nodes:486,
[task] id:1,start:0,end:0,service time:0,nodes:668,
[task] id:23,start:0,end:0,service time:0,nodes:264,
[task] id:5,start:0,end:0,service time:0,nodes:878,
[task] id:27,start:0,end:0,service time:0,nodes:644,
[task] id:0,start:0,end:0,service time:0,nodes:19,
[task] id:11,start:0,end:0,service time:0,nodes:931,
[task] id:12,start:0,end:0,service time:0,nodes:448,
[task] id:14,start:0,end:0,service time:0,nodes:273,
[task] id:22,start:0,end:0,service time:0,nodes:518,
[task] id:25,start:0,end:0,service time:0,nodes:963,
[task] id:28,start:0,end:0,service time:0,nodes:683,
[task] id:17,start:0,end:0,service time:0,nodes:985,
[task] id:10,start:0,end:0,service time:0,nodes:168,
[task] id:19,start:0,end:0,service time:0,nodes:810,
[task] id:21,start:0,end:0,service time:0,nodes:308,
[task] id:24,start:0,end:0,service time:0,nodes:318,
[task] id:18,start:0,end:0,service time:0,nodes:892,
[task] id:7,start:0,end:0,service time:0,nodes:872,
[task] id:15,start:0,end:0,service time:0,nodes:68,
[agent] id:0
path:623,591,559,527,528,529,497,465,433,401,369,337,305,273,241,209,177,145,113,81,49,17,18,19,19,19,19,19,19,19,19,19,19,19,19,19,19,19,19,19,19,19,19,19,19,19,19,19,19,
goal:19,19,19,19,19,19,19,19,19,19,19,19,19,19,19,19,19,19,19,19,19,19,19,19,19,19,19,19,19,19,19,19,19,19,19,19,19,19,19,19,19,19,19,19,19,19,19,19,19,
size:23
[agent] id:1
path:461,493,525,557,589,590,591,592,593,594,626,627,628,629,630,631,632,633,634,635,667,668,668,668,668,668,668,668,668,668,668,668,668,668,668,668,668,668,668,668,668,668,668,668,668,668,668,668,668,
goal:668,668,668,668,668,668,668,668,668,668,668,668,668,668,668,668,668,668,668,668,668,668,668,668,668,668,668,668,668,668,668,668,668,668,668,668,668,668,668,668,668,668,668,668,668,668,668,668,668,
size:21
[agent] id:2
path:1004,1005,1006,974,942,943,944,945,946,978,1010,1010,1010,1010,1010,1010,1010,1010,1010,1010,1010,1010,1010,1010,1010,1010,1010,1010,1010,1010,1010,1010,1010,1010,1010,1010,1010,1010,1010,1010,1010,1010,1010,1010,1010,1010,1010,1010,1010,
goal:1010,1010,1010,1010,1010,1010,1010,1010,1010,1010,1010,1010,1010,1010,1010,1010,1010,1010,1010,1010,1010,1010,1010,1010,1010,1010,1010,1010,1010,1010,1010,1010,1010,1010,1010,1010,1010,1010,1010,1010,1010,1010,1010,1010,1010,1010,1010,1010,1010,
size:10
[agent] id:3
path:144,143,143,142,174,206,205,204,236,268,300,332,364,396,428,460,461,493,494,494,494,494,494,494,494,494,494,494,494,494,494,494,494,494,494,494,494,494,494,494,494,494,494,494,494,494,494,494,494,
goal:494,494,494,494,494,494,494,494,494,494,494,494,494,494,494,494,494,494,494,494,494,494,494,494,494,494,494,494,494,494,494,494,494,494,494,494,494,494,494,494,494,494,494,494,494,494,494,494,494,
size:18
[agent] id:4
path:620,652,653,685,686,687,688,720,720,720,720,720,720,720,720,720,720,720,720,720,720,720,720,720,720,720,720,720,720,720,720,720,720,720,720,720,720,720,720,720,720,720,720,720,720,720,720,720,720,
goal:720,720,720,720,720,720,720,720,720,720,720,720,720,720,720,720,720,720,720,720,720,720,720,720,720,720,720,720,720,720,720,720,720,720,720,720,720,720,720,720,720,720,720,720,720,720,720,720,720,
size:7
[agent] id:5
path:702,734,766,798,797,796,795,794,793,825,824,823,855,887,886,885,884,883,882,881,880,879,878,878,878,878,878,878,878,878,878,878,878,878,878,878,878,878,878,878,878,878,878,878,878,878,878,878,878,
goal:878,878,878,878,878,878,878,878,878,878,878,878,878,878,878,878,878,878,878,878,878,878,878,878,878,878,878,878,878,878,878,878,878,878,878,878,878,878,878,878,878,878,878,878,878,878,878,878,878,
size:22
[agent] id:6
path:168,200,201,233,234,235,236,268,300,332,364,396,428,460,459,458,490,522,554,555,555,555,555,555,555,555,555,555,555,555,555,555,555,555,555,555,555,555,555,555,555,555,555,555,555,555,555,555,555,
goal:555,555,555,555,555,555,555,555,555,555,555,555,555,555,555,555,555,555,555,555,555,555,555,555,555,555,555,555,555,555,555,555,555,555,555,555,555,555,555,555,555,555,555,555,555,555,555,555,555,
size:19
[agent] id:7
path:123,155,187,219,218,217,216,248,280,312,344,376,408,407,439,438,470,469,501,533,565,597,629,661,693,725,724,723,755,754,786,818,850,849,848,847,846,845,844,843,842,841,840,872,872,872,872,872,872,
goal:872,872,872,872,872,872,872,872,872,872,872,872,872,872,872,872,872,872,872,872,872,872,872,872,872,872,872,872,872,872,872,872,872,872,872,872,872,872,872,872,872,872,872,872,872,872,872,872,872,
size:43
[agent] id:8
path:710,742,774,806,805,804,804,804,804,804,804,804,804,804,804,804,804,804,804,804,804,804,804,804,804,804,804,804,804,804,804,804,804,804,804,804,804,804,804,804,804,804,804,804,804,804,804,804,804,
goal:804,804,804,804,804,804,804,804,804,804,804,804,804,804,804,804,804,804,804,804,804,804,804,804,804,804,804,804,804,804,804,804,804,804,804,804,804,804,804,804,804,804,804,804,804,804,804,804,804,
size:5
[agent] id:9
path:158,190,222,223,255,287,286,285,317,316,315,283,283,283,283,283,283,283,283,283,283,283,283,283,283,283,283,283,283,283,283,283,283,283,283,283,283,283,283,283,283,283,283,283,283,283,283,283,283,
goal:283,283,283,283,283,283,283,283,283,283,283,283,283,283,283,283,283,283,283,283,283,283,283,283,283,283,283,283,283,283,283,283,283,283,283,283,283,283,283,283,283,283,283,283,283,283,283,283,283,
size:11
[agent] id:10
path:969,937,936,904,872,840,808,776,744,712,680,648,616,584,552,520,519,487,486,454,422,390,358,326,294,262,230,231,199,167,168,168,168,168,168,168,168,168,168,168,168,168,168,168,168,168,168,168,168,
goal:168,168,168,168,168,168,168,168,168,168,168,168,168,168,168,168,168,168,168,168,168,168,168,168,168,168,168,168,168,168,168,168,168,168,168,168,168,168,168,168,168,168,168,168,168,168,168,168,168,
size:30
[agent] id:11
path:256,288,320,352,384,416,448,480,512,544,576,577,609,641,673,705,737,738,770,802,803,835,867,899,931,931,931,931,931,931,931,931,931,931,931,931,931,931,931,931,931,931,931,931,931,931,931,931,931,
goal:931,931,931,931,931,931,931,931,931,931,931,931,931,931,931,931,931,931,931,931,931,931,931,931,931,931,931,931,931,931,931,931,931,931,931,931,931,931,931,931,931,931,931,931,931,931,931,931,931,
size:24
[agent] id:12
path:782,750,718,686,654,622,590,558,557,556,555,554,522,521,520,519,487,486,454,453,452,451,450,449,448,448,448,448,448,448,448,448,448,448,448,448,448,448,448,448,448,448,448,448,448,448,448,448,448,
goal:448,448,448,448,448,448,448,448,448,448,448,448,448,448,448,448,448,448,448,448,448,448,448,448,448,448,448,448,448,448,448,448,448,448,448,448,448,448,448,448,448,448,448,448,448,448,448,448,448,
size:24
[agent] id:13
path:78,110,142,174,206,207,239,271,303,304,305,306,307,308,309,309,309,309,309,309,309,309,309,309,309,309,309,309,309,309,309,309,309,309,309,309,309,309,309,309,309,309,309,309,309,309,309,309,309,
goal:309,309,309,309,309,309,309,309,309,309,309,309,309,309,309,309,309,309,309,309,309,309,309,309,309,309,309,309,309,309,309,309,309,309,309,309,309,309,309,309,309,309,309,309,309,309,309,309,309,
size:14
[agent] id:14
path:644,612,613,614,582,550,518,486,454,422,390,391,392,393,394,395,396,364,332,300,301,302,303,304,305,273,273,273,273,273,273,273,273,273,273,273,273,273,273,273,273,273,273,273,273,273,273,273,273,
goal:273,273,273,273,273,273,273,273,273,273,273,273,273,273,273,273,273,273,273,273,273,273,273,273,273,273,273,273,273,273,273,273,273,273,273,273,273,273,273,273,273,273,273,273,273,273,273,273,273,
size:25
[agent] id:15
path:860,859,858,857,825,793,792,760,728,696,664,632,600,599,567,566,565,564,563,531,499,467,435,403,402,401,369,337,305,304,303,271,239,207,206,205,204,203,171,139,107,75,74,73,72,71,70,69,68,
goal:68,68,68,68,68,68,68,68,68,68,68,68,68,68,68,68,68,68,68,68,68,68,68,68,68,68,68,68,68,68,68,68,68,68,68,68,68,68,68,68,68,68,68,68,68,68,68,68,68,
size:48
[agent] id:16
path:466,434,402,401,369,337,305,273,241,240,239,207,206,174,173,172,172,172,172,172,172,172,172,172,172,172,172,172,172,172,172,172,172,172,172,172,172,172,172,172,172,172,172,172,172,172,172,172,172,
goal:172,172,172,172,172,172,172,172,172,172,172,172,172,172,172,172,172,172,172,172,172,172,172,172,172,172,172,172,172,172,172,172,172,172,172,172,172,172,172,172,172,172,172,172,172,172,172,172,172,
size:15
[agent] id:17
path:276,308,309,341,373,405,437,469,501,533,565,597,629,661,693,725,757,758,759,791,823,855,887,919,920,952,984,985,985,985,985,985,985,985,985,985,985,985,985,985,985,985,985,985,985,985,985,985,985,
goal:985,985,985,985,985,985,985,985,985,985,985,985,985,985,985,985,985,985,985,985,985,985,985,985,985,985,985,985,985,985,985,985,985,985,985,985,985,985,985,985,985,985,985,985,985,985,985,985,985,
size:27
[agent] id:18
path:80,112,144,176,177,209,241,240,239,271,303,304,336,368,400,432,464,465,497,498,530,562,594,626,658,690,691,692,724,725,757,758,759,791,823,824,825,857,858,859,860,892,892,892,892,892,892,892,892,
goal:892,892,892,892,892,892,892,892,892,892,892,892,892,892,892,892,892,892,892,892,892,892,892,892,892,892,892,892,892,892,892,892,892,892,892,892,892,892,892,892,892,892,892,892,892,892,892,892,892,
size:41
[agent] id:19
path:82,114,146,178,210,242,274,306,305,337,336,368,400,432,464,465,497,529,561,593,592,591,623,655,687,686,718,717,716,715,747,779,811,810,810,810,810,810,810,810,810,810,810,810,810,810,810,810,810,
goal:810,810,810,810,810,810,810,810,810,810,810,810,810,810,810,810,810,810,810,810,810,810,810,810,810,810,810,810,810,810,810,810,810,810,810,810,810,810,810,810,810,810,810,810,810,810,810,810,810,
size:33
[agent] id:20
path:470,438,406,374,342,310,309,277,245,213,181,181,181,181,181,181,181,181,181,181,181,181,181,181,181,181,181,181,181,181,181,181,181,181,181,181,181,181,181,181,181,181,181,181,181,181,181,181,181,
goal:181,181,181,181,181,181,181,181,181,181,181,181,181,181,181,181,181,181,181,181,181,181,181,181,181,181,181,181,181,181,181,181,181,181,181,181,181,181,181,181,181,181,181,181,181,181,181,181,181,
size:10
[agent] id:21
path:988,956,924,892,860,859,858,857,825,824,792,760,728,696,664,632,600,599,567,535,534,533,501,469,468,467,435,403,402,401,369,337,305,306,307,308,308,308,308,308,308,308,308,308,308,308,308,308,308,
goal:308,308,308,308,308,308,308,308,308,308,308,308,308,308,308,308,308,308,308,308,308,308,308,308,308,308,308,308,308,308,308,308,308,308,308,308,308,308,308,308,308,308,308,308,308,308,308,308,308,
size:35
[agent] id:22
path:602,634,633,632,631,630,629,628,627,626,658,657,656,655,623,622,621,620,619,618,617,616,584,552,520,519,518,518,518,518,518,518,518,518,518,518,518,518,518,518,518,518,518,518,518,518,518,518,518,
goal:518,518,518,518,518,518,518,518,518,518,518,518,518,518,518,518,518,518,518,518,518,518,518,518,518,518,518,518,518,518,518,518,518,518,518,518,518,518,518,518,518,518,518,518,518,518,518,518,518,
size:26
[agent] id:23
path:182,214,213,212,211,243,242,241,240,239,207,206,205,204,203,202,201,200,199,231,263,264,264,264,264,264,264,264,264,264,264,264,264,264,264,264,264,264,264,264,264,264,264,264,264,264,264,264,264,
goal:264,264,264,264,264,264,264,264,264,264,264,264,264,264,264,264,264,264,264,264,264,264,264,264,264,264,264,264,264,264,264,264,264,264,264,264,264,264,264,264,264,264,264,264,264,264,264,264,264,
size:21
[agent] id:24
path:972,940,908,876,844,845,846,814,782,750,718,686,654,622,590,558,526,527,528,529,497,465,433,434,435,436,437,405,373,374,375,376,377,378,379,347,315,316,317,318,318,318,318,318,318,318,318,318,318,
goal:318,318,318,318,318,318,318,318,318,318,318,318,318,318,318,318,318,318,318,318,318,318,318,318,318,318,318,318,318,318,318,318,318,318,318,318,318,318,318,318,318,318,318,318,318,318,318,318,318,
size:39
[agent] id:25
path:593,592,591,623,655,654,686,718,717,716,715,747,779,811,843,875,907,939,938,937,936,935,967,966,965,964,963,963,963,963,963,963,963,963,963,963,963,963,963,963,963,963,963,963,963,963,963,963,963,
goal:963,963,963,963,963,963,963,963,963,963,963,963,963,963,963,963,963,963,963,963,963,963,963,963,963,963,963,963,963,963,963,963,963,963,963,963,963,963,963,963,963,963,963,963,963,963,963,963,963,
size:26
[agent] id:26
path:742,774,806,838,870,871,871,871,871,871,871,871,871,871,871,871,871,871,871,871,871,871,871,871,871,871,871,871,871,871,871,871,871,871,871,871,871,871,871,871,871,871,871,871,871,871,871,871,871,
goal:871,871,871,871,871,871,871,871,871,871,871,871,871,871,871,871,871,871,871,871,871,871,871,871,871,871,871,871,871,871,871,871,871,871,871,871,871,871,871,871,871,871,871,871,871,871,871,871,871,
size:5
[agent] id:27
path:163,162,161,193,225,257,258,290,322,354,353,385,417,449,450,482,514,515,547,579,611,643,644,644,644,644,644,644,644,644,644,644,644,644,644,644,644,644,644,644,644,644,644,644,644,644,644,644,644,
goal:644,644,644,644,644,644,644,644,644,644,644,644,644,644,644,644,644,644,644,644,644,644,644,644,644,644,644,644,644,644,644,644,644,644,644,644,644,644,644,644,644,644,644,644,644,644,644,644,644,
size:22
[agent] id:28
path:831,799,798,797,765,733,701,700,699,698,697,696,664,663,662,661,660,659,658,657,656,655,654,653,652,651,683,683,683,683,683,683,683,683,683,683,683,683,683,683,683,683,683,683,683,683,683,683,683,
goal:683,683,683,683,683,683,683,683,683,683,683,683,683,683,683,683,683,683,683,683,683,683,683,683,683,683,683,683,683,683,683,683,683,683,683,683,683,683,683,683,683,683,683,683,683,683,683,683,683,
size:26
[agent] id:29
path:65,66,67,68,69,101,133,165,197,229,261,293,294,326,358,390,422,454,453,485,486,486,486,486,486,486,486,486,486,486,486,486,486,486,486,486,486,486,486,486,486,486,486,486,486,486,486,486,486,
goal:486,486,486,486,486,486,486,486,486,486,486,486,486,486,486,486,486,486,486,486,486,486,486,486,486,486,486,486,486,486,486,486,486,486,486,486,486,486,486,486,486,486,486,486,486,486,486,486,486,
size:20
SolutionCost:690
