[setting] seed:785
[solver] type:SASB-ECBS
[solver] w:2.000000
[solver] ID:0
[solver] Lowlevelnode:15370
[solver] Highlevelnode:23
[solver] ConflictCount:12
[solver] solved:1
[solver] elapsed:80
[solver] makespan:55
[problem] timesteplimit:15000
[problem] type:MAPF
[problem] agentnum:30
[graph] width:32
[graph] height:32
[graph] filename:./map/32by32_agents10_ex30.map
[task] id:16,start:0,end:0,service time:0,nodes:313,
[task] id:20,start:0,end:0,service time:0,nodes:1005,
[task] id:13,start:0,end:0,service time:0,nodes:735,
[task] id:1,start:0,end:0,service time:0,nodes:41,
[task] id:21,start:0,end:0,service time:0,nodes:574,
[task] id:29,start:0,end:0,service time:0,nodes:136,
[task] id:4,start:0,end:0,service time:0,nodes:434,
[task] id:22,start:0,end:0,service time:0,nodes:485,
[task] id:0,start:0,end:0,service time:0,nodes:599,
[task] id:12,start:0,end:0,service time:0,nodes:64,
[task] id:25,start:0,end:0,service time:0,nodes:698,
[task] id:2,start:0,end:0,service time:0,nodes:536,
[task] id:15,start:0,end:0,service time:0,nodes:852,
[task] id:23,start:0,end:0,service time:0,nodes:302,
[task] id:27,start:0,end:0,service time:0,nodes:231,
[task] id:5,start:0,end:0,service time:0,nodes:331,
[task] id:14,start:0,end:0,service time:0,nodes:182,
[task] id:28,start:0,end:0,service time:0,nodes:631,
[task] id:3,start:0,end:0,service time:0,nodes:71,
[task] id:10,start:0,end:0,service time:0,nodes:42,
[task] id:11,start:0,end:0,service time:0,nodes:841,
[task] id:7,start:0,end:0,service time:0,nodes:166,
[task] id:26,start:0,end:0,service time:0,nodes:184,
[task] id:9,start:0,end:0,service time:0,nodes:734,
[task] id:19,start:0,end:0,service time:0,nodes:52,
[task] id:17,start:0,end:0,service time:0,nodes:21,
[task] id:18,start:0,end:0,service time:0,nodes:95,
[task] id:6,start:0,end:0,service time:0,nodes:152,
[task] id:8,start:0,end:0,service time:0,nodes:192,
[task] id:24,start:0,end:0,service time:0,nodes:255,
[agent] id:0
path:485,517,549,550,551,552,553,554,555,556,557,558,559,560,561,562,563,564,596,597,598,599,599,599,599,599,599,599,599,599,599,599,599,599,599,599,599,599,599,599,599,599,599,599,599,599,599,599,599,599,599,599,599,599,599,599,
goal:599,599,599,599,599,599,599,599,599,599,599,599,599,599,599,599,599,599,599,599,599,599,599,599,599,599,599,599,599,599,599,599,599,599,599,599,599,599,599,599,599,599,599,599,599,599,599,599,599,599,599,599,599,599,599,599,
size:21
[agent] id:1
path:391,359,358,326,294,262,230,231,199,167,135,103,71,39,40,41,41,41,41,41,41,41,41,41,41,41,41,41,41,41,41,41,41,41,41,41,41,41,41,41,41,41,41,41,41,41,41,41,41,41,41,41,41,41,41,41,
goal:41,41,41,41,41,41,41,41,41,41,41,41,41,41,41,41,41,41,41,41,41,41,41,41,41,41,41,41,41,41,41,41,41,41,41,41,41,41,41,41,41,41,41,41,41,41,41,41,41,41,41,41,41,41,41,41,
size:15
[agent] id:2
path:30,62,94,126,158,190,189,188,187,219,218,217,216,248,280,312,344,376,408,409,441,473,472,504,536,536,536,536,536,536,536,536,536,536,536,536,536,536,536,536,536,536,536,536,536,536,536,536,536,536,536,536,536,536,536,536,
goal:536,536,536,536,536,536,536,536,536,536,536,536,536,536,536,536,536,536,536,536,536,536,536,536,536,536,536,536,536,536,536,536,536,536,536,536,536,536,536,536,536,536,536,536,536,536,536,536,536,536,536,536,536,536,536,536,
size:24
[agent] id:3
path:443,442,410,409,377,345,344,312,311,310,309,308,307,306,274,242,241,240,239,207,206,174,173,172,140,139,107,75,74,73,72,71,71,71,71,71,71,71,71,71,71,71,71,71,71,71,71,71,71,71,71,71,71,71,71,71,
goal:71,71,71,71,71,71,71,71,71,71,71,71,71,71,71,71,71,71,71,71,71,71,71,71,71,71,71,71,71,71,71,71,71,71,71,71,71,71,71,71,71,71,71,71,71,71,71,71,71,71,71,71,71,71,71,71,
size:31
[agent] id:4
path:762,730,698,697,696,664,632,600,599,567,535,534,533,501,469,437,436,435,434,434,434,434,434,434,434,434,434,434,434,434,434,434,434,434,434,434,434,434,434,434,434,434,434,434,434,434,434,434,434,434,434,434,434,434,434,434,
goal:434,434,434,434,434,434,434,434,434,434,434,434,434,434,434,434,434,434,434,434,434,434,434,434,434,434,434,434,434,434,434,434,434,434,434,434,434,434,434,434,434,434,434,434,434,434,434,434,434,434,434,434,434,434,434,434,
size:18
[agent] id:5
path:760,728,696,664,632,600,599,567,566,565,564,563,531,530,529,528,527,526,494,493,461,429,397,396,364,332,331,331,331,331,331,331,331,331,331,331,331,331,331,331,331,331,331,331,331,331,331,331,331,331,331,331,331,331,331,331,
goal:331,331,331,331,331,331,331,331,331,331,331,331,331,331,331,331,331,331,331,331,331,331,331,331,331,331,331,331,331,331,331,331,331,331,331,331,331,331,331,331,331,331,331,331,331,331,331,331,331,331,331,331,331,331,331,331,
size:26
[agent] id:6
path:836,804,805,773,741,709,677,645,613,614,582,550,518,486,454,422,390,391,392,393,394,395,396,364,332,300,268,269,270,271,239,240,241,209,210,211,212,213,214,215,183,151,152,152,152,152,152,152,152,152,152,152,152,152,152,152,
goal:152,152,152,152,152,152,152,152,152,152,152,152,152,152,152,152,152,152,152,152,152,152,152,152,152,152,152,152,152,152,152,152,152,152,152,152,152,152,152,152,152,152,152,152,152,152,152,152,152,152,152,152,152,152,152,152,
size:42
[agent] id:7
path:1004,972,940,908,876,844,812,811,779,747,715,683,651,619,618,617,616,584,552,520,519,487,486,454,422,390,358,326,294,262,230,229,197,165,166,166,166,166,166,166,166,166,166,166,166,166,166,166,166,166,166,166,166,166,166,166,
goal:166,166,166,166,166,166,166,166,166,166,166,166,166,166,166,166,166,166,166,166,166,166,166,166,166,166,166,166,166,166,166,166,166,166,166,166,166,166,166,166,166,166,166,166,166,166,166,166,166,166,166,166,166,166,166,166,
size:34
[agent] id:8
path:822,821,853,852,851,819,818,786,754,722,690,658,626,594,562,530,529,528,527,526,494,493,461,429,397,396,395,394,393,392,391,359,358,326,294,262,261,260,259,258,257,225,193,192,192,192,192,192,192,192,192,192,192,192,192,192,
goal:192,192,192,192,192,192,192,192,192,192,192,192,192,192,192,192,192,192,192,192,192,192,192,192,192,192,192,192,192,192,192,192,192,192,192,192,192,192,192,192,192,192,192,192,192,192,192,192,192,192,192,192,192,192,192,192,
size:43
[agent] id:9
path:201,233,234,235,236,268,300,332,364,396,428,460,461,493,525,557,589,590,591,592,593,594,626,627,628,629,630,631,632,633,634,635,667,699,700,701,733,734,734,734,734,734,734,734,734,734,734,734,734,734,734,734,734,734,734,734,
goal:734,734,734,734,734,734,734,734,734,734,734,734,734,734,734,734,734,734,734,734,734,734,734,734,734,734,734,734,734,734,734,734,734,734,734,734,734,734,734,734,734,734,734,734,734,734,734,734,734,734,734,734,734,734,734,734,
size:37
[agent] id:10
path:285,317,349,381,380,379,378,377,345,344,312,311,310,309,308,307,306,274,242,241,240,239,207,206,174,173,172,140,139,107,75,74,42,42,42,42,42,42,42,42,42,42,42,42,42,42,42,42,42,42,42,42,42,42,42,42,
goal:42,42,42,42,42,42,42,42,42,42,42,42,42,42,42,42,42,42,42,42,42,42,42,42,42,42,42,42,42,42,42,42,42,42,42,42,42,42,42,42,42,42,42,42,42,42,42,42,42,42,42,42,42,42,42,42,
size:32
[agent] id:11
path:312,344,376,408,407,439,438,470,469,501,533,565,597,629,661,693,725,724,723,755,754,786,818,850,849,848,847,846,845,844,843,842,841,841,841,841,841,841,841,841,841,841,841,841,841,841,841,841,841,841,841,841,841,841,841,841,
goal:841,841,841,841,841,841,841,841,841,841,841,841,841,841,841,841,841,841,841,841,841,841,841,841,841,841,841,841,841,841,841,841,841,841,841,841,841,841,841,841,841,841,841,841,841,841,841,841,841,841,841,841,841,841,841,841,
size:32
[agent] id:12
path:489,457,456,424,392,391,359,358,326,294,262,230,229,197,165,133,101,69,68,67,66,65,64,64,64,64,64,64,64,64,64,64,64,64,64,64,64,64,64,64,64,64,64,64,64,64,64,64,64,64,64,64,64,64,64,64,
goal:64,64,64,64,64,64,64,64,64,64,64,64,64,64,64,64,64,64,64,64,64,64,64,64,64,64,64,64,64,64,64,64,64,64,64,64,64,64,64,64,64,64,64,64,64,64,64,64,64,64,64,64,64,64,64,64,
size:22
[agent] id:13
path:693,725,726,727,728,729,730,731,699,700,701,733,734,735,735,735,735,735,735,735,735,735,735,735,735,735,735,735,735,735,735,735,735,735,735,735,735,735,735,735,735,735,735,735,735,735,735,735,735,735,735,735,735,735,735,735,
goal:735,735,735,735,735,735,735,735,735,735,735,735,735,735,735,735,735,735,735,735,735,735,735,735,735,735,735,735,735,735,735,735,735,735,735,735,735,735,735,735,735,735,735,735,735,735,735,735,735,735,735,735,735,735,735,735,
size:13
[agent] id:14
path:716,717,685,653,621,589,557,525,526,527,528,529,497,465,433,401,369,337,305,273,241,209,210,211,212,213,181,182,182,182,182,182,182,182,182,182,182,182,182,182,182,182,182,182,182,182,182,182,182,182,182,182,182,182,182,182,
goal:182,182,182,182,182,182,182,182,182,182,182,182,182,182,182,182,182,182,182,182,182,182,182,182,182,182,182,182,182,182,182,182,182,182,182,182,182,182,182,182,182,182,182,182,182,182,182,182,182,182,182,182,182,182,182,182,
size:27
[agent] id:15
path:381,380,379,378,410,442,474,473,472,504,536,535,567,599,631,663,695,727,759,791,823,855,854,853,852,852,852,852,852,852,852,852,852,852,852,852,852,852,852,852,852,852,852,852,852,852,852,852,852,852,852,852,852,852,852,852,
goal:852,852,852,852,852,852,852,852,852,852,852,852,852,852,852,852,852,852,852,852,852,852,852,852,852,852,852,852,852,852,852,852,852,852,852,852,852,852,852,852,852,852,852,852,852,852,852,852,852,852,852,852,852,852,852,852,
size:24
[agent] id:16
path:309,310,311,312,313,313,313,313,313,313,313,313,313,313,313,313,313,313,313,313,313,313,313,313,313,313,313,313,313,313,313,313,313,313,313,313,313,313,313,313,313,313,313,313,313,313,313,313,313,313,313,313,313,313,313,313,
goal:313,313,313,313,313,313,313,313,313,313,313,313,313,313,313,313,313,313,313,313,313,313,313,313,313,313,313,313,313,313,313,313,313,313,313,313,313,313,313,313,313,313,313,313,313,313,313,313,313,313,313,313,313,313,313,313,
size:4
[agent] id:17
path:810,778,779,747,747,715,683,651,619,620,621,589,557,558,559,560,561,529,497,498,466,465,433,401,369,337,305,273,241,209,177,145,113,81,49,17,18,19,20,21,21,21,21,21,21,21,21,21,21,21,21,21,21,21,21,21,
goal:21,21,21,21,21,21,21,21,21,21,21,21,21,21,21,21,21,21,21,21,21,21,21,21,21,21,21,21,21,21,21,21,21,21,21,21,21,21,21,21,21,21,21,21,21,21,21,21,21,21,21,21,21,21,21,21,
size:39
[agent] id:18
path:816,848,849,850,818,786,754,722,690,658,626,594,562,563,531,499,467,468,436,437,405,373,341,309,277,245,213,214,215,183,151,119,87,88,89,90,91,92,93,94,95,95,95,95,95,95,95,95,95,95,95,95,95,95,95,95,
goal:95,95,95,95,95,95,95,95,95,95,95,95,95,95,95,95,95,95,95,95,95,95,95,95,95,95,95,95,95,95,95,95,95,95,95,95,95,95,95,95,95,95,95,95,95,95,95,95,95,95,95,95,95,95,95,95,
size:40
[agent] id:19
path:1016,984,952,920,888,887,855,823,791,759,727,695,663,631,630,598,566,534,533,501,469,437,405,373,341,309,277,245,213,214,215,183,151,119,87,55,54,53,52,52,52,52,52,52,52,52,52,52,52,52,52,52,52,52,52,52,
goal:52,52,52,52,52,52,52,52,52,52,52,52,52,52,52,52,52,52,52,52,52,52,52,52,52,52,52,52,52,52,52,52,52,52,52,52,52,52,52,52,52,52,52,52,52,52,52,52,52,52,52,52,52,52,52,52,
size:38
[agent] id:20
path:949,948,980,979,978,946,945,944,943,942,974,1006,1005,1005,1005,1005,1005,1005,1005,1005,1005,1005,1005,1005,1005,1005,1005,1005,1005,1005,1005,1005,1005,1005,1005,1005,1005,1005,1005,1005,1005,1005,1005,1005,1005,1005,1005,1005,1005,1005,1005,1005,1005,1005,1005,1005,
goal:1005,1005,1005,1005,1005,1005,1005,1005,1005,1005,1005,1005,1005,1005,1005,1005,1005,1005,1005,1005,1005,1005,1005,1005,1005,1005,1005,1005,1005,1005,1005,1005,1005,1005,1005,1005,1005,1005,1005,1005,1005,1005,1005,1005,1005,1005,1005,1005,1005,1005,1005,1005,1005,1005,1005,1005,
size:12
[agent] id:21
path:592,593,594,626,627,628,629,630,631,632,633,634,602,603,604,605,573,574,574,574,574,574,574,574,574,574,574,574,574,574,574,574,574,574,574,574,574,574,574,574,574,574,574,574,574,574,574,574,574,574,574,574,574,574,574,574,
goal:574,574,574,574,574,574,574,574,574,574,574,574,574,574,574,574,574,574,574,574,574,574,574,574,574,574,574,574,574,574,574,574,574,574,574,574,574,574,574,574,574,574,574,574,574,574,574,574,574,574,574,574,574,574,574,574,
size:17
[agent] id:22
path:594,562,561,560,559,558,558,557,556,524,556,555,554,522,521,520,519,487,486,485,485,485,485,485,485,485,485,485,485,485,485,485,485,485,485,485,485,485,485,485,485,485,485,485,485,485,485,485,485,485,485,485,485,485,485,485,
goal:485,485,485,485,485,485,485,485,485,485,485,485,485,485,485,485,485,485,485,485,485,485,485,485,485,485,485,485,485,485,485,485,485,485,485,485,485,485,485,485,485,485,485,485,485,485,485,485,485,485,485,485,485,485,485,485,
size:19
[agent] id:23
path:806,774,742,710,678,646,614,582,550,518,486,454,422,390,391,392,393,394,395,396,364,332,300,301,302,302,302,302,302,302,302,302,302,302,302,302,302,302,302,302,302,302,302,302,302,302,302,302,302,302,302,302,302,302,302,302,
goal:302,302,302,302,302,302,302,302,302,302,302,302,302,302,302,302,302,302,302,302,302,302,302,302,302,302,302,302,302,302,302,302,302,302,302,302,302,302,302,302,302,302,302,302,302,302,302,302,302,302,302,302,302,302,302,302,
size:24
[agent] id:24
path:864,896,928,929,930,898,866,867,835,803,771,739,707,708,676,644,612,613,614,582,550,551,552,553,554,555,556,524,525,526,527,528,529,497,465,466,467,435,436,437,405,373,374,375,376,377,378,379,347,315,316,317,285,286,287,255,
goal:255,255,255,255,255,255,255,255,255,255,255,255,255,255,255,255,255,255,255,255,255,255,255,255,255,255,255,255,255,255,255,255,255,255,255,255,255,255,255,255,255,255,255,255,255,255,255,255,255,255,255,255,255,255,255,255,
size:55
[agent] id:25
path:744,712,680,648,649,650,651,652,653,654,655,656,657,658,659,660,661,662,663,695,696,697,698,698,698,698,698,698,698,698,698,698,698,698,698,698,698,698,698,698,698,698,698,698,698,698,698,698,698,698,698,698,698,698,698,698,
goal:698,698,698,698,698,698,698,698,698,698,698,698,698,698,698,698,698,698,698,698,698,698,698,698,698,698,698,698,698,698,698,698,698,698,698,698,698,698,698,698,698,698,698,698,698,698,698,698,698,698,698,698,698,698,698,698,
size:22
[agent] id:26
path:926,894,893,861,860,859,858,857,825,793,792,760,728,696,664,632,600,599,567,535,534,533,501,469,437,405,373,341,309,277,245,213,214,215,183,184,184,184,184,184,184,184,184,184,184,184,184,184,184,184,184,184,184,184,184,184,
goal:184,184,184,184,184,184,184,184,184,184,184,184,184,184,184,184,184,184,184,184,184,184,184,184,184,184,184,184,184,184,184,184,184,184,184,184,184,184,184,184,184,184,184,184,184,184,184,184,184,184,184,184,184,184,184,184,
size:35
[agent] id:27
path:155,187,219,218,217,216,215,214,213,212,211,243,242,241,240,239,207,206,205,204,203,202,201,200,199,231,231,231,231,231,231,231,231,231,231,231,231,231,231,231,231,231,231,231,231,231,231,231,231,231,231,231,231,231,231,231,
goal:231,231,231,231,231,231,231,231,231,231,231,231,231,231,231,231,231,231,231,231,231,231,231,231,231,231,231,231,231,231,231,231,231,231,231,231,231,231,231,231,231,231,231,231,231,231,231,231,231,231,231,231,231,231,231,231,
size:25
[agent] id:28
path:13,45,77,78,110,142,174,206,207,239,271,303,304,336,368,400,432,464,465,497,529,561,593,594,626,627,628,629,630,631,631,631,631,631,631,631,631,631,631,631,631,631,631,631,631,631,631,631,631,631,631,631,631,631,631,631,
goal:631,631,631,631,631,631,631,631,631,631,631,631,631,631,631,631,631,631,631,631,631,631,631,631,631,631,631,631,631,631,631,631,631,631,631,631,631,631,631,631,631,631,631,631,631,631,631,631,631,631,631,631,631,631,631,631,
size:29
[agent] id:29
path:583,551,519,487,486,454,422,390,358,326,294,262,230,231,199,167,135,136,136,136,136,136,136,136,136,136,136,136,136,136,136,136,136,136,136,136,136,136,136,136,136,136,136,136,136,136,136,136,136,136,136,136,136,136,136,136,
goal:136,136,136,136,136,136,136,136,136,136,136,136,136,136,136,136,136,136,136,136,136,136,136,136,136,136,136,136,136,136,136,136,136,136,136,136,136,136,136,136,136,136,136,136,136,136,136,136,136,136,136,136,136,136,136,136,
size:17
SolutionCost:817
