[setting] seed:4805
[solver] type:SASB-ECBS
[solver] w:2.000000
[solver] ID:0
[solver] Lowlevelnode:9413
[solver] Highlevelnode:21
[solver] ConflictCount:11
[solver] solved:1
[solver] elapsed:62
[solver] makespan:43
[problem] timesteplimit:15000
[problem] type:MAPF
[problem] agentnum:30
[graph] width:32
[graph] height:32
[graph] filename:./map/32by32_agents10_ex30.map
[task] id:2,start:0,end:0,service time:0,nodes:967,
[task] id:11,start:0,end:0,service time:0,nodes:522,
[task] id:29,start:0,end:0,service time:0,nodes:806,
[task] id:10,start:0,end:0,service time:0,nodes:309,
[task] id:23,start:0,end:0,service time:0,nodes:426,
[task] id:25,start:0,end:0,service time:0,nodes:293,
[task] id:13,start:0,end:0,service time:0,nodes:127,
[task] id:19,start:0,end:0,service time:0,nodes:456,
[task] id:0,start:0,end:0,service time:0,nodes:609,
[task] id:5,start:0,end:0,service time:0,nodes:466,
[task] id:9,start:0,end:0,service time:0,nodes:248,
[task] id:12,start:0,end:0,service time:0,nodes:901,
[task] id:14,start:0,end:0,service time:0,nodes:99,
[task] id:21,start:0,end:0,service time:0,nodes:498,
[task] id:3,start:0,end:0,service time:0,nodes:914,
[task] id:22,start:0,end:0,service time:0,nodes:22,
[task] id:27,start:0,end:0,service time:0,nodes:913,
[task] id:8,start:0,end:0,service time:0,nodes:292,
[task] id:15,start:0,end:0,service time:0,nodes:504,
[task] id:4,start:0,end:0,service time:0,nodes:851,
[task] id:6,start:0,end:0,service time:0,nodes:305,
[task] id:7,start:0,end:0,service time:0,nodes:454,
[task] id:28,start:0,end:0,service time:0,nodes:940,
[task] id:17,start:0,end:0,service time:0,nodes:900,
[task] id:16,start:0,end:0,service time:0,nodes:17,
[task] id:24,start:0,end:0,service time:0,nodes:473,
[task] id:18,start:0,end:0,service time:0,nodes:177,
[task] id:1,start:0,end:0,service time:0,nodes:410,
[task] id:26,start:0,end:0,service time:0,nodes:642,
[task] id:20,start:0,end:0,service time:0,nodes:920,
[agent] id:0
path:840,808,776,744,712,680,648,616,615,614,613,612,611,610,609,609,609,609,609,609,609,609,609,609,609,609,609,609,609,609,609,609,609,609,609,609,609,609,609,609,609,609,609,609,
goal:609,609,609,609,609,609,609,609,609,609,609,609,609,609,609,609,609,609,609,609,609,609,609,609,609,609,609,609,609,609,609,609,609,609,609,609,609,609,609,609,609,609,609,609,
size:14
[agent] id:1
path:161,193,225,257,258,259,227,228,229,230,231,199,200,201,233,234,235,236,268,300,301,302,303,304,336,368,400,432,433,434,435,436,437,405,406,407,408,409,410,410,410,410,410,410,
goal:410,410,410,410,410,410,410,410,410,410,410,410,410,410,410,410,410,410,410,410,410,410,410,410,410,410,410,410,410,410,410,410,410,410,410,410,410,410,410,410,410,410,410,410,
size:38
[agent] id:2
path:940,939,938,937,936,935,967,967,967,967,967,967,967,967,967,967,967,967,967,967,967,967,967,967,967,967,967,967,967,967,967,967,967,967,967,967,967,967,967,967,967,967,967,967,
goal:967,967,967,967,967,967,967,967,967,967,967,967,967,967,967,967,967,967,967,967,967,967,967,967,967,967,967,967,967,967,967,967,967,967,967,967,967,967,967,967,967,967,967,967,
size:6
[agent] id:3
path:742,774,806,838,839,840,841,842,874,875,876,877,878,879,911,912,913,914,914,914,914,914,914,914,914,914,914,914,914,914,914,914,914,914,914,914,914,914,914,914,914,914,914,914,
goal:914,914,914,914,914,914,914,914,914,914,914,914,914,914,914,914,914,914,914,914,914,914,914,914,914,914,914,914,914,914,914,914,914,914,914,914,914,914,914,914,914,914,914,914,
size:17
[agent] id:4
path:379,378,410,442,474,473,472,504,536,535,567,599,631,663,695,727,759,791,823,855,854,853,852,851,851,851,851,851,851,851,851,851,851,851,851,851,851,851,851,851,851,851,851,851,
goal:851,851,851,851,851,851,851,851,851,851,851,851,851,851,851,851,851,851,851,851,851,851,851,851,851,851,851,851,851,851,851,851,851,851,851,851,851,851,851,851,851,851,851,851,
size:23
[agent] id:5
path:728,696,664,632,600,599,567,535,534,533,501,469,468,467,466,466,466,466,466,466,466,466,466,466,466,466,466,466,466,466,466,466,466,466,466,466,466,466,466,466,466,466,466,466,
goal:466,466,466,466,466,466,466,466,466,466,466,466,466,466,466,466,466,466,466,466,466,466,466,466,466,466,466,466,466,466,466,466,466,466,466,466,466,466,466,466,466,466,466,466,
size:14
[agent] id:6
path:857,825,793,792,760,728,696,664,632,600,599,598,566,534,533,501,469,437,436,435,403,402,401,369,337,305,305,305,305,305,305,305,305,305,305,305,305,305,305,305,305,305,305,305,
goal:305,305,305,305,305,305,305,305,305,305,305,305,305,305,305,305,305,305,305,305,305,305,305,305,305,305,305,305,305,305,305,305,305,305,305,305,305,305,305,305,305,305,305,305,
size:25
[agent] id:7
path:823,791,759,727,695,663,631,599,567,566,565,564,563,562,561,560,559,558,557,556,555,554,553,521,520,519,487,486,454,454,454,454,454,454,454,454,454,454,454,454,454,454,454,454,
goal:454,454,454,454,454,454,454,454,454,454,454,454,454,454,454,454,454,454,454,454,454,454,454,454,454,454,454,454,454,454,454,454,454,454,454,454,454,454,454,454,454,454,454,454,
size:28
[agent] id:8
path:706,705,673,641,609,577,545,513,512,480,448,416,384,352,320,288,256,257,258,259,260,292,292,292,292,292,292,292,292,292,292,292,292,292,292,292,292,292,292,292,292,292,292,292,
goal:292,292,292,292,292,292,292,292,292,292,292,292,292,292,292,292,292,292,292,292,292,292,292,292,292,292,292,292,292,292,292,292,292,292,292,292,292,292,292,292,292,292,292,292,
size:21
[agent] id:9
path:530,498,466,434,435,436,437,405,373,341,342,310,311,279,247,248,248,248,248,248,248,248,248,248,248,248,248,248,248,248,248,248,248,248,248,248,248,248,248,248,248,248,248,248,
goal:248,248,248,248,248,248,248,248,248,248,248,248,248,248,248,248,248,248,248,248,248,248,248,248,248,248,248,248,248,248,248,248,248,248,248,248,248,248,248,248,248,248,248,248,
size:15
[agent] id:10
path:534,533,501,469,437,405,373,341,309,309,309,309,309,309,309,309,309,309,309,309,309,309,309,309,309,309,309,309,309,309,309,309,309,309,309,309,309,309,309,309,309,309,309,309,
goal:309,309,309,309,309,309,309,309,309,309,309,309,309,309,309,309,309,309,309,309,309,309,309,309,309,309,309,309,309,309,309,309,309,309,309,309,309,309,309,309,309,309,309,309,
size:8
[agent] id:11
path:617,616,584,552,520,521,522,522,522,522,522,522,522,522,522,522,522,522,522,522,522,522,522,522,522,522,522,522,522,522,522,522,522,522,522,522,522,522,522,522,522,522,522,522,
goal:522,522,522,522,522,522,522,522,522,522,522,522,522,522,522,522,522,522,522,522,522,522,522,522,522,522,522,522,522,522,522,522,522,522,522,522,522,522,522,522,522,522,522,522,
size:6
[agent] id:12
path:914,913,912,911,943,942,941,940,939,938,937,936,935,934,902,901,901,901,901,901,901,901,901,901,901,901,901,901,901,901,901,901,901,901,901,901,901,901,901,901,901,901,901,901,
goal:901,901,901,901,901,901,901,901,901,901,901,901,901,901,901,901,901,901,901,901,901,901,901,901,901,901,901,901,901,901,901,901,901,901,901,901,901,901,901,901,901,901,901,901,
size:15
[agent] id:13
path:216,184,185,186,187,188,189,190,158,126,127,127,127,127,127,127,127,127,127,127,127,127,127,127,127,127,127,127,127,127,127,127,127,127,127,127,127,127,127,127,127,127,127,127,
goal:127,127,127,127,127,127,127,127,127,127,127,127,127,127,127,127,127,127,127,127,127,127,127,127,127,127,127,127,127,127,127,127,127,127,127,127,127,127,127,127,127,127,127,127,
size:10
[agent] id:14
path:389,357,358,326,294,262,230,229,197,165,133,101,69,68,67,99,99,99,99,99,99,99,99,99,99,99,99,99,99,99,99,99,99,99,99,99,99,99,99,99,99,99,99,99,
goal:99,99,99,99,99,99,99,99,99,99,99,99,99,99,99,99,99,99,99,99,99,99,99,99,99,99,99,99,99,99,99,99,99,99,99,99,99,99,99,99,99,99,99,99,
size:15
[agent] id:15
path:911,879,847,848,849,850,818,786,754,722,690,658,626,594,562,563,564,565,533,534,535,503,504,504,504,504,504,504,504,504,504,504,504,504,504,504,504,504,504,504,504,504,504,504,
goal:504,504,504,504,504,504,504,504,504,504,504,504,504,504,504,504,504,504,504,504,504,504,504,504,504,504,504,504,504,504,504,504,504,504,504,504,504,504,504,504,504,504,504,504,
size:22
[agent] id:16
path:847,848,849,850,818,786,754,722,690,658,626,594,562,530,498,499,467,435,403,402,401,369,337,305,273,241,209,177,145,113,81,49,17,17,17,17,17,17,17,17,17,17,17,17,
goal:17,17,17,17,17,17,17,17,17,17,17,17,17,17,17,17,17,17,17,17,17,17,17,17,17,17,17,17,17,17,17,17,17,17,17,17,17,17,17,17,17,17,17,17,
size:32
[agent] id:17
path:294,326,326,294,293,293,294,326,358,390,390,422,454,486,518,550,582,614,646,678,710,742,774,773,805,837,836,835,867,899,900,900,900,900,900,900,900,900,900,900,900,900,900,900,
goal:900,900,900,900,900,900,900,900,900,900,900,900,900,900,900,900,900,900,900,900,900,900,900,900,900,900,900,900,900,900,900,900,900,900,900,900,900,900,900,900,900,900,900,900,
size:30
[agent] id:18
path:969,970,971,939,907,875,843,811,779,747,715,683,651,619,620,621,589,557,525,493,461,429,397,396,364,332,300,268,269,270,271,239,240,241,209,177,177,177,177,177,177,177,177,177,
goal:177,177,177,177,177,177,177,177,177,177,177,177,177,177,177,177,177,177,177,177,177,177,177,177,177,177,177,177,177,177,177,177,177,177,177,177,177,177,177,177,177,177,177,177,
size:35
[agent] id:19
path:257,258,290,322,354,355,356,357,389,421,422,423,424,456,456,456,456,456,456,456,456,456,456,456,456,456,456,456,456,456,456,456,456,456,456,456,456,456,456,456,456,456,456,456,
goal:456,456,456,456,456,456,456,456,456,456,456,456,456,456,456,456,456,456,456,456,456,456,456,456,456,456,456,456,456,456,456,456,456,456,456,456,456,456,456,456,456,456,456,456,
size:13
[agent] id:20
path:288,320,352,384,416,448,480,512,544,576,577,609,641,673,705,737,738,770,802,803,835,836,837,838,839,840,841,842,874,875,876,877,878,879,880,881,882,883,884,885,886,918,919,920,
goal:920,920,920,920,920,920,920,920,920,920,920,920,920,920,920,920,920,920,920,920,920,920,920,920,920,920,920,920,920,920,920,920,920,920,920,920,920,920,920,920,920,920,920,920,
size:43
[agent] id:21
path:391,423,424,456,457,458,459,460,461,493,494,526,527,528,529,497,498,498,498,498,498,498,498,498,498,498,498,498,498,498,498,498,498,498,498,498,498,498,498,498,498,498,498,498,
goal:498,498,498,498,498,498,498,498,498,498,498,498,498,498,498,498,498,498,498,498,498,498,498,498,498,498,498,498,498,498,498,498,498,498,498,498,498,498,498,498,498,498,498,498,
size:16
[agent] id:22
path:300,268,236,204,172,173,174,142,110,78,79,80,48,49,17,18,19,20,21,22,22,22,22,22,22,22,22,22,22,22,22,22,22,22,22,22,22,22,22,22,22,22,22,22,
goal:22,22,22,22,22,22,22,22,22,22,22,22,22,22,22,22,22,22,22,22,22,22,22,22,22,22,22,22,22,22,22,22,22,22,22,22,22,22,22,22,22,22,22,22,
size:19
[agent] id:23
path:517,518,519,520,521,489,457,458,426,426,426,426,426,426,426,426,426,426,426,426,426,426,426,426,426,426,426,426,426,426,426,426,426,426,426,426,426,426,426,426,426,426,426,426,
goal:426,426,426,426,426,426,426,426,426,426,426,426,426,426,426,426,426,426,426,426,426,426,426,426,426,426,426,426,426,426,426,426,426,426,426,426,426,426,426,426,426,426,426,426,
size:8
[agent] id:24
path:418,419,420,421,422,423,424,456,457,458,459,460,461,493,525,526,527,528,529,530,531,499,500,501,469,437,405,406,407,408,409,441,473,473,473,473,473,473,473,473,473,473,473,473,
goal:473,473,473,473,473,473,473,473,473,473,473,473,473,473,473,473,473,473,473,473,473,473,473,473,473,473,473,473,473,473,473,473,473,473,473,473,473,473,473,473,473,473,473,473,
size:32
[agent] id:25
path:136,168,200,199,231,263,262,294,293,293,293,293,293,293,293,293,293,293,293,293,293,293,293,293,293,293,293,293,293,293,293,293,293,293,293,293,293,293,293,293,293,293,293,293,
goal:293,293,293,293,293,293,293,293,293,293,293,293,293,293,293,293,293,293,293,293,293,293,293,293,293,293,293,293,293,293,293,293,293,293,293,293,293,293,293,293,293,293,293,293,
size:8
[agent] id:26
path:86,54,53,52,84,83,115,114,146,178,210,242,274,306,305,337,369,401,433,465,497,529,561,593,592,591,623,655,654,653,652,651,650,649,648,647,646,645,644,643,642,642,642,642,
goal:642,642,642,642,642,642,642,642,642,642,642,642,642,642,642,642,642,642,642,642,642,642,642,642,642,642,642,642,642,642,642,642,642,642,642,642,642,642,642,642,642,642,642,642,
size:40
[agent] id:27
path:615,647,679,711,743,775,807,839,840,841,842,874,875,876,877,878,879,911,912,913,913,913,913,913,913,913,913,913,913,913,913,913,913,913,913,913,913,913,913,913,913,913,913,913,
goal:913,913,913,913,913,913,913,913,913,913,913,913,913,913,913,913,913,913,913,913,913,913,913,913,913,913,913,913,913,913,913,913,913,913,913,913,913,913,913,913,913,913,913,913,
size:19
[agent] id:28
path:374,406,438,470,469,501,533,565,597,629,661,693,725,724,723,755,754,786,818,850,882,881,880,912,944,943,942,941,940,940,940,940,940,940,940,940,940,940,940,940,940,940,940,940,
goal:940,940,940,940,940,940,940,940,940,940,940,940,940,940,940,940,940,940,940,940,940,940,940,940,940,940,940,940,940,940,940,940,940,940,940,940,940,940,940,940,940,940,940,940,
size:28
[agent] id:29
path:644,676,708,709,741,773,805,806,806,806,806,806,806,806,806,806,806,806,806,806,806,806,806,806,806,806,806,806,806,806,806,806,806,806,806,806,806,806,806,806,806,806,806,806,
goal:806,806,806,806,806,806,806,806,806,806,806,806,806,806,806,806,806,806,806,806,806,806,806,806,806,806,806,806,806,806,806,806,806,806,806,806,806,806,806,806,806,806,806,806,
size:7
SolutionCost:607
