[setting] seed:27297
[solver] type:SASB-ECBS
[solver] w:2.000000
[solver] ID:0
[solver] Lowlevelnode:9511
[solver] Highlevelnode:25
[solver] ConflictCount:13
[solver] solved:1
[solver] elapsed:65
[solver] makespan:39
[problem] timesteplimit:15000
[problem] type:MAPF
[problem] agentnum:30
[graph] width:32
[graph] height:32
[graph] filename:./map/32by32_agents10_ex30.map
[task] id:21,start:0,end:0,service time:0,nodes:285,
[task] id:6,start:0,end:0,service time:0,nodes:934,
[task] id:19,start:0,end:0,service time:0,nodes:288,
[task] id:24,start:0,end:0,service time:0,nodes:300,
[task] id:3,start:0,end:0,service time:0,nodes:1004,
[task] id:4,start:0,end:0,service time:0,nodes:467,
[task] id:10,start:0,end:0,service time:0,nodes:686,
[task] id:27,start:0,end:0,service time:0,nodes:798,
[task] id:30,start:0,end:0,service time:0,nodes:300,
[task] id:0,start:0,end:0,service time:0,nodes:341,
[task] id:28,start:0,end:0,service time:0,nodes:661,
[task] id:7,start:0,end:0,service time:0,nodes:328,
[task] id:9,start:0,end:0,service time:0,nodes:762,
[task] id:11,start:0,end:0,service time:0,nodes:390,
[task] id:14,start:0,end:0,service time:0,nodes:311,
[task] id:1,start:0,end:0,service time:0,nodes:486,
[task] id:2,start:0,end:0,service time:0,nodes:74,
[task] id:22,start:0,end:0,service time:0,nodes:904,
[task] id:26,start:0,end:0,service time:0,nodes:143,
[task] id:13,start:0,end:0,service time:0,nodes:374,
[task] id:20,start:0,end:0,service time:0,nodes:274,
[task] id:17,start:0,end:0,service time:0,nodes:73,
[task] id:18,start:0,end:0,service time:0,nodes:803,
[task] id:15,start:0,end:0,service time:0,nodes:683,
[task] id:25,start:0,end:0,service time:0,nodes:535,
[task] id:16,start:0,end:0,service time:0,nodes:874,
[task] id:5,start:0,end:0,service time:0,nodes:579,
[task] id:12,start:0,end:0,service time:0,nodes:313,
[task] id:8,start:0,end:0,service time:0,nodes:67,
[task] id:23,start:0,end:0,service time:0,nodes:979,
[task] id:29,start:0,end:0,service time:0,nodes:830,
[agent] id:0
path:728,696,664,632,600,599,567,535,534,533,501,469,437,405,373,341,341,341,341,341,341,341,341,341,341,341,341,341,341,341,341,341,341,341,341,341,341,341,341,341,
goal:341,341,341,341,341,341,341,341,341,341,341,341,341,341,341,341,341,341,341,341,341,341,341,341,341,341,341,341,341,341,341,341,341,341,341,341,341,341,341,341,
size:15
[agent] id:1
path:437,469,501,500,499,498,497,529,528,527,526,525,524,556,555,554,522,521,520,519,487,486,486,486,486,486,486,486,486,486,486,486,486,486,486,486,486,486,486,486,
goal:486,486,486,486,486,486,486,486,486,486,486,486,486,486,486,486,486,486,486,486,486,486,486,486,486,486,486,486,486,486,486,486,486,486,486,486,486,486,486,486,
size:21
[agent] id:2
path:120,88,87,86,54,53,52,84,83,82,81,80,79,78,77,45,44,12,11,10,42,74,74,74,74,74,74,74,74,74,74,74,74,74,74,74,74,74,74,74,
goal:74,74,74,74,74,74,74,74,74,74,74,74,74,74,74,74,74,74,74,74,74,74,74,74,74,74,74,74,74,74,74,74,74,74,74,74,74,74,74,74,
size:21
[agent] id:3
path:654,686,718,750,782,814,846,878,877,909,941,973,1005,1004,1004,1004,1004,1004,1004,1004,1004,1004,1004,1004,1004,1004,1004,1004,1004,1004,1004,1004,1004,1004,1004,1004,1004,1004,1004,1004,
goal:1004,1004,1004,1004,1004,1004,1004,1004,1004,1004,1004,1004,1004,1004,1004,1004,1004,1004,1004,1004,1004,1004,1004,1004,1004,1004,1004,1004,1004,1004,1004,1004,1004,1004,1004,1004,1004,1004,1004,1004,
size:13
[agent] id:4
path:332,300,301,302,334,366,367,399,431,463,464,465,466,467,467,467,467,467,467,467,467,467,467,467,467,467,467,467,467,467,467,467,467,467,467,467,467,467,467,467,
goal:467,467,467,467,467,467,467,467,467,467,467,467,467,467,467,467,467,467,467,467,467,467,467,467,467,467,467,467,467,467,467,467,467,467,467,467,467,467,467,467,
size:13
[agent] id:5
path:950,918,886,854,853,852,851,819,818,786,754,722,690,658,657,656,655,623,622,621,620,619,618,617,616,615,614,613,612,611,579,579,579,579,579,579,579,579,579,579,
goal:579,579,579,579,579,579,579,579,579,579,579,579,579,579,579,579,579,579,579,579,579,579,579,579,579,579,579,579,579,579,579,579,579,579,579,579,579,579,579,579,
size:30
[agent] id:6
path:874,906,938,937,936,935,934,934,934,934,934,934,934,934,934,934,934,934,934,934,934,934,934,934,934,934,934,934,934,934,934,934,934,934,934,934,934,934,934,934,
goal:934,934,934,934,934,934,934,934,934,934,934,934,934,934,934,934,934,934,934,934,934,934,934,934,934,934,934,934,934,934,934,934,934,934,934,934,934,934,934,934,
size:6
[agent] id:7
path:493,461,429,397,396,395,394,393,392,391,359,358,326,294,262,263,264,296,328,328,328,328,328,328,328,328,328,328,328,328,328,328,328,328,328,328,328,328,328,328,
goal:328,328,328,328,328,328,328,328,328,328,328,328,328,328,328,328,328,328,328,328,328,328,328,328,328,328,328,328,328,328,328,328,328,328,328,328,328,328,328,328,
size:18
[agent] id:8
path:156,188,187,219,218,217,216,215,214,213,212,211,243,242,241,240,239,207,206,174,173,172,140,139,107,106,105,104,72,71,70,69,68,67,67,67,67,67,67,67,
goal:67,67,67,67,67,67,67,67,67,67,67,67,67,67,67,67,67,67,67,67,67,67,67,67,67,67,67,67,67,67,67,67,67,67,67,67,67,67,67,67,
size:33
[agent] id:9
path:376,408,409,441,473,472,504,536,537,569,570,602,634,635,667,699,731,730,762,762,762,762,762,762,762,762,762,762,762,762,762,762,762,762,762,762,762,762,762,762,
goal:762,762,762,762,762,762,762,762,762,762,762,762,762,762,762,762,762,762,762,762,762,762,762,762,762,762,762,762,762,762,762,762,762,762,762,762,762,762,762,762,
size:18
[agent] id:10
path:972,940,908,876,844,845,845,845,846,814,782,750,718,686,686,686,686,686,686,686,686,686,686,686,686,686,686,686,686,686,686,686,686,686,686,686,686,686,686,686,
goal:686,686,686,686,686,686,686,686,686,686,686,686,686,686,686,686,686,686,686,686,686,686,686,686,686,686,686,686,686,686,686,686,686,686,686,686,686,686,686,686,
size:13
[agent] id:11
path:718,717,685,653,621,620,619,618,617,616,584,552,520,519,487,486,454,422,390,390,390,390,390,390,390,390,390,390,390,390,390,390,390,390,390,390,390,390,390,390,
goal:390,390,390,390,390,390,390,390,390,390,390,390,390,390,390,390,390,390,390,390,390,390,390,390,390,390,390,390,390,390,390,390,390,390,390,390,390,390,390,390,
size:18
[agent] id:12
path:547,548,549,550,551,552,553,554,555,556,557,558,526,527,528,529,497,498,466,434,435,436,437,405,406,407,375,376,344,312,313,313,313,313,313,313,313,313,313,313,
goal:313,313,313,313,313,313,313,313,313,313,313,313,313,313,313,313,313,313,313,313,313,313,313,313,313,313,313,313,313,313,313,313,313,313,313,313,313,313,313,313,
size:30
[agent] id:13
path:518,550,551,552,553,554,555,556,557,558,559,527,528,529,497,465,433,434,435,436,437,405,373,374,374,374,374,374,374,374,374,374,374,374,374,374,374,374,374,374,
goal:374,374,374,374,374,374,374,374,374,374,374,374,374,374,374,374,374,374,374,374,374,374,374,374,374,374,374,374,374,374,374,374,374,374,374,374,374,374,374,374,
size:23
[agent] id:14
path:604,603,571,539,507,508,476,477,478,446,414,413,381,380,379,378,377,345,313,312,311,311,311,311,311,311,311,311,311,311,311,311,311,311,311,311,311,311,311,311,
goal:311,311,311,311,311,311,311,311,311,311,311,311,311,311,311,311,311,311,311,311,311,311,311,311,311,311,311,311,311,311,311,311,311,311,311,311,311,311,311,311,
size:20
[agent] id:15
path:13,45,77,78,110,142,174,206,205,204,236,268,300,332,364,396,428,460,461,493,525,557,589,621,653,652,651,683,683,683,683,683,683,683,683,683,683,683,683,683,
goal:683,683,683,683,683,683,683,683,683,683,683,683,683,683,683,683,683,683,683,683,683,683,683,683,683,683,683,683,683,683,683,683,683,683,683,683,683,683,683,683,
size:27
[agent] id:16
path:142,174,206,205,204,236,268,300,332,364,396,428,460,461,493,525,557,589,621,653,685,717,716,715,747,779,811,843,875,874,874,874,874,874,874,874,874,874,874,874,
goal:874,874,874,874,874,874,874,874,874,874,874,874,874,874,874,874,874,874,874,874,874,874,874,874,874,874,874,874,874,874,874,874,874,874,874,874,874,874,874,874,
size:29
[agent] id:17
path:525,493,461,429,397,396,395,394,393,392,424,423,391,359,358,326,294,262,230,231,199,167,135,103,71,72,73,73,73,73,73,73,73,73,73,73,73,73,73,73,
goal:73,73,73,73,73,73,73,73,73,73,73,73,73,73,73,73,73,73,73,73,73,73,73,73,73,73,73,73,73,73,73,73,73,73,73,73,73,73,73,73,
size:26
[agent] id:18
path:984,952,920,888,887,855,854,853,852,851,850,849,848,847,846,845,844,812,811,810,809,808,807,806,805,804,803,803,803,803,803,803,803,803,803,803,803,803,803,803,
goal:803,803,803,803,803,803,803,803,803,803,803,803,803,803,803,803,803,803,803,803,803,803,803,803,803,803,803,803,803,803,803,803,803,803,803,803,803,803,803,803,
size:26
[agent] id:19
path:163,162,161,193,225,257,256,288,288,288,288,288,288,288,288,288,288,288,288,288,288,288,288,288,288,288,288,288,288,288,288,288,288,288,288,288,288,288,288,288,
goal:288,288,288,288,288,288,288,288,288,288,288,288,288,288,288,288,288,288,288,288,288,288,288,288,288,288,288,288,288,288,288,288,288,288,288,288,288,288,288,288,
size:7
[agent] id:20
path:885,884,852,851,819,818,786,754,722,690,658,626,594,562,530,498,466,465,433,401,369,337,337,305,273,274,274,274,274,274,274,274,274,274,274,274,274,274,274,274,
goal:274,274,274,274,274,274,274,274,274,274,274,274,274,274,274,274,274,274,274,274,274,274,274,274,274,274,274,274,274,274,274,274,274,274,274,274,274,274,274,274,
size:25
[agent] id:21
path:348,316,317,285,285,285,285,285,285,285,285,285,285,285,285,285,285,285,285,285,285,285,285,285,285,285,285,285,285,285,285,285,285,285,285,285,285,285,285,285,
goal:285,285,285,285,285,285,285,285,285,285,285,285,285,285,285,285,285,285,285,285,285,285,285,285,285,285,285,285,285,285,285,285,285,285,285,285,285,285,285,285,
size:3
[agent] id:22
path:1016,984,983,982,950,949,948,980,979,978,946,945,944,943,942,941,940,939,938,937,936,904,904,904,904,904,904,904,904,904,904,904,904,904,904,904,904,904,904,904,
goal:904,904,904,904,904,904,904,904,904,904,904,904,904,904,904,904,904,904,904,904,904,904,904,904,904,904,904,904,904,904,904,904,904,904,904,904,904,904,904,904,
size:21
[agent] id:23
path:384,416,448,480,512,544,576,577,609,641,673,705,737,738,770,802,803,835,836,837,838,839,840,841,842,874,906,938,939,940,941,942,943,944,945,946,978,979,979,979,
goal:979,979,979,979,979,979,979,979,979,979,979,979,979,979,979,979,979,979,979,979,979,979,979,979,979,979,979,979,979,979,979,979,979,979,979,979,979,979,979,979,
size:37
[agent] id:24
path:230,231,199,200,201,233,234,235,236,268,300,300,301,301,300,300,300,300,300,300,300,300,300,300,300,300,300,300,300,300,300,300,300,300,300,300,300,300,300,300,
goal:300,300,300,300,300,300,300,300,300,300,300,300,300,300,300,300,300,300,300,300,300,300,300,300,300,300,300,300,300,300,300,300,300,300,300,300,300,300,300,300,
size:14
[agent] id:25
path:12,44,45,77,78,110,142,174,206,207,239,271,303,304,336,368,400,432,464,465,497,498,499,500,501,533,534,535,535,535,535,535,535,535,535,535,535,535,535,535,
goal:535,535,535,535,535,535,535,535,535,535,535,535,535,535,535,535,535,535,535,535,535,535,535,535,535,535,535,535,535,535,535,535,535,535,535,535,535,535,535,535,
size:27
[agent] id:26
path:599,567,535,534,533,501,469,437,405,373,341,309,277,245,213,212,211,210,178,146,145,144,143,143,143,143,143,143,143,143,143,143,143,143,143,143,143,143,143,143,
goal:143,143,143,143,143,143,143,143,143,143,143,143,143,143,143,143,143,143,143,143,143,143,143,143,143,143,143,143,143,143,143,143,143,143,143,143,143,143,143,143,
size:22
[agent] id:27
path:884,852,853,821,822,823,791,792,793,794,795,796,797,798,798,798,798,798,798,798,798,798,798,798,798,798,798,798,798,798,798,798,798,798,798,798,798,798,798,798,
goal:798,798,798,798,798,798,798,798,798,798,798,798,798,798,798,798,798,798,798,798,798,798,798,798,798,798,798,798,798,798,798,798,798,798,798,798,798,798,798,798,
size:13
[agent] id:28
path:460,460,460,461,493,525,557,558,559,560,561,562,563,564,596,628,660,661,661,661,661,661,661,661,661,661,661,661,661,661,661,661,661,661,661,661,661,661,661,661,
goal:661,661,661,661,661,661,661,661,661,661,661,661,661,661,661,661,661,661,661,661,661,661,661,661,661,661,661,661,661,661,661,661,661,661,661,661,661,661,661,661,
size:17
[agent] id:29
path:150,182,214,215,247,279,311,312,344,376,408,409,441,473,472,504,536,535,567,599,631,663,695,727,759,791,792,793,825,857,858,859,860,892,893,894,895,863,831,830,
goal:830,830,830,830,830,830,830,830,830,830,830,830,830,830,830,830,830,830,830,830,830,830,830,830,830,830,830,830,830,830,830,830,830,830,830,830,830,830,830,830,
size:39
SolutionCost:625
