[setting] seed:7558
[solver] type:SASB-ECBS
[solver] w:2.000000
[solver] ID:0
[solver] Lowlevelnode:6829
[solver] Highlevelnode:21
[solver] ConflictCount:11
[solver] solved:1
[solver] elapsed:48
[solver] makespan:47
[problem] timesteplimit:15000
[problem] type:MAPF
[problem] agentnum:30
[graph] width:32
[graph] height:32
[graph] filename:./map/32by32_agents10_ex30.map
[task] id:18,start:0,end:0,service time:0,nodes:695,
[task] id:16,start:0,end:0,service time:0,nodes:353,
[task] id:12,start:0,end:0,service time:0,nodes:567,
[task] id:29,start:0,end:0,service time:0,nodes:539,
[task] id:20,start:0,end:0,service time:0,nodes:605,
[task] id:26,start:0,end:0,service time:0,nodes:204,
[task] id:10,start:0,end:0,service time:0,nodes:557,
[task] id:19,start:0,end:0,service time:0,nodes:317,
[task] id:15,start:0,end:0,service time:0,nodes:745,
[task] id:3,start:0,end:0,service time:0,nodes:596,
[task] id:22,start:0,end:0,service time:0,nodes:96,
[task] id:4,start:0,end:0,service time:0,nodes:114,
[task] id:11,start:0,end:0,service time:0,nodes:493,
[task] id:13,start:0,end:0,service time:0,nodes:507,
[task] id:30,start:0,end:0,service time:0,nodes:539,
[task] id:9,start:0,end:0,service time:0,nodes:786,
[task] id:6,start:0,end:0,service time:0,nodes:421,
[task] id:14,start:0,end:0,service time:0,nodes:723,
[task] id:8,start:0,end:0,service time:0,nodes:876,
[task] id:2,start:0,end:0,service time:0,nodes:536,
[task] id:17,start:0,end:0,service time:0,nodes:686,
[task] id:24,start:0,end:0,service time:0,nodes:453,
[task] id:25,start:0,end:0,service time:0,nodes:731,
[task] id:1,start:0,end:0,service time:0,nodes:707,
[task] id:23,start:0,end:0,service time:0,nodes:743,
[task] id:5,start:0,end:0,service time:0,nodes:135,
[task] id:27,start:0,end:0,service time:0,nodes:515,
[task] id:7,start:0,end:0,service time:0,nodes:348,
[task] id:21,start:0,end:0,service time:0,nodes:247,
[task] id:28,start:0,end:0,service time:0,nodes:614,
[task] id:0,start:0,end:0,service time:0,nodes:95,
[agent] id:0
path:708,676,644,612,613,614,582,550,518,486,454,422,390,391,392,393,394,395,396,364,332,300,268,269,270,271,239,240,241,209,210,211,212,213,181,182,150,151,119,87,88,89,90,91,92,93,94,95,
goal:95,95,95,95,95,95,95,95,95,95,95,95,95,95,95,95,95,95,95,95,95,95,95,95,95,95,95,95,95,95,95,95,95,95,95,95,95,95,95,95,95,95,95,95,95,95,95,95,
size:47
[agent] id:1
path:953,921,920,888,887,855,854,853,852,851,850,849,848,847,846,814,782,750,718,717,716,715,714,713,712,711,710,709,708,707,707,707,707,707,707,707,707,707,707,707,707,707,707,707,707,707,707,707,
goal:707,707,707,707,707,707,707,707,707,707,707,707,707,707,707,707,707,707,707,707,707,707,707,707,707,707,707,707,707,707,707,707,707,707,707,707,707,707,707,707,707,707,707,707,707,707,707,707,
size:29
[agent] id:2
path:641,609,610,611,612,613,614,615,616,617,618,619,620,621,589,590,558,559,560,561,562,563,564,565,533,534,535,536,536,536,536,536,536,536,536,536,536,536,536,536,536,536,536,536,536,536,536,536,
goal:536,536,536,536,536,536,536,536,536,536,536,536,536,536,536,536,536,536,536,536,536,536,536,536,536,536,536,536,536,536,536,536,536,536,536,536,536,536,536,536,536,536,536,536,536,536,536,536,
size:27
[agent] id:3
path:619,620,621,589,590,591,592,593,594,562,563,564,596,596,596,596,596,596,596,596,596,596,596,596,596,596,596,596,596,596,596,596,596,596,596,596,596,596,596,596,596,596,596,596,596,596,596,596,
goal:596,596,596,596,596,596,596,596,596,596,596,596,596,596,596,596,596,596,596,596,596,596,596,596,596,596,596,596,596,596,596,596,596,596,596,596,596,596,596,596,596,596,596,596,596,596,596,596,
size:12
[agent] id:4
path:188,187,186,185,184,183,182,181,213,212,211,210,178,146,114,114,114,114,114,114,114,114,114,114,114,114,114,114,114,114,114,114,114,114,114,114,114,114,114,114,114,114,114,114,114,114,114,114,
goal:114,114,114,114,114,114,114,114,114,114,114,114,114,114,114,114,114,114,114,114,114,114,114,114,114,114,114,114,114,114,114,114,114,114,114,114,114,114,114,114,114,114,114,114,114,114,114,114,
size:14
[agent] id:5
path:316,315,347,379,378,377,345,313,312,311,310,309,308,307,306,274,242,241,240,239,207,206,174,173,172,140,139,138,137,136,135,135,135,135,135,135,135,135,135,135,135,135,135,135,135,135,135,135,
goal:135,135,135,135,135,135,135,135,135,135,135,135,135,135,135,135,135,135,135,135,135,135,135,135,135,135,135,135,135,135,135,135,135,135,135,135,135,135,135,135,135,135,135,135,135,135,135,135,
size:30
[agent] id:6
path:864,896,928,929,930,898,866,867,835,803,771,739,707,708,676,644,612,613,614,582,550,518,486,454,422,421,421,421,421,421,421,421,421,421,421,421,421,421,421,421,421,421,421,421,421,421,421,421,
goal:421,421,421,421,421,421,421,421,421,421,421,421,421,421,421,421,421,421,421,421,421,421,421,421,421,421,421,421,421,421,421,421,421,421,421,421,421,421,421,421,421,421,421,421,421,421,421,421,
size:25
[agent] id:7
path:646,614,615,616,617,618,619,620,621,622,590,558,559,527,528,529,497,465,433,434,435,436,437,405,373,374,375,376,377,378,379,347,348,348,348,348,348,348,348,348,348,348,348,348,348,348,348,348,
goal:348,348,348,348,348,348,348,348,348,348,348,348,348,348,348,348,348,348,348,348,348,348,348,348,348,348,348,348,348,348,348,348,348,348,348,348,348,348,348,348,348,348,348,348,348,348,348,348,
size:32
[agent] id:8
path:242,274,306,305,337,369,401,433,465,497,529,561,593,592,591,623,655,687,686,718,750,782,814,846,878,877,876,876,876,876,876,876,876,876,876,876,876,876,876,876,876,876,876,876,876,876,876,876,
goal:876,876,876,876,876,876,876,876,876,876,876,876,876,876,876,876,876,876,876,876,876,876,876,876,876,876,876,876,876,876,876,876,876,876,876,876,876,876,876,876,876,876,876,876,876,876,876,876,
size:26
[agent] id:9
path:236,268,300,332,364,396,428,460,461,493,525,526,558,559,560,592,593,594,626,658,690,722,754,786,786,786,786,786,786,786,786,786,786,786,786,786,786,786,786,786,786,786,786,786,786,786,786,786,
goal:786,786,786,786,786,786,786,786,786,786,786,786,786,786,786,786,786,786,786,786,786,786,786,786,786,786,786,786,786,786,786,786,786,786,786,786,786,786,786,786,786,786,786,786,786,786,786,786,
size:23
[agent] id:10
path:392,424,456,457,489,521,553,554,555,556,557,557,557,557,557,557,557,557,557,557,557,557,557,557,557,557,557,557,557,557,557,557,557,557,557,557,557,557,557,557,557,557,557,557,557,557,557,557,
goal:557,557,557,557,557,557,557,557,557,557,557,557,557,557,557,557,557,557,557,557,557,557,557,557,557,557,557,557,557,557,557,557,557,557,557,557,557,557,557,557,557,557,557,557,557,557,557,557,
size:10
[agent] id:11
path:724,692,660,628,596,564,563,531,530,529,528,527,526,494,493,493,493,493,493,493,493,493,493,493,493,493,493,493,493,493,493,493,493,493,493,493,493,493,493,493,493,493,493,493,493,493,493,493,
goal:493,493,493,493,493,493,493,493,493,493,493,493,493,493,493,493,493,493,493,493,493,493,493,493,493,493,493,493,493,493,493,493,493,493,493,493,493,493,493,493,493,493,493,493,493,493,493,493,
size:14
[agent] id:12
path:498,530,562,563,564,565,566,567,567,567,567,567,567,567,567,567,567,567,567,567,567,567,567,567,567,567,567,567,567,567,567,567,567,567,567,567,567,567,567,567,567,567,567,567,567,567,567,567,
goal:567,567,567,567,567,567,567,567,567,567,567,567,567,567,567,567,567,567,567,567,567,567,567,567,567,567,567,567,567,567,567,567,567,567,567,567,567,567,567,567,567,567,567,567,567,567,567,567,
size:7
[agent] id:13
path:554,555,556,557,558,559,560,561,562,563,564,565,533,534,535,536,537,538,539,507,507,507,507,507,507,507,507,507,507,507,507,507,507,507,507,507,507,507,507,507,507,507,507,507,507,507,507,507,
goal:507,507,507,507,507,507,507,507,507,507,507,507,507,507,507,507,507,507,507,507,507,507,507,507,507,507,507,507,507,507,507,507,507,507,507,507,507,507,507,507,507,507,507,507,507,507,507,507,
size:19
[agent] id:14
path:419,451,483,515,516,517,518,519,551,583,615,647,648,649,650,651,652,653,654,655,656,688,720,721,722,723,723,723,723,723,723,723,723,723,723,723,723,723,723,723,723,723,723,723,723,723,723,723,
goal:723,723,723,723,723,723,723,723,723,723,723,723,723,723,723,723,723,723,723,723,723,723,723,723,723,723,723,723,723,723,723,723,723,723,723,723,723,723,723,723,723,723,723,723,723,723,723,723,
size:25
[agent] id:15
path:971,939,907,875,843,811,810,809,808,776,744,745,745,745,745,745,745,745,745,745,745,745,745,745,745,745,745,745,745,745,745,745,745,745,745,745,745,745,745,745,745,745,745,745,745,745,745,745,
goal:745,745,745,745,745,745,745,745,745,745,745,745,745,745,745,745,745,745,745,745,745,745,745,745,745,745,745,745,745,745,745,745,745,745,745,745,745,745,745,745,745,745,745,745,745,745,745,745,
size:11
[agent] id:16
path:326,358,357,356,355,354,353,353,353,353,353,353,353,353,353,353,353,353,353,353,353,353,353,353,353,353,353,353,353,353,353,353,353,353,353,353,353,353,353,353,353,353,353,353,353,353,353,353,
goal:353,353,353,353,353,353,353,353,353,353,353,353,353,353,353,353,353,353,353,353,353,353,353,353,353,353,353,353,353,353,353,353,353,353,353,353,353,353,353,353,353,353,353,353,353,353,353,353,
size:6
[agent] id:17
path:107,139,171,203,235,236,268,300,332,364,396,428,460,459,458,490,522,554,555,556,524,525,526,558,590,622,654,686,686,686,686,686,686,686,686,686,686,686,686,686,686,686,686,686,686,686,686,686,
goal:686,686,686,686,686,686,686,686,686,686,686,686,686,686,686,686,686,686,686,686,686,686,686,686,686,686,686,686,686,686,686,686,686,686,686,686,686,686,686,686,686,686,686,686,686,686,686,686,
size:27
[agent] id:18
path:726,727,695,695,695,695,695,695,695,695,695,695,695,695,695,695,695,695,695,695,695,695,695,695,695,695,695,695,695,695,695,695,695,695,695,695,695,695,695,695,695,695,695,695,695,695,695,695,
goal:695,695,695,695,695,695,695,695,695,695,695,695,695,695,695,695,695,695,695,695,695,695,695,695,695,695,695,695,695,695,695,695,695,695,695,695,695,695,695,695,695,695,695,695,695,695,695,695,
size:2
[agent] id:19
path:344,376,377,378,410,378,379,347,315,316,317,317,317,317,317,317,317,317,317,317,317,317,317,317,317,317,317,317,317,317,317,317,317,317,317,317,317,317,317,317,317,317,317,317,317,317,317,317,
goal:317,317,317,317,317,317,317,317,317,317,317,317,317,317,317,317,317,317,317,317,317,317,317,317,317,317,317,317,317,317,317,317,317,317,317,317,317,317,317,317,317,317,317,317,317,317,317,317,
size:10
[agent] id:20
path:696,664,632,633,634,602,603,604,605,605,605,605,605,605,605,605,605,605,605,605,605,605,605,605,605,605,605,605,605,605,605,605,605,605,605,605,605,605,605,605,605,605,605,605,605,605,605,605,
goal:605,605,605,605,605,605,605,605,605,605,605,605,605,605,605,605,605,605,605,605,605,605,605,605,605,605,605,605,605,605,605,605,605,605,605,605,605,605,605,605,605,605,605,605,605,605,605,605,
size:8
[agent] id:21
path:904,872,840,808,776,744,712,680,648,616,584,552,520,521,489,457,458,426,394,395,396,364,332,300,301,302,303,304,305,306,307,308,309,310,311,279,247,247,247,247,247,247,247,247,247,247,247,247,
goal:247,247,247,247,247,247,247,247,247,247,247,247,247,247,247,247,247,247,247,247,247,247,247,247,247,247,247,247,247,247,247,247,247,247,247,247,247,247,247,247,247,247,247,247,247,247,247,247,
size:36
[agent] id:22
path:75,74,73,72,71,70,69,68,67,66,65,64,96,96,96,96,96,96,96,96,96,96,96,96,96,96,96,96,96,96,96,96,96,96,96,96,96,96,96,96,96,96,96,96,96,96,96,96,
goal:96,96,96,96,96,96,96,96,96,96,96,96,96,96,96,96,96,96,96,96,96,96,96,96,96,96,96,96,96,96,96,96,96,96,96,96,96,96,96,96,96,96,96,96,96,96,96,96,
size:12
[agent] id:23
path:310,342,374,406,438,470,469,501,533,565,597,629,661,693,692,691,690,689,688,687,686,718,717,716,715,714,713,712,744,743,743,743,743,743,743,743,743,743,743,743,743,743,743,743,743,743,743,743,
goal:743,743,743,743,743,743,743,743,743,743,743,743,743,743,743,743,743,743,743,743,743,743,743,743,743,743,743,743,743,743,743,743,743,743,743,743,743,743,743,743,743,743,743,743,743,743,743,743,
size:29
[agent] id:24
path:84,83,115,114,146,145,144,143,142,174,173,172,171,203,202,201,200,199,231,263,262,294,326,358,390,422,454,453,453,453,453,453,453,453,453,453,453,453,453,453,453,453,453,453,453,453,453,453,
goal:453,453,453,453,453,453,453,453,453,453,453,453,453,453,453,453,453,453,453,453,453,453,453,453,453,453,453,453,453,453,453,453,453,453,453,453,453,453,453,453,453,453,453,453,453,453,453,453,
size:27
[agent] id:25
path:394,426,458,490,522,554,555,556,557,589,621,653,685,686,687,688,720,721,722,723,724,725,726,727,728,729,730,731,731,731,731,731,731,731,731,731,731,731,731,731,731,731,731,731,731,731,731,731,
goal:731,731,731,731,731,731,731,731,731,731,731,731,731,731,731,731,731,731,731,731,731,731,731,731,731,731,731,731,731,731,731,731,731,731,731,731,731,731,731,731,731,731,731,731,731,731,731,731,
size:27
[agent] id:26
path:133,165,166,167,199,200,201,202,203,204,204,204,204,204,204,204,204,204,204,204,204,204,204,204,204,204,204,204,204,204,204,204,204,204,204,204,204,204,204,204,204,204,204,204,204,204,204,204,
goal:204,204,204,204,204,204,204,204,204,204,204,204,204,204,204,204,204,204,204,204,204,204,204,204,204,204,204,204,204,204,204,204,204,204,204,204,204,204,204,204,204,204,204,204,204,204,204,204,
size:9
[agent] id:27
path:281,313,312,311,310,309,308,307,306,305,304,303,302,301,300,332,364,396,428,460,459,458,490,522,521,520,519,518,517,516,515,515,515,515,515,515,515,515,515,515,515,515,515,515,515,515,515,515,
goal:515,515,515,515,515,515,515,515,515,515,515,515,515,515,515,515,515,515,515,515,515,515,515,515,515,515,515,515,515,515,515,515,515,515,515,515,515,515,515,515,515,515,515,515,515,515,515,515,
size:30
[agent] id:28
path:89,121,153,152,151,150,150,182,214,213,245,277,309,341,373,405,437,469,501,500,499,531,530,562,594,593,592,591,623,622,621,620,619,618,617,616,615,614,614,614,614,614,614,614,614,614,614,614,
goal:614,614,614,614,614,614,614,614,614,614,614,614,614,614,614,614,614,614,614,614,614,614,614,614,614,614,614,614,614,614,614,614,614,614,614,614,614,614,614,614,614,614,614,614,614,614,614,614,
size:37
[agent] id:29
path:670,669,637,605,604,603,571,539,539,539,539,539,539,539,539,539,539,539,540,540,539,539,539,539,539,539,539,539,539,539,539,539,539,539,539,539,539,539,539,539,539,539,539,539,539,539,539,539,
goal:539,539,539,539,539,539,539,539,539,539,539,539,539,539,539,539,539,539,539,539,539,539,539,539,539,539,539,539,539,539,539,539,539,539,539,539,539,539,539,539,539,539,539,539,539,539,539,539,
size:20
SolutionCost:631
