[setting] seed:6771
[solver] type:SASB-ECBS
[solver] w:2.000000
[solver] ID:0
[solver] Lowlevelnode:8641
[solver] Highlevelnode:19
[solver] ConflictCount:10
[solver] solved:1
[solver] elapsed:53
[solver] makespan:45
[problem] timesteplimit:15000
[problem] type:MAPF
[problem] agentnum:30
[graph] width:32
[graph] height:32
[graph] filename:./map/32by32_agents10_ex30.map
[task] id:2,start:0,end:0,service time:0,nodes:778,
[task] id:11,start:0,end:0,service time:0,nodes:105,
[task] id:3,start:0,end:0,service time:0,nodes:848,
[task] id:22,start:0,end:0,service time:0,nodes:858,
[task] id:21,start:0,end:0,service time:0,nodes:885,
[task] id:0,start:0,end:0,service time:0,nodes:25,
[task] id:19,start:0,end:0,service time:0,nodes:126,
[task] id:4,start:0,end:0,service time:0,nodes:345,
[task] id:9,start:0,end:0,service time:0,nodes:519,
[task] id:15,start:0,end:0,service time:0,nodes:814,
[task] id:23,start:0,end:0,service time:0,nodes:819,
[task] id:25,start:0,end:0,service time:0,nodes:522,
[task] id:16,start:0,end:0,service time:0,nodes:400,
[task] id:24,start:0,end:0,service time:0,nodes:231,
[task] id:12,start:0,end:0,service time:0,nodes:354,
[task] id:7,start:0,end:0,service time:0,nodes:976,
[task] id:8,start:0,end:0,service time:0,nodes:560,
[task] id:28,start:0,end:0,service time:0,nodes:678,
[task] id:26,start:0,end:0,service time:0,nodes:822,
[task] id:18,start:0,end:0,service time:0,nodes:702,
[task] id:5,start:0,end:0,service time:0,nodes:847,
[task] id:1,start:0,end:0,service time:0,nodes:880,
[task] id:14,start:0,end:0,service time:0,nodes:395,
[task] id:27,start:0,end:0,service time:0,nodes:5,
[task] id:10,start:0,end:0,service time:0,nodes:807,
[task] id:17,start:0,end:0,service time:0,nodes:22,
[task] id:6,start:0,end:0,service time:0,nodes:928,
[task] id:13,start:0,end:0,service time:0,nodes:765,
[task] id:29,start:0,end:0,service time:0,nodes:616,
[task] id:20,start:0,end:0,service time:0,nodes:985,
[agent] id:0
path:95,63,31,30,29,28,27,26,25,25,25,25,25,25,25,25,25,25,25,25,25,25,25,25,25,25,25,25,25,25,25,25,25,25,25,25,25,25,25,25,25,25,25,25,25,25,
goal:25,25,25,25,25,25,25,25,25,25,25,25,25,25,25,25,25,25,25,25,25,25,25,25,25,25,25,25,25,25,25,25,25,25,25,25,25,25,25,25,25,25,25,25,25,25,
size:8
[agent] id:1
path:215,247,279,311,310,342,374,406,438,470,469,501,533,565,597,629,661,693,725,724,723,755,754,786,818,850,882,881,880,880,880,880,880,880,880,880,880,880,880,880,880,880,880,880,880,880,
goal:880,880,880,880,880,880,880,880,880,880,880,880,880,880,880,880,880,880,880,880,880,880,880,880,880,880,880,880,880,880,880,880,880,880,880,880,880,880,880,880,880,880,880,880,880,880,
size:28
[agent] id:2
path:747,779,778,778,778,778,778,778,778,778,778,778,778,778,778,778,778,778,778,778,778,778,778,778,778,778,778,778,778,778,778,778,778,778,778,778,778,778,778,778,778,778,778,778,778,778,
goal:778,778,778,778,778,778,778,778,778,778,778,778,778,778,778,778,778,778,778,778,778,778,778,778,778,778,778,778,778,778,778,778,778,778,778,778,778,778,778,778,778,778,778,778,778,778,
size:2
[agent] id:3
path:876,844,845,846,847,848,848,848,848,848,848,848,848,848,848,848,848,848,848,848,848,848,848,848,848,848,848,848,848,848,848,848,848,848,848,848,848,848,848,848,848,848,848,848,848,848,
goal:848,848,848,848,848,848,848,848,848,848,848,848,848,848,848,848,848,848,848,848,848,848,848,848,848,848,848,848,848,848,848,848,848,848,848,848,848,848,848,848,848,848,848,848,848,848,
size:5
[agent] id:4
path:60,92,91,123,155,187,219,218,217,216,248,280,312,344,345,345,345,345,345,345,345,345,345,345,345,345,345,345,345,345,345,345,345,345,345,345,345,345,345,345,345,345,345,345,345,345,
goal:345,345,345,345,345,345,345,345,345,345,345,345,345,345,345,345,345,345,345,345,345,345,345,345,345,345,345,345,345,345,345,345,345,345,345,345,345,345,345,345,345,345,345,345,345,345,
size:14
[agent] id:5
path:377,409,441,473,472,504,536,535,567,599,631,663,695,727,759,791,823,855,854,853,852,851,850,849,881,880,879,847,847,847,847,847,847,847,847,847,847,847,847,847,847,847,847,847,847,847,
goal:847,847,847,847,847,847,847,847,847,847,847,847,847,847,847,847,847,847,847,847,847,847,847,847,847,847,847,847,847,847,847,847,847,847,847,847,847,847,847,847,847,847,847,847,847,847,
size:27
[agent] id:6
path:534,566,598,630,662,661,660,659,658,657,656,656,655,654,653,652,651,683,682,714,713,745,744,776,808,840,872,871,870,902,901,900,899,931,930,929,928,928,928,928,928,928,928,928,928,928,
goal:928,928,928,928,928,928,928,928,928,928,928,928,928,928,928,928,928,928,928,928,928,928,928,928,928,928,928,928,928,928,928,928,928,928,928,928,928,928,928,928,928,928,928,928,928,928,
size:36
[agent] id:7
path:432,464,465,497,529,561,593,594,626,658,690,722,754,786,818,850,882,914,946,945,944,976,976,976,976,976,976,976,976,976,976,976,976,976,976,976,976,976,976,976,976,976,976,976,976,976,
goal:976,976,976,976,976,976,976,976,976,976,976,976,976,976,976,976,976,976,976,976,976,976,976,976,976,976,976,976,976,976,976,976,976,976,976,976,976,976,976,976,976,976,976,976,976,976,
size:21
[agent] id:8
path:259,260,292,293,294,326,358,390,422,454,486,518,550,551,552,553,554,555,556,557,558,559,560,560,560,560,560,560,560,560,560,560,560,560,560,560,560,560,560,560,560,560,560,560,560,560,
goal:560,560,560,560,560,560,560,560,560,560,560,560,560,560,560,560,560,560,560,560,560,560,560,560,560,560,560,560,560,560,560,560,560,560,560,560,560,560,560,560,560,560,560,560,560,560,
size:22
[agent] id:9
path:768,736,737,705,673,641,609,577,545,513,514,515,516,517,518,519,519,519,519,519,519,519,519,519,519,519,519,519,519,519,519,519,519,519,519,519,519,519,519,519,519,519,519,519,519,519,
goal:519,519,519,519,519,519,519,519,519,519,519,519,519,519,519,519,519,519,519,519,519,519,519,519,519,519,519,519,519,519,519,519,519,519,519,519,519,519,519,519,519,519,519,519,519,519,
size:15
[agent] id:10
path:96,64,65,66,67,68,69,101,133,165,197,229,261,293,294,326,326,358,390,422,454,486,518,550,582,614,646,647,679,711,743,775,807,807,807,807,807,807,807,807,807,807,807,807,807,807,
goal:807,807,807,807,807,807,807,807,807,807,807,807,807,807,807,807,807,807,807,807,807,807,807,807,807,807,807,807,807,807,807,807,807,807,807,807,807,807,807,807,807,807,807,807,807,807,
size:32
[agent] id:11
path:200,168,136,104,105,105,105,105,105,105,105,105,105,105,105,105,105,105,105,105,105,105,105,105,105,105,105,105,105,105,105,105,105,105,105,105,105,105,105,105,105,105,105,105,105,105,
goal:105,105,105,105,105,105,105,105,105,105,105,105,105,105,105,105,105,105,105,105,105,105,105,105,105,105,105,105,105,105,105,105,105,105,105,105,105,105,105,105,105,105,105,105,105,105,
size:4
[agent] id:12
path:306,305,304,303,302,301,300,332,364,396,395,394,393,392,391,359,358,357,356,355,354,354,354,354,354,354,354,354,354,354,354,354,354,354,354,354,354,354,354,354,354,354,354,354,354,354,
goal:354,354,354,354,354,354,354,354,354,354,354,354,354,354,354,354,354,354,354,354,354,354,354,354,354,354,354,354,354,354,354,354,354,354,354,354,354,354,354,354,354,354,354,354,354,354,
size:20
[agent] id:13
path:354,355,356,357,389,421,453,485,517,549,550,582,614,646,647,648,649,650,651,652,653,654,655,656,657,658,659,660,661,662,663,695,696,697,698,699,700,701,733,765,765,765,765,765,765,765,
goal:765,765,765,765,765,765,765,765,765,765,765,765,765,765,765,765,765,765,765,765,765,765,765,765,765,765,765,765,765,765,765,765,765,765,765,765,765,765,765,765,765,765,765,765,765,765,
size:39
[agent] id:14
path:639,607,606,605,604,603,571,539,538,537,536,535,534,533,501,500,499,498,497,529,528,527,526,494,493,461,429,397,396,395,395,395,395,395,395,395,395,395,395,395,395,395,395,395,395,395,
goal:395,395,395,395,395,395,395,395,395,395,395,395,395,395,395,395,395,395,395,395,395,395,395,395,395,395,395,395,395,395,395,395,395,395,395,395,395,395,395,395,395,395,395,395,395,395,
size:29
[agent] id:15
path:431,463,464,465,497,529,561,593,592,591,623,655,687,686,718,750,782,814,814,814,814,814,814,814,814,814,814,814,814,814,814,814,814,814,814,814,814,814,814,814,814,814,814,814,814,814,
goal:814,814,814,814,814,814,814,814,814,814,814,814,814,814,814,814,814,814,814,814,814,814,814,814,814,814,814,814,814,814,814,814,814,814,814,814,814,814,814,814,814,814,814,814,814,814,
size:17
[agent] id:16
path:847,846,814,782,750,718,686,654,622,590,558,526,527,528,529,497,465,433,401,400,400,400,400,400,400,400,400,400,400,400,400,400,400,400,400,400,400,400,400,400,400,400,400,400,400,400,
goal:400,400,400,400,400,400,400,400,400,400,400,400,400,400,400,400,400,400,400,400,400,400,400,400,400,400,400,400,400,400,400,400,400,400,400,400,400,400,400,400,400,400,400,400,400,400,
size:19
[agent] id:17
path:288,256,257,258,259,227,228,229,230,231,199,200,201,202,234,235,203,171,172,173,174,142,110,78,79,80,48,49,17,18,19,20,21,22,22,22,22,22,22,22,22,22,22,22,22,22,
goal:22,22,22,22,22,22,22,22,22,22,22,22,22,22,22,22,22,22,22,22,22,22,22,22,22,22,22,22,22,22,22,22,22,22,22,22,22,22,22,22,22,22,22,22,22,22,
size:33
[agent] id:18
path:159,191,223,255,287,286,318,317,349,381,413,414,446,478,477,509,508,540,539,571,603,635,667,699,700,701,702,702,702,702,702,702,702,702,702,702,702,702,702,702,702,702,702,702,702,702,
goal:702,702,702,702,702,702,702,702,702,702,702,702,702,702,702,702,702,702,702,702,702,702,702,702,702,702,702,702,702,702,702,702,702,702,702,702,702,702,702,702,702,702,702,702,702,702,
size:26
[agent] id:19
path:216,184,185,186,187,188,189,190,158,126,126,126,126,126,126,126,126,126,126,126,126,126,126,126,126,126,126,126,126,126,126,126,126,126,126,126,126,126,126,126,126,126,126,126,126,126,
goal:126,126,126,126,126,126,126,126,126,126,126,126,126,126,126,126,126,126,126,126,126,126,126,126,126,126,126,126,126,126,126,126,126,126,126,126,126,126,126,126,126,126,126,126,126,126,
size:9
[agent] id:20
path:103,135,167,199,200,201,233,234,235,236,268,300,332,364,396,428,460,461,493,525,557,589,621,653,685,686,687,688,720,752,753,785,786,818,850,851,852,853,854,886,918,950,982,983,984,985,
goal:985,985,985,985,985,985,985,985,985,985,985,985,985,985,985,985,985,985,985,985,985,985,985,985,985,985,985,985,985,985,985,985,985,985,985,985,985,985,985,985,985,985,985,985,985,985,
size:45
[agent] id:21
path:785,786,818,850,882,883,884,885,885,885,885,885,885,885,885,885,885,885,885,885,885,885,885,885,885,885,885,885,885,885,885,885,885,885,885,885,885,885,885,885,885,885,885,885,885,885,
goal:885,885,885,885,885,885,885,885,885,885,885,885,885,885,885,885,885,885,885,885,885,885,885,885,885,885,885,885,885,885,885,885,885,885,885,885,885,885,885,885,885,885,885,885,885,885,
size:7
[agent] id:22
path:759,791,823,824,825,857,858,858,858,858,858,858,858,858,858,858,858,858,858,858,858,858,858,858,858,858,858,858,858,858,858,858,858,858,858,858,858,858,858,858,858,858,858,858,858,858,
goal:858,858,858,858,858,858,858,858,858,858,858,858,858,858,858,858,858,858,858,858,858,858,858,858,858,858,858,858,858,858,858,858,858,858,858,858,858,858,858,858,858,858,858,858,858,858,
size:6
[agent] id:23
path:902,870,838,839,840,841,842,843,844,845,846,847,879,880,881,882,883,851,819,819,819,819,819,819,819,819,819,819,819,819,819,819,819,819,819,819,819,819,819,819,819,819,819,819,819,819,
goal:819,819,819,819,819,819,819,819,819,819,819,819,819,819,819,819,819,819,819,819,819,819,819,819,819,819,819,819,819,819,819,819,819,819,819,819,819,819,819,819,819,819,819,819,819,819,
size:18
[agent] id:24
path:19,51,83,115,114,146,145,144,143,142,174,206,205,204,203,202,201,200,199,231,231,231,231,231,231,231,231,231,231,231,231,231,231,231,231,231,231,231,231,231,231,231,231,231,231,231,
goal:231,231,231,231,231,231,231,231,231,231,231,231,231,231,231,231,231,231,231,231,231,231,231,231,231,231,231,231,231,231,231,231,231,231,231,231,231,231,231,231,231,231,231,231,231,231,
size:19
[agent] id:25
path:939,907,875,843,811,779,747,715,683,651,619,618,617,616,584,552,520,521,522,522,522,522,522,522,522,522,522,522,522,522,522,522,522,522,522,522,522,522,522,522,522,522,522,522,522,522,
goal:522,522,522,522,522,522,522,522,522,522,522,522,522,522,522,522,522,522,522,522,522,522,522,522,522,522,522,522,522,522,522,522,522,522,522,522,522,522,522,522,522,522,522,522,522,522,
size:18
[agent] id:26
path:963,964,965,933,934,935,936,937,938,906,907,908,909,877,878,879,880,881,882,883,884,884,852,853,821,822,822,822,822,822,822,822,822,822,822,822,822,822,822,822,822,822,822,822,822,822,
goal:822,822,822,822,822,822,822,822,822,822,822,822,822,822,822,822,822,822,822,822,822,822,822,822,822,822,822,822,822,822,822,822,822,822,822,822,822,822,822,822,822,822,822,822,822,822,
size:25
[agent] id:27
path:437,405,373,341,309,308,307,306,274,242,241,240,239,207,206,174,173,172,140,139,107,75,74,42,41,40,39,38,37,5,5,5,5,5,5,5,5,5,5,5,5,5,5,5,5,5,
goal:5,5,5,5,5,5,5,5,5,5,5,5,5,5,5,5,5,5,5,5,5,5,5,5,5,5,5,5,5,5,5,5,5,5,5,5,5,5,5,5,5,5,5,5,5,5,
size:29
[agent] id:28
path:1012,980,979,978,946,914,882,881,880,879,878,877,876,875,843,811,779,747,715,683,682,681,680,679,678,678,678,678,678,678,678,678,678,678,678,678,678,678,678,678,678,678,678,678,678,678,
goal:678,678,678,678,678,678,678,678,678,678,678,678,678,678,678,678,678,678,678,678,678,678,678,678,678,678,678,678,678,678,678,678,678,678,678,678,678,678,678,678,678,678,678,678,678,678,
size:24
[agent] id:29
path:62,94,93,92,91,123,155,187,219,218,217,216,248,280,312,344,376,408,407,439,438,470,469,501,533,565,564,563,562,594,593,592,591,623,622,621,620,619,618,617,616,616,616,616,616,616,
goal:616,616,616,616,616,616,616,616,616,616,616,616,616,616,616,616,616,616,616,616,616,616,616,616,616,616,616,616,616,616,616,616,616,616,616,616,616,616,616,616,616,616,616,616,616,616,
size:40
SolutionCost:637
