[setting] seed:3781
[solver] type:SASB-ECBS
[solver] w:2.000000
[solver] ID:0
[solver] Lowlevelnode:3517
[solver] Highlevelnode:21
[solver] ConflictCount:11
[solver] solved:1
[solver] elapsed:41
[solver] makespan:39
[problem] timesteplimit:15000
[problem] type:MAPF
[problem] agentnum:30
[graph] width:32
[graph] height:32
[graph] filename:./map/32by32_agents10_ex30.map
[task] id:15,start:0,end:0,service time:0,nodes:924,
[task] id:13,start:0,end:0,service time:0,nodes:637,
[task] id:18,start:0,end:0,service time:0,nodes:707,
[task] id:2,start:0,end:0,service time:0,nodes:570,
[task] id:17,start:0,end:0,service time:0,nodes:427,
[task] id:27,start:0,end:0,service time:0,nodes:429,
[task] id:0,start:0,end:0,service time:0,nodes:696,
[task] id:12,start:0,end:0,service time:0,nodes:657,
[task] id:21,start:0,end:0,service time:0,nodes:465,
[task] id:20,start:0,end:0,service time:0,nodes:915,
[task] id:4,start:0,end:0,service time:0,nodes:593,
[task] id:19,start:0,end:0,service time:0,nodes:899,
[task] id:10,start:0,end:0,service time:0,nodes:10,
[task] id:23,start:0,end:0,service time:0,nodes:967,
[task] id:5,start:0,end:0,service time:0,nodes:490,
[task] id:14,start:0,end:0,service time:0,nodes:702,
[task] id:26,start:0,end:0,service time:0,nodes:328,
[task] id:28,start:0,end:0,service time:0,nodes:259,
[task] id:7,start:0,end:0,service time:0,nodes:811,
[task] id:22,start:0,end:0,service time:0,nodes:766,
[task] id:9,start:0,end:0,service time:0,nodes:703,
[task] id:16,start:0,end:0,service time:0,nodes:926,
[task] id:25,start:0,end:0,service time:0,nodes:155,
[task] id:8,start:0,end:0,service time:0,nodes:127,
[task] id:11,start:0,end:0,service time:0,nodes:264,
[task] id:29,start:0,end:0,service time:0,nodes:79,
[task] id:1,start:0,end:0,service time:0,nodes:991,
[task] id:3,start:0,end:0,service time:0,nodes:52,
[task] id:24,start:0,end:0,service time:0,nodes:1016,
[task] id:6,start:0,end:0,service time:0,nodes:29,
[agent] id:0
path:1015,983,984,952,920,888,887,855,823,791,759,727,695,696,696,696,696,696,696,696,696,696,696,696,696,696,696,696,696,696,696,696,696,696,696,696,696,696,696,696,
goal:696,696,696,696,696,696,696,696,696,696,696,696,696,696,696,696,696,696,696,696,696,696,696,696,696,696,696,696,696,696,696,696,696,696,696,696,696,696,696,696,
size:13
[agent] id:1
path:711,743,744,776,808,840,841,842,874,875,876,877,878,879,880,881,882,883,884,885,886,918,950,982,983,984,985,986,987,988,989,990,991,991,991,991,991,991,991,991,
goal:991,991,991,991,991,991,991,991,991,991,991,991,991,991,991,991,991,991,991,991,991,991,991,991,991,991,991,991,991,991,991,991,991,991,991,991,991,991,991,991,
size:32
[agent] id:2
path:723,691,659,627,628,629,630,631,632,633,634,602,570,570,570,570,570,570,570,570,570,570,570,570,570,570,570,570,570,570,570,570,570,570,570,570,570,570,570,570,
goal:570,570,570,570,570,570,570,570,570,570,570,570,570,570,570,570,570,570,570,570,570,570,570,570,570,570,570,570,570,570,570,570,570,570,570,570,570,570,570,570,
size:12
[agent] id:3
path:416,417,418,419,420,421,422,423,391,392,393,394,395,396,364,332,300,268,236,204,172,173,174,142,110,78,79,80,48,49,50,51,52,52,52,52,52,52,52,52,
goal:52,52,52,52,52,52,52,52,52,52,52,52,52,52,52,52,52,52,52,52,52,52,52,52,52,52,52,52,52,52,52,52,52,52,52,52,52,52,52,52,
size:32
[agent] id:4
path:673,641,609,610,611,612,613,614,615,616,617,618,619,620,621,589,590,591,592,593,593,593,593,593,593,593,593,593,593,593,593,593,593,593,593,593,593,593,593,593,
goal:593,593,593,593,593,593,593,593,593,593,593,593,593,593,593,593,593,593,593,593,593,593,593,593,593,593,593,593,593,593,593,593,593,593,593,593,593,593,593,593,
size:19
[agent] id:5
path:929,930,898,866,867,835,803,804,805,773,741,709,677,645,613,614,582,550,518,519,520,521,489,490,490,490,490,490,490,490,490,490,490,490,490,490,490,490,490,490,
goal:490,490,490,490,490,490,490,490,490,490,490,490,490,490,490,490,490,490,490,490,490,490,490,490,490,490,490,490,490,490,490,490,490,490,490,490,490,490,490,490,
size:23
[agent] id:6
path:161,193,225,257,258,259,227,228,229,230,231,199,200,201,202,203,171,172,173,174,142,110,78,79,80,48,49,17,18,19,20,21,22,23,24,25,26,27,28,29,
goal:29,29,29,29,29,29,29,29,29,29,29,29,29,29,29,29,29,29,29,29,29,29,29,29,29,29,29,29,29,29,29,29,29,29,29,29,29,29,29,29,
size:39
[agent] id:7
path:197,229,261,293,294,326,358,390,422,454,486,518,550,582,614,646,678,710,742,774,806,807,808,809,810,811,811,811,811,811,811,811,811,811,811,811,811,811,811,811,
goal:811,811,811,811,811,811,811,811,811,811,811,811,811,811,811,811,811,811,811,811,811,811,811,811,811,811,811,811,811,811,811,811,811,811,811,811,811,811,811,811,
size:25
[agent] id:8
path:168,169,201,202,203,204,205,206,207,239,240,241,209,210,211,212,213,181,182,183,184,185,186,187,188,189,190,158,126,127,127,127,127,127,127,127,127,127,127,127,
goal:127,127,127,127,127,127,127,127,127,127,127,127,127,127,127,127,127,127,127,127,127,127,127,127,127,127,127,127,127,127,127,127,127,127,127,127,127,127,127,127,
size:29
[agent] id:9
path:305,337,369,401,433,465,497,529,561,593,594,626,627,628,629,630,631,632,633,634,635,667,668,669,670,671,703,703,703,703,703,703,703,703,703,703,703,703,703,703,
goal:703,703,703,703,703,703,703,703,703,703,703,703,703,703,703,703,703,703,703,703,703,703,703,703,703,703,703,703,703,703,703,703,703,703,703,703,703,703,703,703,
size:26
[agent] id:10
path:247,215,214,213,212,211,210,178,146,114,82,81,80,79,78,77,45,13,12,11,10,10,10,10,10,10,10,10,10,10,10,10,10,10,10,10,10,10,10,10,
goal:10,10,10,10,10,10,10,10,10,10,10,10,10,10,10,10,10,10,10,10,10,10,10,10,10,10,10,10,10,10,10,10,10,10,10,10,10,10,10,10,
size:20
[agent] id:11
path:27,26,58,57,56,55,54,53,52,84,83,115,114,146,145,144,143,142,174,206,205,204,203,202,201,200,199,231,263,264,264,264,264,264,264,264,264,264,264,264,
goal:264,264,264,264,264,264,264,264,264,264,264,264,264,264,264,264,264,264,264,264,264,264,264,264,264,264,264,264,264,264,264,264,264,264,264,264,264,264,264,264,
size:29
[agent] id:12
path:241,273,305,337,369,401,433,465,497,529,561,593,594,626,658,657,657,657,657,657,657,657,657,657,657,657,657,657,657,657,657,657,657,657,657,657,657,657,657,657,
goal:657,657,657,657,657,657,657,657,657,657,657,657,657,657,657,657,657,657,657,657,657,657,657,657,657,657,657,657,657,657,657,657,657,657,657,657,657,657,657,657,
size:15
[agent] id:13
path:758,726,727,695,663,631,632,633,634,635,636,637,637,637,637,637,637,637,637,637,637,637,637,637,637,637,637,637,637,637,637,637,637,637,637,637,637,637,637,637,
goal:637,637,637,637,637,637,637,637,637,637,637,637,637,637,637,637,637,637,637,637,637,637,637,637,637,637,637,637,637,637,637,637,637,637,637,637,637,637,637,637,
size:11
[agent] id:14
path:747,715,716,717,685,686,687,688,720,721,722,723,724,725,726,727,728,729,697,698,699,700,701,702,702,702,702,702,702,702,702,702,702,702,702,702,702,702,702,702,
goal:702,702,702,702,702,702,702,702,702,702,702,702,702,702,702,702,702,702,702,702,702,702,702,702,702,702,702,702,702,702,702,702,702,702,702,702,702,702,702,702,
size:23
[agent] id:15
path:922,921,953,985,986,987,955,956,924,924,924,924,924,924,924,924,924,924,924,924,924,924,924,924,924,924,924,924,924,924,924,924,924,924,924,924,924,924,924,924,
goal:924,924,924,924,924,924,924,924,924,924,924,924,924,924,924,924,924,924,924,924,924,924,924,924,924,924,924,924,924,924,924,924,924,924,924,924,924,924,924,924,
size:8
[agent] id:16
path:590,622,654,686,687,688,720,721,722,723,724,725,757,758,759,791,792,824,825,857,858,859,860,892,893,925,926,926,926,926,926,926,926,926,926,926,926,926,926,926,
goal:926,926,926,926,926,926,926,926,926,926,926,926,926,926,926,926,926,926,926,926,926,926,926,926,926,926,926,926,926,926,926,926,926,926,926,926,926,926,926,926,
size:26
[agent] id:17
path:687,655,623,591,559,527,526,494,493,461,429,428,427,427,427,427,427,427,427,427,427,427,427,427,427,427,427,427,427,427,427,427,427,427,427,427,427,427,427,427,
goal:427,427,427,427,427,427,427,427,427,427,427,427,427,427,427,427,427,427,427,427,427,427,427,427,427,427,427,427,427,427,427,427,427,427,427,427,427,427,427,427,
size:12
[agent] id:18
path:485,517,549,548,547,579,611,643,644,676,708,707,707,707,707,707,707,707,707,707,707,707,707,707,707,707,707,707,707,707,707,707,707,707,707,707,707,707,707,707,
goal:707,707,707,707,707,707,707,707,707,707,707,707,707,707,707,707,707,707,707,707,707,707,707,707,707,707,707,707,707,707,707,707,707,707,707,707,707,707,707,707,
size:11
[agent] id:19
path:384,416,448,480,512,544,576,577,609,641,673,705,737,738,770,802,803,835,867,899,899,899,899,899,899,899,899,899,899,899,899,899,899,899,899,899,899,899,899,899,
goal:899,899,899,899,899,899,899,899,899,899,899,899,899,899,899,899,899,899,899,899,899,899,899,899,899,899,899,899,899,899,899,899,899,899,899,899,899,899,899,899,
size:19
[agent] id:20
path:997,965,933,934,935,936,937,938,939,940,941,942,943,911,912,913,914,915,915,915,915,915,915,915,915,915,915,915,915,915,915,915,915,915,915,915,915,915,915,915,
goal:915,915,915,915,915,915,915,915,915,915,915,915,915,915,915,915,915,915,915,915,915,915,915,915,915,915,915,915,915,915,915,915,915,915,915,915,915,915,915,915,
size:17
[agent] id:21
path:759,727,695,663,631,599,567,535,534,533,501,469,468,467,466,465,465,465,465,465,465,465,465,465,465,465,465,465,465,465,465,465,465,465,465,465,465,465,465,465,
goal:465,465,465,465,465,465,465,465,465,465,465,465,465,465,465,465,465,465,465,465,465,465,465,465,465,465,465,465,465,465,465,465,465,465,465,465,465,465,465,465,
size:15
[agent] id:22
path:972,940,908,876,844,845,846,847,848,849,850,851,852,853,821,822,823,791,792,793,794,795,796,764,765,766,766,766,766,766,766,766,766,766,766,766,766,766,766,766,
goal:766,766,766,766,766,766,766,766,766,766,766,766,766,766,766,766,766,766,766,766,766,766,766,766,766,766,766,766,766,766,766,766,766,766,766,766,766,766,766,766,
size:25
[agent] id:23
path:721,722,754,786,818,850,882,881,880,879,878,846,845,877,909,941,940,939,938,937,936,935,967,967,967,967,967,967,967,967,967,967,967,967,967,967,967,967,967,967,
goal:967,967,967,967,967,967,967,967,967,967,967,967,967,967,967,967,967,967,967,967,967,967,967,967,967,967,967,967,967,967,967,967,967,967,967,967,967,967,967,967,
size:22
[agent] id:24
path:172,204,236,268,300,301,302,334,366,367,399,431,463,464,465,497,529,561,593,594,626,658,690,722,754,786,818,850,882,883,884,885,886,918,950,982,983,1015,1016,1016,
goal:1016,1016,1016,1016,1016,1016,1016,1016,1016,1016,1016,1016,1016,1016,1016,1016,1016,1016,1016,1016,1016,1016,1016,1016,1016,1016,1016,1016,1016,1016,1016,1016,1016,1016,1016,1016,1016,1016,1016,1016,
size:38
[agent] id:25
path:574,573,605,604,603,571,539,538,537,536,504,472,473,441,409,377,345,313,281,280,248,216,184,185,186,187,155,155,155,155,155,155,155,155,155,155,155,155,155,155,
goal:155,155,155,155,155,155,155,155,155,155,155,155,155,155,155,155,155,155,155,155,155,155,155,155,155,155,155,155,155,155,155,155,155,155,155,155,155,155,155,155,
size:26
[agent] id:26
path:839,807,775,743,711,679,647,615,583,551,519,487,486,454,422,390,358,326,294,262,263,264,296,328,328,328,328,328,328,328,328,328,328,328,328,328,328,328,328,328,
goal:328,328,328,328,328,328,328,328,328,328,328,328,328,328,328,328,328,328,328,328,328,328,328,328,328,328,328,328,328,328,328,328,328,328,328,328,328,328,328,328,
size:23
[agent] id:27
path:501,500,499,498,497,529,528,527,526,494,493,461,429,429,429,429,429,429,429,429,429,429,429,429,429,429,429,429,429,429,429,429,429,429,429,429,429,429,429,429,
goal:429,429,429,429,429,429,429,429,429,429,429,429,429,429,429,429,429,429,429,429,429,429,429,429,429,429,429,429,429,429,429,429,429,429,429,429,429,429,429,429,
size:12
[agent] id:28
path:211,210,209,177,145,144,143,142,174,173,172,171,139,138,137,169,168,167,199,231,230,262,261,260,259,259,259,259,259,259,259,259,259,259,259,259,259,259,259,259,
goal:259,259,259,259,259,259,259,259,259,259,259,259,259,259,259,259,259,259,259,259,259,259,259,259,259,259,259,259,259,259,259,259,259,259,259,259,259,259,259,259,
size:24
[agent] id:29
path:612,613,614,582,550,518,519,520,521,489,457,458,426,394,395,396,364,332,300,268,236,236,204,172,173,174,142,110,78,79,79,79,79,79,79,79,79,79,79,79,
goal:79,79,79,79,79,79,79,79,79,79,79,79,79,79,79,79,79,79,79,79,79,79,79,79,79,79,79,79,79,79,79,79,79,79,79,79,79,79,79,79,
size:29
SolutionCost:655
