[setting] seed:3390
[solver] type:SASB-ECBS
[solver] w:2.000000
[solver] ID:0
[solver] Lowlevelnode:7839
[solver] Highlevelnode:27
[solver] ConflictCount:14
[solver] solved:1
[solver] elapsed:71
[solver] makespan:46
[problem] timesteplimit:15000
[problem] type:MAPF
[problem] agentnum:30
[graph] width:32
[graph] height:32
[graph] filename:./map/32by32_agents10_ex30.map
[task] id:16,start:0,end:0,service time:0,nodes:530,
[task] id:12,start:0,end:0,service time:0,nodes:219,
[task] id:25,start:0,end:0,service time:0,nodes:597,
[task] id:10,start:0,end:0,service time:0,nodes:188,
[task] id:14,start:0,end:0,service time:0,nodes:245,
[task] id:27,start:0,end:0,service time:0,nodes:297,
[task] id:7,start:0,end:0,service time:0,nodes:566,
[task] id:17,start:0,end:0,service time:0,nodes:848,
[task] id:24,start:0,end:0,service time:0,nodes:347,
[task] id:0,start:0,end:0,service time:0,nodes:627,
[task] id:2,start:0,end:0,service time:0,nodes:924,
[task] id:3,start:0,end:0,service time:0,nodes:69,
[task] id:21,start:0,end:0,service time:0,nodes:765,
[task] id:6,start:0,end:0,service time:0,nodes:213,
[task] id:4,start:0,end:0,service time:0,nodes:846,
[task] id:11,start:0,end:0,service time:0,nodes:143,
[task] id:19,start:0,end:0,service time:0,nodes:969,
[task] id:23,start:0,end:0,service time:0,nodes:92,
[task] id:8,start:0,end:0,service time:0,nodes:700,
[task] id:29,start:0,end:0,service time:0,nodes:996,
[task] id:1,start:0,end:0,service time:0,nodes:234,
[task] id:5,start:0,end:0,service time:0,nodes:914,
[task] id:15,start:0,end:0,service time:0,nodes:958,
[task] id:9,start:0,end:0,service time:0,nodes:422,
[task] id:26,start:0,end:0,service time:0,nodes:177,
[task] id:22,start:0,end:0,service time:0,nodes:962,
[task] id:20,start:0,end:0,service time:0,nodes:258,
[task] id:28,start:0,end:0,service time:0,nodes:907,
[task] id:13,start:0,end:0,service time:0,nodes:228,
[task] id:18,start:0,end:0,service time:0,nodes:605,
[agent] id:0
path:86,87,119,151,183,215,247,279,311,310,342,374,406,438,470,469,501,533,565,564,596,628,627,627,627,627,627,627,627,627,627,627,627,627,627,627,627,627,627,627,627,627,627,627,627,627,627,
goal:627,627,627,627,627,627,627,627,627,627,627,627,627,627,627,627,627,627,627,627,627,627,627,627,627,627,627,627,627,627,627,627,627,627,627,627,627,627,627,627,627,627,627,627,627,627,627,
size:22
[agent] id:1
path:1010,978,946,914,882,850,818,786,754,722,690,658,626,594,562,561,529,497,465,433,401,369,337,305,304,303,271,270,269,268,236,235,234,234,234,234,234,234,234,234,234,234,234,234,234,234,234,
goal:234,234,234,234,234,234,234,234,234,234,234,234,234,234,234,234,234,234,234,234,234,234,234,234,234,234,234,234,234,234,234,234,234,234,234,234,234,234,234,234,234,234,234,234,234,234,234,
size:32
[agent] id:2
path:446,478,477,509,508,540,539,571,603,635,667,699,731,730,762,794,793,825,857,858,859,860,892,924,924,924,924,924,924,924,924,924,924,924,924,924,924,924,924,924,924,924,924,924,924,924,924,
goal:924,924,924,924,924,924,924,924,924,924,924,924,924,924,924,924,924,924,924,924,924,924,924,924,924,924,924,924,924,924,924,924,924,924,924,924,924,924,924,924,924,924,924,924,924,924,924,
size:23
[agent] id:3
path:181,213,212,211,210,178,146,145,144,143,142,174,173,172,140,139,107,75,74,73,72,71,70,69,69,69,69,69,69,69,69,69,69,69,69,69,69,69,69,69,69,69,69,69,69,69,69,
goal:69,69,69,69,69,69,69,69,69,69,69,69,69,69,69,69,69,69,69,69,69,69,69,69,69,69,69,69,69,69,69,69,69,69,69,69,69,69,69,69,69,69,69,69,69,69,69,
size:23
[agent] id:4
path:378,410,442,474,473,472,504,536,535,567,599,631,630,629,628,660,692,691,690,689,688,687,686,718,750,782,814,846,846,846,846,846,846,846,846,846,846,846,846,846,846,846,846,846,846,846,846,
goal:846,846,846,846,846,846,846,846,846,846,846,846,846,846,846,846,846,846,846,846,846,846,846,846,846,846,846,846,846,846,846,846,846,846,846,846,846,846,846,846,846,846,846,846,846,846,846,
size:27
[agent] id:5
path:169,201,233,234,235,236,268,300,332,364,396,428,460,461,493,525,557,589,621,653,685,717,749,781,782,814,846,878,879,911,912,913,914,914,914,914,914,914,914,914,914,914,914,914,914,914,914,
goal:914,914,914,914,914,914,914,914,914,914,914,914,914,914,914,914,914,914,914,914,914,914,914,914,914,914,914,914,914,914,914,914,914,914,914,914,914,914,914,914,914,914,914,914,914,914,914,
size:32
[agent] id:6
path:849,850,818,786,754,722,690,658,626,594,562,561,529,497,465,433,401,369,337,305,273,241,209,210,211,212,213,213,213,213,213,213,213,213,213,213,213,213,213,213,213,213,213,213,213,213,213,
goal:213,213,213,213,213,213,213,213,213,213,213,213,213,213,213,213,213,213,213,213,213,213,213,213,213,213,213,213,213,213,213,213,213,213,213,213,213,213,213,213,213,213,213,213,213,213,213,
size:26
[agent] id:7
path:247,279,311,310,342,374,406,438,470,469,501,533,565,566,566,566,566,566,566,566,566,566,566,566,566,566,566,566,566,566,566,566,566,566,566,566,566,566,566,566,566,566,566,566,566,566,566,
goal:566,566,566,566,566,566,566,566,566,566,566,566,566,566,566,566,566,566,566,566,566,566,566,566,566,566,566,566,566,566,566,566,566,566,566,566,566,566,566,566,566,566,566,566,566,566,566,
size:13
[agent] id:8
path:51,52,53,54,86,87,119,151,183,215,247,279,311,312,344,376,408,409,441,473,472,504,536,537,569,570,602,634,635,667,699,700,700,700,700,700,700,700,700,700,700,700,700,700,700,700,700,
goal:700,700,700,700,700,700,700,700,700,700,700,700,700,700,700,700,700,700,700,700,700,700,700,700,700,700,700,700,700,700,700,700,700,700,700,700,700,700,700,700,700,700,700,700,700,700,700,
size:31
[agent] id:9
path:703,671,670,669,637,636,635,634,633,632,631,630,629,628,596,564,563,562,561,529,528,527,526,494,493,461,460,459,458,457,456,424,423,422,422,422,422,422,422,422,422,422,422,422,422,422,422,
goal:422,422,422,422,422,422,422,422,422,422,422,422,422,422,422,422,422,422,422,422,422,422,422,422,422,422,422,422,422,422,422,422,422,422,422,422,422,422,422,422,422,422,422,422,422,422,422,
size:33
[agent] id:10
path:315,316,317,285,286,287,255,223,191,190,189,188,188,188,188,188,188,188,188,188,188,188,188,188,188,188,188,188,188,188,188,188,188,188,188,188,188,188,188,188,188,188,188,188,188,188,188,
goal:188,188,188,188,188,188,188,188,188,188,188,188,188,188,188,188,188,188,188,188,188,188,188,188,188,188,188,188,188,188,188,188,188,188,188,188,188,188,188,188,188,188,188,188,188,188,188,
size:11
[agent] id:11
path:844,845,846,814,782,750,718,686,654,622,590,558,526,527,528,529,497,465,433,401,369,337,305,273,241,209,177,145,144,143,143,143,143,143,143,143,143,143,143,143,143,143,143,143,143,143,143,
goal:143,143,143,143,143,143,143,143,143,143,143,143,143,143,143,143,143,143,143,143,143,143,143,143,143,143,143,143,143,143,143,143,143,143,143,143,143,143,143,143,143,143,143,143,143,143,143,
size:29
[agent] id:12
path:94,126,158,190,189,188,187,219,219,219,219,219,219,219,219,219,219,219,219,219,219,219,219,219,219,219,219,219,219,219,219,219,219,219,219,219,219,219,219,219,219,219,219,219,219,219,219,
goal:219,219,219,219,219,219,219,219,219,219,219,219,219,219,219,219,219,219,219,219,219,219,219,219,219,219,219,219,219,219,219,219,219,219,219,219,219,219,219,219,219,219,219,219,219,219,219,
size:7
[agent] id:13
path:574,606,606,605,604,603,571,570,538,537,536,535,534,533,501,500,468,436,435,403,402,401,369,337,305,273,241,240,239,207,206,205,204,203,202,201,200,199,231,230,229,228,228,228,228,228,228,
goal:228,228,228,228,228,228,228,228,228,228,228,228,228,228,228,228,228,228,228,228,228,228,228,228,228,228,228,228,228,228,228,228,228,228,228,228,228,228,228,228,228,228,228,228,228,228,228,
size:41
[agent] id:14
path:58,90,122,121,153,185,217,216,215,214,213,245,245,245,245,245,245,245,245,245,245,245,245,245,245,245,245,245,245,245,245,245,245,245,245,245,245,245,245,245,245,245,245,245,245,245,245,
goal:245,245,245,245,245,245,245,245,245,245,245,245,245,245,245,245,245,245,245,245,245,245,245,245,245,245,245,245,245,245,245,245,245,245,245,245,245,245,245,245,245,245,245,245,245,245,245,
size:11
[agent] id:15
path:368,400,432,464,465,497,529,561,562,563,564,596,628,660,692,724,725,757,758,759,791,823,824,825,857,858,859,860,892,893,925,957,958,958,958,958,958,958,958,958,958,958,958,958,958,958,958,
goal:958,958,958,958,958,958,958,958,958,958,958,958,958,958,958,958,958,958,958,958,958,958,958,958,958,958,958,958,958,958,958,958,958,958,958,958,958,958,958,958,958,958,958,958,958,958,958,
size:32
[agent] id:16
path:499,531,530,530,530,530,530,530,530,530,530,530,530,530,530,530,530,530,530,530,530,530,530,530,530,530,530,530,530,530,530,530,530,530,530,530,530,530,530,530,530,530,530,530,530,530,530,
goal:530,530,530,530,530,530,530,530,530,530,530,530,530,530,530,530,530,530,530,530,530,530,530,530,530,530,530,530,530,530,530,530,530,530,530,530,530,530,530,530,530,530,530,530,530,530,530,
size:2
[agent] id:17
path:708,709,741,773,805,837,838,839,840,841,842,843,844,845,846,847,848,848,848,848,848,848,848,848,848,848,848,848,848,848,848,848,848,848,848,848,848,848,848,848,848,848,848,848,848,848,848,
goal:848,848,848,848,848,848,848,848,848,848,848,848,848,848,848,848,848,848,848,848,848,848,848,848,848,848,848,848,848,848,848,848,848,848,848,848,848,848,848,848,848,848,848,848,848,848,848,
size:16
[agent] id:18
path:1,33,65,66,67,68,69,101,133,165,166,167,199,200,201,233,234,235,236,268,300,301,302,334,366,367,399,431,463,464,465,497,498,499,500,501,533,534,535,536,537,569,570,602,603,604,605,
goal:605,605,605,605,605,605,605,605,605,605,605,605,605,605,605,605,605,605,605,605,605,605,605,605,605,605,605,605,605,605,605,605,605,605,605,605,605,605,605,605,605,605,605,605,605,605,605,
size:46
[agent] id:19
path:735,734,766,798,797,796,795,794,793,825,824,823,855,887,886,885,884,883,915,914,946,945,944,943,942,974,973,972,971,970,969,969,969,969,969,969,969,969,969,969,969,969,969,969,969,969,969,
goal:969,969,969,969,969,969,969,969,969,969,969,969,969,969,969,969,969,969,969,969,969,969,969,969,969,969,969,969,969,969,969,969,969,969,969,969,969,969,969,969,969,969,969,969,969,969,969,
size:30
[agent] id:20
path:317,349,381,380,379,378,377,345,313,312,311,310,309,308,307,306,274,242,241,240,239,207,206,205,205,204,203,202,201,200,199,231,263,262,261,260,259,258,258,258,258,258,258,258,258,258,258,
goal:258,258,258,258,258,258,258,258,258,258,258,258,258,258,258,258,258,258,258,258,258,258,258,258,258,258,258,258,258,258,258,258,258,258,258,258,258,258,258,258,258,258,258,258,258,258,258,
size:37
[agent] id:21
path:524,556,557,589,621,653,654,655,656,657,658,659,660,661,662,663,695,696,697,698,699,700,701,733,765,765,765,765,765,765,765,765,765,765,765,765,765,765,765,765,765,765,765,765,765,765,765,
goal:765,765,765,765,765,765,765,765,765,765,765,765,765,765,765,765,765,765,765,765,765,765,765,765,765,765,765,765,765,765,765,765,765,765,765,765,765,765,765,765,765,765,765,765,765,765,765,
size:24
[agent] id:22
path:367,399,431,463,464,465,497,529,561,593,592,591,623,655,687,686,718,750,782,814,846,878,877,909,941,940,939,938,937,936,935,967,966,965,964,963,962,962,962,962,962,962,962,962,962,962,962,
goal:962,962,962,962,962,962,962,962,962,962,962,962,962,962,962,962,962,962,962,962,962,962,962,962,962,962,962,962,962,962,962,962,962,962,962,962,962,962,962,962,962,962,962,962,962,962,962,
size:36
[agent] id:23
path:669,637,605,604,603,571,570,538,537,536,504,472,473,441,409,409,377,345,313,281,280,248,216,184,152,120,88,89,90,91,92,92,92,92,92,92,92,92,92,92,92,92,92,92,92,92,92,
goal:92,92,92,92,92,92,92,92,92,92,92,92,92,92,92,92,92,92,92,92,92,92,92,92,92,92,92,92,92,92,92,92,92,92,92,92,92,92,92,92,92,92,92,92,92,92,92,
size:30
[agent] id:24
path:692,660,628,596,564,565,566,534,534,535,503,504,472,473,441,442,410,378,379,347,347,347,347,347,347,347,347,347,347,347,347,347,347,347,347,347,347,347,347,347,347,347,347,347,347,347,347,
goal:347,347,347,347,347,347,347,347,347,347,347,347,347,347,347,347,347,347,347,347,347,347,347,347,347,347,347,347,347,347,347,347,347,347,347,347,347,347,347,347,347,347,347,347,347,347,347,
size:19
[agent] id:25
path:372,373,405,437,469,501,533,565,597,597,597,597,597,597,597,597,597,597,597,597,597,597,597,597,597,597,597,597,597,597,597,597,597,597,597,597,597,597,597,597,597,597,597,597,597,597,597,
goal:597,597,597,597,597,597,597,597,597,597,597,597,597,597,597,597,597,597,597,597,597,597,597,597,597,597,597,597,597,597,597,597,597,597,597,597,597,597,597,597,597,597,597,597,597,597,597,
size:8
[agent] id:26
path:956,924,892,860,859,858,857,825,824,792,760,728,696,664,632,600,599,567,535,534,533,501,469,437,405,373,341,309,308,307,306,274,242,210,178,177,177,177,177,177,177,177,177,177,177,177,177,
goal:177,177,177,177,177,177,177,177,177,177,177,177,177,177,177,177,177,177,177,177,177,177,177,177,177,177,177,177,177,177,177,177,177,177,177,177,177,177,177,177,177,177,177,177,177,177,177,
size:35
[agent] id:27
path:320,288,256,257,258,259,260,261,262,263,264,296,297,297,297,297,297,297,297,297,297,297,297,297,297,297,297,297,297,297,297,297,297,297,297,297,297,297,297,297,297,297,297,297,297,297,297,
goal:297,297,297,297,297,297,297,297,297,297,297,297,297,297,297,297,297,297,297,297,297,297,297,297,297,297,297,297,297,297,297,297,297,297,297,297,297,297,297,297,297,297,297,297,297,297,297,
size:12
[agent] id:28
path:187,219,218,217,216,248,280,312,344,376,408,407,439,439,438,470,469,501,533,565,564,596,628,660,692,724,723,755,754,786,818,850,882,881,880,879,878,877,909,908,907,907,907,907,907,907,907,
goal:907,907,907,907,907,907,907,907,907,907,907,907,907,907,907,907,907,907,907,907,907,907,907,907,907,907,907,907,907,907,907,907,907,907,907,907,907,907,907,907,907,907,907,907,907,907,907,
size:40
[agent] id:29
path:299,331,332,364,396,428,460,459,458,490,522,554,553,552,584,616,648,680,712,744,776,808,840,872,904,936,935,967,999,998,997,996,996,996,996,996,996,996,996,996,996,996,996,996,996,996,996,
goal:996,996,996,996,996,996,996,996,996,996,996,996,996,996,996,996,996,996,996,996,996,996,996,996,996,996,996,996,996,996,996,996,996,996,996,996,996,996,996,996,996,996,996,996,996,996,996,
size:31
SolutionCost:759
