[setting] seed:9432
[solver] type:SASB-ECBS
[solver] w:2.000000
[solver] ID:0
[solver] Lowlevelnode:16686
[solver] Highlevelnode:23
[solver] ConflictCount:12
[solver] solved:1
[solver] elapsed:86
[solver] makespan:50
[problem] timesteplimit:15000
[problem] type:MAPF
[problem] agentnum:30
[graph] width:32
[graph] height:32
[graph] filename:./map/32by32_agents10_ex30.map
[task] id:3,start:0,end:0,service time:0,nodes:276,
[task] id:15,start:0,end:0,service time:0,nodes:745,
[task] id:6,start:0,end:0,service time:0,nodes:42,
[task] id:16,start:0,end:0,service time:0,nodes:835,
[task] id:5,start:0,end:0,service time:0,nodes:433,
[task] id:29,start:0,end:0,service time:0,nodes:836,
[task] id:1,start:0,end:0,service time:0,nodes:234,
[task] id:9,start:0,end:0,service time:0,nodes:391,
[task] id:24,start:0,end:0,service time:0,nodes:935,
[task] id:23,start:0,end:0,service time:0,nodes:939,
[task] id:28,start:0,end:0,service time:0,nodes:596,
[task] id:21,start:0,end:0,service time:0,nodes:714,
[task] id:2,start:0,end:0,service time:0,nodes:449,
[task] id:17,start:0,end:0,service time:0,nodes:452,
[task] id:12,start:0,end:0,service time:0,nodes:607,
[task] id:10,start:0,end:0,service time:0,nodes:261,
[task] id:19,start:0,end:0,service time:0,nodes:627,
[task] id:4,start:0,end:0,service time:0,nodes:112,
[task] id:7,start:0,end:0,service time:0,nodes:369,
[task] id:8,start:0,end:0,service time:0,nodes:900,
[task] id:25,start:0,end:0,service time:0,nodes:474,
[task] id:22,start:0,end:0,service time:0,nodes:49,
[task] id:14,start:0,end:0,service time:0,nodes:437,
[task] id:20,start:0,end:0,service time:0,nodes:454,
[task] id:0,start:0,end:0,service time:0,nodes:901,
[task] id:18,start:0,end:0,service time:0,nodes:66,
[task] id:13,start:0,end:0,service time:0,nodes:235,
[task] id:27,start:0,end:0,service time:0,nodes:957,
[task] id:11,start:0,end:0,service time:0,nodes:1019,
[task] id:26,start:0,end:0,service time:0,nodes:259,
[agent] id:0
path:605,637,669,701,733,765,797,796,795,794,793,825,824,823,855,854,853,852,851,850,849,848,847,846,845,844,843,842,841,840,872,871,870,902,901,901,901,901,901,901,901,901,901,901,901,901,901,901,901,901,901,
goal:901,901,901,901,901,901,901,901,901,901,901,901,901,901,901,901,901,901,901,901,901,901,901,901,901,901,901,901,901,901,901,901,901,901,901,901,901,901,901,901,901,901,901,901,901,901,901,901,901,901,901,
size:34
[agent] id:1
path:273,273,274,242,241,240,239,207,206,205,204,236,235,234,234,234,234,234,234,234,234,234,234,234,234,234,234,234,234,234,234,234,234,234,234,234,234,234,234,234,234,234,234,234,234,234,234,234,234,234,234,
goal:234,234,234,234,234,234,234,234,234,234,234,234,234,234,234,234,234,234,234,234,234,234,234,234,234,234,234,234,234,234,234,234,234,234,234,234,234,234,234,234,234,234,234,234,234,234,234,234,234,234,234,
size:13
[agent] id:2
path:468,467,466,465,497,529,528,527,526,494,493,461,460,459,458,457,456,424,423,422,454,453,452,451,450,449,449,449,449,449,449,449,449,449,449,449,449,449,449,449,449,449,449,449,449,449,449,449,449,449,449,
goal:449,449,449,449,449,449,449,449,449,449,449,449,449,449,449,449,449,449,449,449,449,449,449,449,449,449,449,449,449,449,449,449,449,449,449,449,449,449,449,449,449,449,449,449,449,449,449,449,449,449,449,
size:25
[agent] id:3
path:242,274,306,307,308,276,276,276,276,276,276,276,276,276,276,276,276,276,276,276,276,276,276,276,276,276,276,276,276,276,276,276,276,276,276,276,276,276,276,276,276,276,276,276,276,276,276,276,276,276,276,
goal:276,276,276,276,276,276,276,276,276,276,276,276,276,276,276,276,276,276,276,276,276,276,276,276,276,276,276,276,276,276,276,276,276,276,276,276,276,276,276,276,276,276,276,276,276,276,276,276,276,276,276,
size:5
[agent] id:4
path:879,880,881,849,850,818,786,754,722,690,658,626,594,562,530,498,466,434,402,401,369,337,305,273,241,209,177,145,113,112,112,112,112,112,112,112,112,112,112,112,112,112,112,112,112,112,112,112,112,112,112,
goal:112,112,112,112,112,112,112,112,112,112,112,112,112,112,112,112,112,112,112,112,112,112,112,112,112,112,112,112,112,112,112,112,112,112,112,112,112,112,112,112,112,112,112,112,112,112,112,112,112,112,112,
size:29
[agent] id:5
path:205,206,207,239,271,303,304,336,368,400,432,433,433,433,433,433,433,433,433,433,433,433,433,433,433,433,433,433,433,433,433,433,433,433,433,433,433,433,433,433,433,433,433,433,433,433,433,433,433,433,433,
goal:433,433,433,433,433,433,433,433,433,433,433,433,433,433,433,433,433,433,433,433,433,433,433,433,433,433,433,433,433,433,433,433,433,433,433,433,433,433,433,433,433,433,433,433,433,433,433,433,433,433,433,
size:11
[agent] id:6
path:168,136,104,72,40,41,42,42,42,42,42,42,42,42,42,42,42,42,42,42,42,42,42,42,42,42,42,42,42,42,42,42,42,42,42,42,42,42,42,42,42,42,42,42,42,42,42,42,42,42,42,
goal:42,42,42,42,42,42,42,42,42,42,42,42,42,42,42,42,42,42,42,42,42,42,42,42,42,42,42,42,42,42,42,42,42,42,42,42,42,42,42,42,42,42,42,42,42,42,42,42,42,42,42,
size:6
[agent] id:7
path:805,773,741,709,677,645,613,614,615,615,616,617,618,619,620,621,589,557,525,526,527,528,529,497,465,466,434,402,401,369,369,369,369,369,369,369,369,369,369,369,369,369,369,369,369,369,369,369,369,369,369,
goal:369,369,369,369,369,369,369,369,369,369,369,369,369,369,369,369,369,369,369,369,369,369,369,369,369,369,369,369,369,369,369,369,369,369,369,369,369,369,369,369,369,369,369,369,369,369,369,369,369,369,369,
size:29
[agent] id:8
path:266,234,233,201,200,199,231,263,262,294,326,358,390,422,454,486,518,550,582,614,646,678,710,742,774,806,838,870,902,901,900,900,900,900,900,900,900,900,900,900,900,900,900,900,900,900,900,900,900,900,900,
goal:900,900,900,900,900,900,900,900,900,900,900,900,900,900,900,900,900,900,900,900,900,900,900,900,900,900,900,900,900,900,900,900,900,900,900,900,900,900,900,900,900,900,900,900,900,900,900,900,900,900,900,
size:30
[agent] id:9
path:368,367,366,334,302,301,300,332,364,396,395,394,393,392,391,391,391,391,391,391,391,391,391,391,391,391,391,391,391,391,391,391,391,391,391,391,391,391,391,391,391,391,391,391,391,391,391,391,391,391,391,
goal:391,391,391,391,391,391,391,391,391,391,391,391,391,391,391,391,391,391,391,391,391,391,391,391,391,391,391,391,391,391,391,391,391,391,391,391,391,391,391,391,391,391,391,391,391,391,391,391,391,391,391,
size:14
[agent] id:10
path:630,598,566,565,564,563,531,530,529,528,527,526,494,493,461,460,459,458,457,456,424,423,422,390,358,326,294,262,261,261,261,261,261,261,261,261,261,261,261,261,261,261,261,261,261,261,261,261,261,261,261,
goal:261,261,261,261,261,261,261,261,261,261,261,261,261,261,261,261,261,261,261,261,261,261,261,261,261,261,261,261,261,261,261,261,261,261,261,261,261,261,261,261,261,261,261,261,261,261,261,261,261,261,261,
size:28
[agent] id:11
path:417,449,450,482,514,515,547,579,611,643,644,676,708,709,741,773,805,837,838,839,840,841,842,874,875,876,877,878,879,880,881,882,883,884,885,886,918,950,982,983,984,985,986,987,1019,1019,1019,1019,1019,1019,1019,
goal:1019,1019,1019,1019,1019,1019,1019,1019,1019,1019,1019,1019,1019,1019,1019,1019,1019,1019,1019,1019,1019,1019,1019,1019,1019,1019,1019,1019,1019,1019,1019,1019,1019,1019,1019,1019,1019,1019,1019,1019,1019,1019,1019,1019,1019,1019,1019,1019,1019,1019,1019,
size:44
[agent] id:12
path:240,241,273,305,337,369,401,433,465,497,498,499,500,501,533,534,535,536,537,569,570,602,603,604,605,606,607,607,607,607,607,607,607,607,607,607,607,607,607,607,607,607,607,607,607,607,607,607,607,607,607,
goal:607,607,607,607,607,607,607,607,607,607,607,607,607,607,607,607,607,607,607,607,607,607,607,607,607,607,607,607,607,607,607,607,607,607,607,607,607,607,607,607,607,607,607,607,607,607,607,607,607,607,607,
size:26
[agent] id:13
path:959,927,895,863,831,799,798,766,734,702,670,669,637,605,604,603,571,539,538,537,536,535,534,533,501,469,437,405,373,341,309,308,307,306,305,304,303,271,270,269,268,236,235,235,235,235,235,235,235,235,235,
goal:235,235,235,235,235,235,235,235,235,235,235,235,235,235,235,235,235,235,235,235,235,235,235,235,235,235,235,235,235,235,235,235,235,235,235,235,235,235,235,235,235,235,235,235,235,235,235,235,235,235,235,
size:42
[agent] id:14
path:999,967,935,936,904,872,840,808,776,744,712,680,648,616,584,552,553,554,555,556,524,525,526,527,528,529,497,465,466,434,435,436,437,437,437,437,437,437,437,437,437,437,437,437,437,437,437,437,437,437,437,
goal:437,437,437,437,437,437,437,437,437,437,437,437,437,437,437,437,437,437,437,437,437,437,437,437,437,437,437,437,437,437,437,437,437,437,437,437,437,437,437,437,437,437,437,437,437,437,437,437,437,437,437,
size:32
[agent] id:15
path:616,648,680,712,744,745,745,745,745,745,745,745,745,745,745,745,745,745,745,745,745,745,745,745,745,745,745,745,745,745,745,745,745,745,745,745,745,745,745,745,745,745,745,745,745,745,745,745,745,745,745,
goal:745,745,745,745,745,745,745,745,745,745,745,745,745,745,745,745,745,745,745,745,745,745,745,745,745,745,745,745,745,745,745,745,745,745,745,745,745,745,745,745,745,745,745,745,745,745,745,745,745,745,745,
size:5
[agent] id:16
path:966,934,902,870,838,837,836,835,835,835,835,835,835,835,835,835,835,835,835,835,835,835,835,835,835,835,835,835,835,835,835,835,835,835,835,835,835,835,835,835,835,835,835,835,835,835,835,835,835,835,835,
goal:835,835,835,835,835,835,835,835,835,835,835,835,835,835,835,835,835,835,835,835,835,835,835,835,835,835,835,835,835,835,835,835,835,835,835,835,835,835,835,835,835,835,835,835,835,835,835,835,835,835,835,
size:7
[agent] id:17
path:849,848,847,846,814,782,750,718,686,654,622,590,558,557,556,555,554,522,521,520,519,487,486,454,453,452,452,452,452,452,452,452,452,452,452,452,452,452,452,452,452,452,452,452,452,452,452,452,452,452,452,
goal:452,452,452,452,452,452,452,452,452,452,452,452,452,452,452,452,452,452,452,452,452,452,452,452,452,452,452,452,452,452,452,452,452,452,452,452,452,452,452,452,452,452,452,452,452,452,452,452,452,452,452,
size:25
[agent] id:18
path:842,810,809,808,776,744,712,680,648,616,584,552,520,519,518,517,485,453,421,389,357,358,326,294,262,230,229,197,165,133,101,69,68,67,66,66,66,66,66,66,66,66,66,66,66,66,66,66,66,66,66,
goal:66,66,66,66,66,66,66,66,66,66,66,66,66,66,66,66,66,66,66,66,66,66,66,66,66,66,66,66,66,66,66,66,66,66,66,66,66,66,66,66,66,66,66,66,66,66,66,66,66,66,66,
size:34
[agent] id:19
path:41,73,105,137,169,201,233,234,235,236,268,300,332,364,396,428,460,461,493,525,557,589,590,591,592,593,594,626,627,627,627,627,627,627,627,627,627,627,627,627,627,627,627,627,627,627,627,627,627,627,627,
goal:627,627,627,627,627,627,627,627,627,627,627,627,627,627,627,627,627,627,627,627,627,627,627,627,627,627,627,627,627,627,627,627,627,627,627,627,627,627,627,627,627,627,627,627,627,627,627,627,627,627,627,
size:28
[agent] id:20
path:859,858,857,825,793,792,760,728,696,664,632,600,599,567,566,565,564,563,562,561,560,559,558,557,556,555,554,522,521,520,519,487,486,454,454,454,454,454,454,454,454,454,454,454,454,454,454,454,454,454,454,
goal:454,454,454,454,454,454,454,454,454,454,454,454,454,454,454,454,454,454,454,454,454,454,454,454,454,454,454,454,454,454,454,454,454,454,454,454,454,454,454,454,454,454,454,454,454,454,454,454,454,454,454,
size:33
[agent] id:21
path:133,165,197,229,261,293,294,326,358,390,422,454,486,518,550,582,614,646,678,710,711,712,713,714,714,714,714,714,714,714,714,714,714,714,714,714,714,714,714,714,714,714,714,714,714,714,714,714,714,714,714,
goal:714,714,714,714,714,714,714,714,714,714,714,714,714,714,714,714,714,714,714,714,714,714,714,714,714,714,714,714,714,714,714,714,714,714,714,714,714,714,714,714,714,714,714,714,714,714,714,714,714,714,714,
size:23
[agent] id:22
path:678,646,614,615,583,551,519,520,521,489,457,458,426,394,395,396,364,332,300,268,236,204,172,173,174,142,110,78,79,80,48,49,49,49,49,49,49,49,49,49,49,49,49,49,49,49,49,49,49,49,49,
goal:49,49,49,49,49,49,49,49,49,49,49,49,49,49,49,49,49,49,49,49,49,49,49,49,49,49,49,49,49,49,49,49,49,49,49,49,49,49,49,49,49,49,49,49,49,49,49,49,49,49,49,
size:31
[agent] id:23
path:429,461,493,525,557,589,621,653,685,717,716,715,747,779,811,843,875,907,939,939,939,939,939,939,939,939,939,939,939,939,939,939,939,939,939,939,939,939,939,939,939,939,939,939,939,939,939,939,939,939,939,
goal:939,939,939,939,939,939,939,939,939,939,939,939,939,939,939,939,939,939,939,939,939,939,939,939,939,939,939,939,939,939,939,939,939,939,939,939,939,939,939,939,939,939,939,939,939,939,939,939,939,939,939,
size:18
[agent] id:24
path:518,550,582,614,646,678,710,742,774,806,838,870,902,934,935,935,935,935,935,935,935,935,935,935,935,935,935,935,935,935,935,935,935,935,935,935,935,935,935,935,935,935,935,935,935,935,935,935,935,935,935,
goal:935,935,935,935,935,935,935,935,935,935,935,935,935,935,935,935,935,935,935,935,935,935,935,935,935,935,935,935,935,935,935,935,935,935,935,935,935,935,935,935,935,935,935,935,935,935,935,935,935,935,935,
size:14
[agent] id:25
path:423,424,456,457,489,521,553,554,555,556,557,589,590,591,592,593,594,626,627,628,629,597,598,599,567,535,503,504,472,473,474,474,474,474,474,474,474,474,474,474,474,474,474,474,474,474,474,474,474,474,474,
goal:474,474,474,474,474,474,474,474,474,474,474,474,474,474,474,474,474,474,474,474,474,474,474,474,474,474,474,474,474,474,474,474,474,474,474,474,474,474,474,474,474,474,474,474,474,474,474,474,474,474,474,
size:30
[agent] id:26
path:991,959,927,895,863,831,799,798,766,734,702,670,669,637,636,635,634,633,632,600,599,567,566,565,564,563,531,530,529,528,527,526,494,493,461,460,459,458,457,456,424,423,422,390,358,326,294,293,292,260,259,
goal:259,259,259,259,259,259,259,259,259,259,259,259,259,259,259,259,259,259,259,259,259,259,259,259,259,259,259,259,259,259,259,259,259,259,259,259,259,259,259,259,259,259,259,259,259,259,259,259,259,259,259,
size:50
[agent] id:27
path:356,357,389,421,453,485,517,549,550,582,614,646,647,648,649,650,651,652,653,685,686,687,688,720,721,722,723,724,725,757,758,759,791,823,824,825,857,858,859,860,892,924,956,957,957,957,957,957,957,957,957,
goal:957,957,957,957,957,957,957,957,957,957,957,957,957,957,957,957,957,957,957,957,957,957,957,957,957,957,957,957,957,957,957,957,957,957,957,957,957,957,957,957,957,957,957,957,957,957,957,957,957,957,957,
size:43
[agent] id:28
path:452,484,516,548,549,550,551,552,553,554,555,556,557,589,590,591,592,593,594,626,627,628,596,596,596,596,596,596,596,596,596,596,596,596,596,596,596,596,596,596,596,596,596,596,596,596,596,596,596,596,596,
goal:596,596,596,596,596,596,596,596,596,596,596,596,596,596,596,596,596,596,596,596,596,596,596,596,596,596,596,596,596,596,596,596,596,596,596,596,596,596,596,596,596,596,596,596,596,596,596,596,596,596,596,
size:22
[agent] id:29
path:579,611,643,644,676,708,707,739,771,803,804,836,836,836,836,836,836,836,836,836,836,836,836,836,836,836,836,836,836,836,836,836,836,836,836,836,836,836,836,836,836,836,836,836,836,836,836,836,836,836,836,
goal:836,836,836,836,836,836,836,836,836,836,836,836,836,836,836,836,836,836,836,836,836,836,836,836,836,836,836,836,836,836,836,836,836,836,836,836,836,836,836,836,836,836,836,836,836,836,836,836,836,836,836,
size:11
SolutionCost:742
