[setting] seed:1049
[solver] type:SASB-ECBS
[solver] w:2.000000
[solver] ID:0
[solver] Lowlevelnode:4437
[solver] Highlevelnode:17
[solver] ConflictCount:9
[solver] solved:1
[solver] elapsed:36
[solver] makespan:47
[problem] timesteplimit:15000
[problem] type:MAPF
[problem] agentnum:30
[graph] width:32
[graph] height:32
[graph] filename:./map/32by32_agents10_ex30.map
[task] id:0,start:0,end:0,service time:0,nodes:432,
[task] id:26,start:0,end:0,service time:0,nodes:802,
[task] id:5,start:0,end:0,service time:0,nodes:972,
[task] id:16,start:0,end:0,service time:0,nodes:142,
[task] id:21,start:0,end:0,service time:0,nodes:37,
[task] id:2,start:0,end:0,service time:0,nodes:710,
[task] id:20,start:0,end:0,service time:0,nodes:814,
[task] id:7,start:0,end:0,service time:0,nodes:730,
[task] id:13,start:0,end:0,service time:0,nodes:810,
[task] id:29,start:0,end:0,service time:0,nodes:397,
[task] id:15,start:0,end:0,service time:0,nodes:695,
[task] id:1,start:0,end:0,service time:0,nodes:558,
[task] id:28,start:0,end:0,service time:0,nodes:794,
[task] id:9,start:0,end:0,service time:0,nodes:231,
[task] id:4,start:0,end:0,service time:0,nodes:938,
[task] id:25,start:0,end:0,service time:0,nodes:347,
[task] id:6,start:0,end:0,service time:0,nodes:196,
[task] id:17,start:0,end:0,service time:0,nodes:906,
[task] id:19,start:0,end:0,service time:0,nodes:840,
[task] id:22,start:0,end:0,service time:0,nodes:877,
[task] id:23,start:0,end:0,service time:0,nodes:123,
[task] id:11,start:0,end:0,service time:0,nodes:215,
[task] id:8,start:0,end:0,service time:0,nodes:287,
[task] id:18,start:0,end:0,service time:0,nodes:17,
[task] id:10,start:0,end:0,service time:0,nodes:258,
[task] id:12,start:0,end:0,service time:0,nodes:508,
[task] id:27,start:0,end:0,service time:0,nodes:28,
[task] id:3,start:0,end:0,service time:0,nodes:1021,
[task] id:24,start:0,end:0,service time:0,nodes:126,
[task] id:14,start:0,end:0,service time:0,nodes:1015,
[agent] id:0
path:465,433,432,432,432,432,432,432,432,432,432,432,432,432,432,432,432,432,432,432,432,432,432,432,432,432,432,432,432,432,432,432,432,432,432,432,432,432,432,432,432,432,432,432,432,432,432,432,
goal:432,432,432,432,432,432,432,432,432,432,432,432,432,432,432,432,432,432,432,432,432,432,432,432,432,432,432,432,432,432,432,432,432,432,432,432,432,432,432,432,432,432,432,432,432,432,432,432,
size:2
[agent] id:1
path:867,835,803,771,739,707,708,676,644,612,613,614,582,550,551,552,553,554,555,556,557,558,558,558,558,558,558,558,558,558,558,558,558,558,558,558,558,558,558,558,558,558,558,558,558,558,558,558,
goal:558,558,558,558,558,558,558,558,558,558,558,558,558,558,558,558,558,558,558,558,558,558,558,558,558,558,558,558,558,558,558,558,558,558,558,558,558,558,558,558,558,558,558,558,558,558,558,558,
size:21
[agent] id:2
path:754,722,721,720,688,687,686,718,717,716,715,714,713,712,711,710,710,710,710,710,710,710,710,710,710,710,710,710,710,710,710,710,710,710,710,710,710,710,710,710,710,710,710,710,710,710,710,710,
goal:710,710,710,710,710,710,710,710,710,710,710,710,710,710,710,710,710,710,710,710,710,710,710,710,710,710,710,710,710,710,710,710,710,710,710,710,710,710,710,710,710,710,710,710,710,710,710,710,
size:15
[agent] id:3
path:189,221,222,223,255,287,286,318,317,349,381,413,414,446,478,477,509,508,540,539,571,603,635,667,699,700,701,733,765,797,798,830,831,863,895,927,959,991,990,989,1021,1021,1021,1021,1021,1021,1021,1021,
goal:1021,1021,1021,1021,1021,1021,1021,1021,1021,1021,1021,1021,1021,1021,1021,1021,1021,1021,1021,1021,1021,1021,1021,1021,1021,1021,1021,1021,1021,1021,1021,1021,1021,1021,1021,1021,1021,1021,1021,1021,1021,1021,1021,1021,1021,1021,1021,1021,
size:40
[agent] id:4
path:797,796,795,794,793,825,824,823,855,887,886,885,884,883,915,914,946,945,944,943,942,941,940,939,938,938,938,938,938,938,938,938,938,938,938,938,938,938,938,938,938,938,938,938,938,938,938,938,
goal:938,938,938,938,938,938,938,938,938,938,938,938,938,938,938,938,938,938,938,938,938,938,938,938,938,938,938,938,938,938,938,938,938,938,938,938,938,938,938,938,938,938,938,938,938,938,938,938,
size:24
[agent] id:5
path:869,901,933,934,935,936,937,969,970,971,972,972,972,972,972,972,972,972,972,972,972,972,972,972,972,972,972,972,972,972,972,972,972,972,972,972,972,972,972,972,972,972,972,972,972,972,972,972,
goal:972,972,972,972,972,972,972,972,972,972,972,972,972,972,972,972,972,972,972,972,972,972,972,972,972,972,972,972,972,972,972,972,972,972,972,972,972,972,972,972,972,972,972,972,972,972,972,972,
size:10
[agent] id:6
path:998,966,934,902,870,838,806,774,742,710,678,646,614,582,550,518,486,454,422,390,358,326,294,262,230,229,197,196,196,196,196,196,196,196,196,196,196,196,196,196,196,196,196,196,196,196,196,196,
goal:196,196,196,196,196,196,196,196,196,196,196,196,196,196,196,196,196,196,196,196,196,196,196,196,196,196,196,196,196,196,196,196,196,196,196,196,196,196,196,196,196,196,196,196,196,196,196,196,
size:27
[agent] id:7
path:528,560,592,593,594,626,658,690,722,723,724,725,726,727,728,729,730,730,730,730,730,730,730,730,730,730,730,730,730,730,730,730,730,730,730,730,730,730,730,730,730,730,730,730,730,730,730,730,
goal:730,730,730,730,730,730,730,730,730,730,730,730,730,730,730,730,730,730,730,730,730,730,730,730,730,730,730,730,730,730,730,730,730,730,730,730,730,730,730,730,730,730,730,730,730,730,730,730,
size:16
[agent] id:8
path:8,9,10,11,12,44,45,77,78,110,142,143,144,176,177,209,210,211,212,213,214,215,216,217,218,219,187,188,189,221,222,223,255,287,287,287,287,287,287,287,287,287,287,287,287,287,287,287,
goal:287,287,287,287,287,287,287,287,287,287,287,287,287,287,287,287,287,287,287,287,287,287,287,287,287,287,287,287,287,287,287,287,287,287,287,287,287,287,287,287,287,287,287,287,287,287,287,287,
size:33
[agent] id:9
path:120,152,184,216,215,214,213,212,211,243,242,241,240,239,207,206,205,204,203,202,201,200,199,231,231,231,231,231,231,231,231,231,231,231,231,231,231,231,231,231,231,231,231,231,231,231,231,231,
goal:231,231,231,231,231,231,231,231,231,231,231,231,231,231,231,231,231,231,231,231,231,231,231,231,231,231,231,231,231,231,231,231,231,231,231,231,231,231,231,231,231,231,231,231,231,231,231,231,
size:23
[agent] id:10
path:726,725,693,661,629,597,565,564,563,531,530,529,528,527,526,494,493,461,429,428,396,395,394,393,392,391,359,358,326,294,262,261,260,259,258,258,258,258,258,258,258,258,258,258,258,258,258,258,
goal:258,258,258,258,258,258,258,258,258,258,258,258,258,258,258,258,258,258,258,258,258,258,258,258,258,258,258,258,258,258,258,258,258,258,258,258,258,258,258,258,258,258,258,258,258,258,258,258,
size:34
[agent] id:11
path:161,193,225,257,258,259,227,228,229,230,231,199,200,201,202,203,204,172,204,205,206,207,239,240,241,242,243,211,212,213,214,215,215,215,215,215,215,215,215,215,215,215,215,215,215,215,215,215,
goal:215,215,215,215,215,215,215,215,215,215,215,215,215,215,215,215,215,215,215,215,215,215,215,215,215,215,215,215,215,215,215,215,215,215,215,215,215,215,215,215,215,215,215,215,215,215,215,215,
size:31
[agent] id:12
path:132,133,165,166,167,199,200,201,233,234,235,236,268,300,301,302,334,366,367,399,431,463,464,465,497,498,499,500,501,533,534,535,536,537,538,539,507,508,508,508,508,508,508,508,508,508,508,508,
goal:508,508,508,508,508,508,508,508,508,508,508,508,508,508,508,508,508,508,508,508,508,508,508,508,508,508,508,508,508,508,508,508,508,508,508,508,508,508,508,508,508,508,508,508,508,508,508,508,
size:37
[agent] id:13
path:596,628,660,692,691,690,689,688,687,686,718,717,716,715,747,779,811,810,810,810,810,810,810,810,810,810,810,810,810,810,810,810,810,810,810,810,810,810,810,810,810,810,810,810,810,810,810,810,
goal:810,810,810,810,810,810,810,810,810,810,810,810,810,810,810,810,810,810,810,810,810,810,810,810,810,810,810,810,810,810,810,810,810,810,810,810,810,810,810,810,810,810,810,810,810,810,810,810,
size:17
[agent] id:14
path:260,259,258,290,322,354,355,356,357,358,359,359,391,423,424,456,457,489,521,553,554,555,556,557,589,621,653,685,686,687,688,720,752,753,785,786,818,850,882,883,884,885,886,918,950,982,983,1015,
goal:1015,1015,1015,1015,1015,1015,1015,1015,1015,1015,1015,1015,1015,1015,1015,1015,1015,1015,1015,1015,1015,1015,1015,1015,1015,1015,1015,1015,1015,1015,1015,1015,1015,1015,1015,1015,1015,1015,1015,1015,1015,1015,1015,1015,1015,1015,1015,1015,
size:47
[agent] id:15
path:182,214,213,245,277,309,341,373,405,437,469,501,533,565,597,629,661,662,663,695,695,695,695,695,695,695,695,695,695,695,695,695,695,695,695,695,695,695,695,695,695,695,695,695,695,695,695,695,
goal:695,695,695,695,695,695,695,695,695,695,695,695,695,695,695,695,695,695,695,695,695,695,695,695,695,695,695,695,695,695,695,695,695,695,695,695,695,695,695,695,695,695,695,695,695,695,695,695,
size:19
[agent] id:16
path:432,400,368,336,304,303,271,239,207,206,174,142,142,142,142,142,142,142,142,142,142,142,142,142,142,142,142,142,142,142,142,142,142,142,142,142,142,142,142,142,142,142,142,142,142,142,142,142,
goal:142,142,142,142,142,142,142,142,142,142,142,142,142,142,142,142,142,142,142,142,142,142,142,142,142,142,142,142,142,142,142,142,142,142,142,142,142,142,142,142,142,142,142,142,142,142,142,142,
size:11
[agent] id:17
path:438,470,469,501,533,565,564,596,628,660,692,724,723,755,754,786,818,850,882,881,880,879,878,877,909,908,907,906,906,906,906,906,906,906,906,906,906,906,906,906,906,906,906,906,906,906,906,906,
goal:906,906,906,906,906,906,906,906,906,906,906,906,906,906,906,906,906,906,906,906,906,906,906,906,906,906,906,906,906,906,906,906,906,906,906,906,906,906,906,906,906,906,906,906,906,906,906,906,
size:27
[agent] id:18
path:887,855,823,791,759,727,695,663,631,599,567,535,534,533,501,469,437,405,373,341,309,277,245,213,212,211,210,178,146,114,82,50,18,17,17,17,17,17,17,17,17,17,17,17,17,17,17,17,
goal:17,17,17,17,17,17,17,17,17,17,17,17,17,17,17,17,17,17,17,17,17,17,17,17,17,17,17,17,17,17,17,17,17,17,17,17,17,17,17,17,17,17,17,17,17,17,17,17,
size:33
[agent] id:19
path:703,735,734,766,798,797,796,795,794,793,825,824,823,855,854,853,852,851,850,849,848,847,846,845,844,843,842,841,840,840,840,840,840,840,840,840,840,840,840,840,840,840,840,840,840,840,840,840,
goal:840,840,840,840,840,840,840,840,840,840,840,840,840,840,840,840,840,840,840,840,840,840,840,840,840,840,840,840,840,840,840,840,840,840,840,840,840,840,840,840,840,840,840,840,840,840,840,840,
size:28
[agent] id:20
path:1015,983,982,950,918,886,854,853,852,851,850,849,848,847,846,814,814,814,814,814,814,814,814,814,814,814,814,814,814,814,814,814,814,814,814,814,814,814,814,814,814,814,814,814,814,814,814,814,
goal:814,814,814,814,814,814,814,814,814,814,814,814,814,814,814,814,814,814,814,814,814,814,814,814,814,814,814,814,814,814,814,814,814,814,814,814,814,814,814,814,814,814,814,814,814,814,814,814,
size:15
[agent] id:21
path:174,173,172,140,139,107,75,74,42,41,40,39,38,37,37,37,37,37,37,37,37,37,37,37,37,37,37,37,37,37,37,37,37,37,37,37,37,37,37,37,37,37,37,37,37,37,37,37,
goal:37,37,37,37,37,37,37,37,37,37,37,37,37,37,37,37,37,37,37,37,37,37,37,37,37,37,37,37,37,37,37,37,37,37,37,37,37,37,37,37,37,37,37,37,37,37,37,37,
size:13
[agent] id:22
path:478,477,509,508,540,539,571,603,635,667,699,731,730,762,794,793,825,824,823,855,887,886,885,884,883,882,881,880,879,878,877,877,877,877,877,877,877,877,877,877,877,877,877,877,877,877,877,877,
goal:877,877,877,877,877,877,877,877,877,877,877,877,877,877,877,877,877,877,877,877,877,877,877,877,877,877,877,877,877,877,877,877,877,877,877,877,877,877,877,877,877,877,877,877,877,877,877,877,
size:30
[agent] id:23
path:262,230,231,199,200,201,202,203,204,205,206,207,239,271,239,240,241,209,210,211,212,213,181,182,150,151,119,120,121,122,123,123,123,123,123,123,123,123,123,123,123,123,123,123,123,123,123,123,
goal:123,123,123,123,123,123,123,123,123,123,123,123,123,123,123,123,123,123,123,123,123,123,123,123,123,123,123,123,123,123,123,123,123,123,123,123,123,123,123,123,123,123,123,123,123,123,123,123,
size:30
[agent] id:24
path:895,863,831,830,830,798,766,734,702,670,669,637,605,604,603,571,539,538,537,536,504,472,473,441,409,377,345,313,281,280,248,216,184,185,186,187,188,189,190,158,126,126,126,126,126,126,126,126,
goal:126,126,126,126,126,126,126,126,126,126,126,126,126,126,126,126,126,126,126,126,126,126,126,126,126,126,126,126,126,126,126,126,126,126,126,126,126,126,126,126,126,126,126,126,126,126,126,126,
size:40
[agent] id:25
path:106,138,139,171,203,235,236,268,300,301,302,303,304,305,306,307,308,309,310,311,312,344,345,377,378,379,347,347,347,347,347,347,347,347,347,347,347,347,347,347,347,347,347,347,347,347,347,347,
goal:347,347,347,347,347,347,347,347,347,347,347,347,347,347,347,347,347,347,347,347,347,347,347,347,347,347,347,347,347,347,347,347,347,347,347,347,347,347,347,347,347,347,347,347,347,347,347,347,
size:26
[agent] id:26
path:678,710,742,774,806,805,804,803,802,802,802,802,802,802,802,802,802,802,802,802,802,802,802,802,802,802,802,802,802,802,802,802,802,802,802,802,802,802,802,802,802,802,802,802,802,802,802,802,
goal:802,802,802,802,802,802,802,802,802,802,802,802,802,802,802,802,802,802,802,802,802,802,802,802,802,802,802,802,802,802,802,802,802,802,802,802,802,802,802,802,802,802,802,802,802,802,802,802,
size:8
[agent] id:27
path:420,421,389,390,391,392,393,394,395,396,364,332,300,301,269,270,271,239,240,241,209,177,145,113,81,49,17,18,19,20,21,22,23,24,25,26,27,28,28,28,28,28,28,28,28,28,28,28,
goal:28,28,28,28,28,28,28,28,28,28,28,28,28,28,28,28,28,28,28,28,28,28,28,28,28,28,28,28,28,28,28,28,28,28,28,28,28,28,28,28,28,28,28,28,28,28,28,28,
size:37
[agent] id:28
path:714,715,716,717,685,686,654,655,656,688,720,721,722,723,724,725,757,758,759,791,792,793,794,794,794,794,794,794,794,794,794,794,794,794,794,794,794,794,794,794,794,794,794,794,794,794,794,794,
goal:794,794,794,794,794,794,794,794,794,794,794,794,794,794,794,794,794,794,794,794,794,794,794,794,794,794,794,794,794,794,794,794,794,794,794,794,794,794,794,794,794,794,794,794,794,794,794,794,
size:22
[agent] id:29
path:512,480,448,416,417,418,419,420,421,389,390,391,392,393,394,395,396,397,397,397,397,397,397,397,397,397,397,397,397,397,397,397,397,397,397,397,397,397,397,397,397,397,397,397,397,397,397,397,
goal:397,397,397,397,397,397,397,397,397,397,397,397,397,397,397,397,397,397,397,397,397,397,397,397,397,397,397,397,397,397,397,397,397,397,397,397,397,397,397,397,397,397,397,397,397,397,397,397,
size:17
SolutionCost:733
