[setting] seed:8818
[solver] type:SASB-ECBS
[solver] w:2.000000
[solver] ID:0
[solver] Lowlevelnode:5444
[solver] Highlevelnode:25
[solver] ConflictCount:13
[solver] solved:1
[solver] elapsed:41
[solver] makespan:48
[problem] timesteplimit:15000
[problem] type:MAPF
[problem] agentnum:30
[graph] width:32
[graph] height:32
[graph] filename:./map/32by32_agents10_ex30.map
[task] id:20,start:0,end:0,service time:0,nodes:660,
[task] id:9,start:0,end:0,service time:0,nodes:869,
[task] id:25,start:0,end:0,service time:0,nodes:620,
[task] id:6,start:0,end:0,service time:0,nodes:582,
[task] id:14,start:0,end:0,service time:0,nodes:494,
[task] id:21,start:0,end:0,service time:0,nodes:68,
[task] id:1,start:0,end:0,service time:0,nodes:439,
[task] id:17,start:0,end:0,service time:0,nodes:326,
[task] id:5,start:0,end:0,service time:0,nodes:364,
[task] id:16,start:0,end:0,service time:0,nodes:652,
[task] id:18,start:0,end:0,service time:0,nodes:209,
[task] id:28,start:0,end:0,service time:0,nodes:469,
[task] id:7,start:0,end:0,service time:0,nodes:930,
[task] id:27,start:0,end:0,service time:0,nodes:241,
[task] id:30,start:0,end:0,service time:0,nodes:364,
[task] id:11,start:0,end:0,service time:0,nodes:4,
[task] id:29,start:0,end:0,service time:0,nodes:705,
[task] id:4,start:0,end:0,service time:0,nodes:432,
[task] id:15,start:0,end:0,service time:0,nodes:416,
[task] id:19,start:0,end:0,service time:0,nodes:840,
[task] id:3,start:0,end:0,service time:0,nodes:283,
[task] id:8,start:0,end:0,service time:0,nodes:11,
[task] id:13,start:0,end:0,service time:0,nodes:793,
[task] id:26,start:0,end:0,service time:0,nodes:860,
[task] id:0,start:0,end:0,service time:0,nodes:441,
[task] id:10,start:0,end:0,service time:0,nodes:571,
[task] id:2,start:0,end:0,service time:0,nodes:86,
[task] id:24,start:0,end:0,service time:0,nodes:94,
[task] id:23,start:0,end:0,service time:0,nodes:514,
[task] id:22,start:0,end:0,service time:0,nodes:955,
[task] id:12,start:0,end:0,service time:0,nodes:41,
[agent] id:0
path:640,641,609,577,578,579,547,548,549,550,551,552,553,554,555,556,557,558,559,560,561,562,563,564,565,533,534,535,503,504,472,473,441,441,441,441,441,441,441,441,441,441,441,441,441,441,441,441,441,
goal:441,441,441,441,441,441,441,441,441,441,441,441,441,441,441,441,441,441,441,441,441,441,441,441,441,441,441,441,441,441,441,441,441,441,441,441,441,441,441,441,441,441,441,441,441,441,441,441,441,
size:32
[agent] id:1
path:592,560,528,529,497,465,433,434,435,436,437,438,439,439,439,439,439,439,439,439,439,439,439,439,439,439,439,439,439,439,439,439,439,439,439,439,439,439,439,439,439,439,439,439,439,439,439,439,439,
goal:439,439,439,439,439,439,439,439,439,439,439,439,439,439,439,439,439,439,439,439,439,439,439,439,439,439,439,439,439,439,439,439,439,439,439,439,439,439,439,439,439,439,439,439,439,439,439,439,439,
size:12
[agent] id:2
path:925,893,861,860,859,858,857,825,793,792,760,728,696,664,632,600,599,567,535,503,504,472,473,441,409,377,345,313,281,280,248,216,184,152,120,88,87,86,86,86,86,86,86,86,86,86,86,86,86,
goal:86,86,86,86,86,86,86,86,86,86,86,86,86,86,86,86,86,86,86,86,86,86,86,86,86,86,86,86,86,86,86,86,86,86,86,86,86,86,86,86,86,86,86,86,86,86,86,86,86,
size:37
[agent] id:3
path:361,393,394,395,396,364,332,300,301,302,303,304,305,306,307,308,309,310,311,312,313,345,377,378,379,347,315,283,283,283,283,283,283,283,283,283,283,283,283,283,283,283,283,283,283,283,283,283,283,
goal:283,283,283,283,283,283,283,283,283,283,283,283,283,283,283,283,283,283,283,283,283,283,283,283,283,283,283,283,283,283,283,283,283,283,283,283,283,283,283,283,283,283,283,283,283,283,283,283,283,
size:27
[agent] id:4
path:1005,973,941,909,877,845,846,814,782,750,718,686,654,622,590,558,526,527,528,529,497,465,433,432,432,432,432,432,432,432,432,432,432,432,432,432,432,432,432,432,432,432,432,432,432,432,432,432,432,
goal:432,432,432,432,432,432,432,432,432,432,432,432,432,432,432,432,432,432,432,432,432,432,432,432,432,432,432,432,432,432,432,432,432,432,432,432,432,432,432,432,432,432,432,432,432,432,432,432,432,
size:23
[agent] id:5
path:12,44,45,77,78,110,142,174,173,172,204,236,268,300,332,364,332,331,331,332,364,364,364,364,364,364,364,364,364,364,364,364,364,364,364,364,364,364,364,364,364,364,364,364,364,364,364,364,364,
goal:364,364,364,364,364,364,364,364,364,364,364,364,364,364,364,364,364,364,364,364,364,364,364,364,364,364,364,364,364,364,364,364,364,364,364,364,364,364,364,364,364,364,364,364,364,364,364,364,364,
size:20
[agent] id:6
path:460,459,458,490,522,554,553,552,584,583,582,582,582,582,582,582,582,582,582,582,582,582,582,582,582,582,582,582,582,582,582,582,582,582,582,582,582,582,582,582,582,582,582,582,582,582,582,582,582,
goal:582,582,582,582,582,582,582,582,582,582,582,582,582,582,582,582,582,582,582,582,582,582,582,582,582,582,582,582,582,582,582,582,582,582,582,582,582,582,582,582,582,582,582,582,582,582,582,582,582,
size:10
[agent] id:7
path:487,486,518,550,582,614,646,678,710,742,774,806,838,870,902,901,900,899,931,930,930,930,930,930,930,930,930,930,930,930,930,930,930,930,930,930,930,930,930,930,930,930,930,930,930,930,930,930,930,
goal:930,930,930,930,930,930,930,930,930,930,930,930,930,930,930,930,930,930,930,930,930,930,930,930,930,930,930,930,930,930,930,930,930,930,930,930,930,930,930,930,930,930,930,930,930,930,930,930,930,
size:19
[agent] id:8
path:779,747,715,683,651,619,620,621,589,557,525,493,461,429,397,396,364,332,300,268,236,204,172,140,139,107,75,74,42,10,11,11,11,11,11,11,11,11,11,11,11,11,11,11,11,11,11,11,11,
goal:11,11,11,11,11,11,11,11,11,11,11,11,11,11,11,11,11,11,11,11,11,11,11,11,11,11,11,11,11,11,11,11,11,11,11,11,11,11,11,11,11,11,11,11,11,11,11,11,11,
size:30
[agent] id:9
path:843,842,841,840,872,871,870,869,869,869,869,869,869,869,869,869,869,869,869,869,869,869,869,869,869,869,869,869,869,869,869,869,869,869,869,869,869,869,869,869,869,869,869,869,869,869,869,869,869,
goal:869,869,869,869,869,869,869,869,869,869,869,869,869,869,869,869,869,869,869,869,869,869,869,869,869,869,869,869,869,869,869,869,869,869,869,869,869,869,869,869,869,869,869,869,869,869,869,869,869,
size:7
[agent] id:10
path:801,802,803,804,805,806,807,808,809,810,778,779,747,715,716,717,685,653,654,655,656,657,658,626,627,628,629,630,631,632,633,634,602,570,571,571,571,571,571,571,571,571,571,571,571,571,571,571,571,
goal:571,571,571,571,571,571,571,571,571,571,571,571,571,571,571,571,571,571,571,571,571,571,571,571,571,571,571,571,571,571,571,571,571,571,571,571,571,571,571,571,571,571,571,571,571,571,571,571,571,
size:34
[agent] id:11
path:551,519,487,486,454,422,390,358,326,294,262,230,229,197,165,133,101,69,37,5,4,4,4,4,4,4,4,4,4,4,4,4,4,4,4,4,4,4,4,4,4,4,4,4,4,4,4,4,4,
goal:4,4,4,4,4,4,4,4,4,4,4,4,4,4,4,4,4,4,4,4,4,4,4,4,4,4,4,4,4,4,4,4,4,4,4,4,4,4,4,4,4,4,4,4,4,4,4,4,4,
size:20
[agent] id:12
path:956,924,892,892,860,859,858,857,825,793,792,760,728,696,664,632,600,599,567,535,534,533,501,500,468,436,435,403,402,401,369,337,305,304,303,271,239,207,206,174,173,172,140,139,107,75,74,42,41,
goal:41,41,41,41,41,41,41,41,41,41,41,41,41,41,41,41,41,41,41,41,41,41,41,41,41,41,41,41,41,41,41,41,41,41,41,41,41,41,41,41,41,41,41,41,41,41,41,41,41,
size:48
[agent] id:13
path:58,90,122,121,153,185,217,216,248,280,312,344,376,408,409,441,473,472,504,536,535,567,599,631,663,695,727,759,791,792,793,793,793,793,793,793,793,793,793,793,793,793,793,793,793,793,793,793,793,
goal:793,793,793,793,793,793,793,793,793,793,793,793,793,793,793,793,793,793,793,793,793,793,793,793,793,793,793,793,793,793,793,793,793,793,793,793,793,793,793,793,793,793,793,793,793,793,793,793,793,
size:30
[agent] id:14
path:567,566,565,564,563,531,530,529,528,527,526,494,494,494,494,494,494,494,494,494,494,494,494,494,494,494,494,494,494,494,494,494,494,494,494,494,494,494,494,494,494,494,494,494,494,494,494,494,494,
goal:494,494,494,494,494,494,494,494,494,494,494,494,494,494,494,494,494,494,494,494,494,494,494,494,494,494,494,494,494,494,494,494,494,494,494,494,494,494,494,494,494,494,494,494,494,494,494,494,494,
size:11
[agent] id:15
path:206,205,204,236,268,300,299,331,332,364,396,395,394,393,392,424,423,422,421,420,419,418,417,416,416,416,416,416,416,416,416,416,416,416,416,416,416,416,416,416,416,416,416,416,416,416,416,416,416,
goal:416,416,416,416,416,416,416,416,416,416,416,416,416,416,416,416,416,416,416,416,416,416,416,416,416,416,416,416,416,416,416,416,416,416,416,416,416,416,416,416,416,416,416,416,416,416,416,416,416,
size:23
[agent] id:16
path:945,913,881,880,879,878,878,846,814,782,750,718,686,654,653,652,652,652,652,652,652,652,652,652,652,652,652,652,652,652,652,652,652,652,652,652,652,652,652,652,652,652,652,652,652,652,652,652,652,
goal:652,652,652,652,652,652,652,652,652,652,652,652,652,652,652,652,652,652,652,652,652,652,652,652,652,652,652,652,652,652,652,652,652,652,652,652,652,652,652,652,652,652,652,652,652,652,652,652,652,
size:15
[agent] id:17
path:544,512,480,448,416,384,352,353,354,355,356,357,358,326,326,326,326,326,326,326,326,326,326,326,326,326,326,326,326,326,326,326,326,326,326,326,326,326,326,326,326,326,326,326,326,326,326,326,326,
goal:326,326,326,326,326,326,326,326,326,326,326,326,326,326,326,326,326,326,326,326,326,326,326,326,326,326,326,326,326,326,326,326,326,326,326,326,326,326,326,326,326,326,326,326,326,326,326,326,326,
size:13
[agent] id:18
path:165,166,167,199,200,201,202,203,204,205,206,207,239,240,241,209,209,209,209,209,209,209,209,209,209,209,209,209,209,209,209,209,209,209,209,209,209,209,209,209,209,209,209,209,209,209,209,209,209,
goal:209,209,209,209,209,209,209,209,209,209,209,209,209,209,209,209,209,209,209,209,209,209,209,209,209,209,209,209,209,209,209,209,209,209,209,209,209,209,209,209,209,209,209,209,209,209,209,209,209,
size:15
[agent] id:19
path:402,434,466,498,530,562,594,626,658,690,722,754,786,818,850,849,848,847,846,845,844,843,842,841,840,840,840,840,840,840,840,840,840,840,840,840,840,840,840,840,840,840,840,840,840,840,840,840,840,
goal:840,840,840,840,840,840,840,840,840,840,840,840,840,840,840,840,840,840,840,840,840,840,840,840,840,840,840,840,840,840,840,840,840,840,840,840,840,840,840,840,840,840,840,840,840,840,840,840,840,
size:24
[agent] id:20
path:753,721,689,657,658,659,660,660,660,660,660,660,660,660,660,660,660,660,660,660,660,660,660,660,660,660,660,660,660,660,660,660,660,660,660,660,660,660,660,660,660,660,660,660,660,660,660,660,660,
goal:660,660,660,660,660,660,660,660,660,660,660,660,660,660,660,660,660,660,660,660,660,660,660,660,660,660,660,660,660,660,660,660,660,660,660,660,660,660,660,660,660,660,660,660,660,660,660,660,660,
size:6
[agent] id:21
path:203,171,139,107,75,74,73,72,71,70,69,68,68,68,68,68,68,68,68,68,68,68,68,68,68,68,68,68,68,68,68,68,68,68,68,68,68,68,68,68,68,68,68,68,68,68,68,68,68,
goal:68,68,68,68,68,68,68,68,68,68,68,68,68,68,68,68,68,68,68,68,68,68,68,68,68,68,68,68,68,68,68,68,68,68,68,68,68,68,68,68,68,68,68,68,68,68,68,68,68,
size:11
[agent] id:22
path:138,139,140,172,204,236,268,269,270,271,271,303,304,336,368,400,432,464,465,497,498,530,562,594,626,658,690,722,754,786,818,850,882,883,884,885,886,918,950,982,983,984,985,986,987,955,955,955,955,
goal:955,955,955,955,955,955,955,955,955,955,955,955,955,955,955,955,955,955,955,955,955,955,955,955,955,955,955,955,955,955,955,955,955,955,955,955,955,955,955,955,955,955,955,955,955,955,955,955,955,
size:45
[agent] id:23
path:989,957,925,893,861,860,859,858,857,825,793,792,760,728,727,726,725,693,692,691,690,689,688,656,655,623,591,559,558,557,556,555,554,522,521,520,519,518,517,516,515,514,514,514,514,514,514,514,514,
goal:514,514,514,514,514,514,514,514,514,514,514,514,514,514,514,514,514,514,514,514,514,514,514,514,514,514,514,514,514,514,514,514,514,514,514,514,514,514,514,514,514,514,514,514,514,514,514,514,514,
size:41
[agent] id:24
path:619,620,621,589,557,558,559,560,561,562,530,498,499,500,500,468,436,437,405,373,341,309,277,245,213,181,182,150,151,119,87,88,89,90,91,92,93,94,94,94,94,94,94,94,94,94,94,94,94,
goal:94,94,94,94,94,94,94,94,94,94,94,94,94,94,94,94,94,94,94,94,94,94,94,94,94,94,94,94,94,94,94,94,94,94,94,94,94,94,94,94,94,94,94,94,94,94,94,94,94,
size:37
[agent] id:25
path:549,550,582,614,615,616,617,618,619,620,620,620,620,620,620,620,620,620,620,620,620,620,620,620,620,620,620,620,620,620,620,620,620,620,620,620,620,620,620,620,620,620,620,620,620,620,620,620,620,
goal:620,620,620,620,620,620,620,620,620,620,620,620,620,620,620,620,620,620,620,620,620,620,620,620,620,620,620,620,620,620,620,620,620,620,620,620,620,620,620,620,620,620,620,620,620,620,620,620,620,
size:9
[agent] id:26
path:303,304,336,368,400,432,464,465,497,529,561,593,594,626,658,690,722,723,724,725,757,758,759,791,823,824,825,857,858,859,860,860,860,860,860,860,860,860,860,860,860,860,860,860,860,860,860,860,860,
goal:860,860,860,860,860,860,860,860,860,860,860,860,860,860,860,860,860,860,860,860,860,860,860,860,860,860,860,860,860,860,860,860,860,860,860,860,860,860,860,860,860,860,860,860,860,860,860,860,860,
size:30
[agent] id:27
path:555,556,557,558,559,560,561,562,530,498,466,434,402,402,401,369,337,305,273,241,241,241,241,241,241,241,241,241,241,241,241,241,241,241,241,241,241,241,241,241,241,241,241,241,241,241,241,241,241,
goal:241,241,241,241,241,241,241,241,241,241,241,241,241,241,241,241,241,241,241,241,241,241,241,241,241,241,241,241,241,241,241,241,241,241,241,241,241,241,241,241,241,241,241,241,241,241,241,241,241,
size:19
[agent] id:28
path:299,300,301,302,334,366,367,399,431,463,464,465,466,467,468,469,469,469,469,469,469,469,469,469,469,469,469,469,469,469,469,469,469,469,469,469,469,469,469,469,469,469,469,469,469,469,469,469,469,
goal:469,469,469,469,469,469,469,469,469,469,469,469,469,469,469,469,469,469,469,469,469,469,469,469,469,469,469,469,469,469,469,469,469,469,469,469,469,469,469,469,469,469,469,469,469,469,469,469,469,
size:15
[agent] id:29
path:942,941,909,877,845,844,812,811,779,747,715,714,713,712,711,710,709,708,707,706,705,705,705,705,705,705,705,705,705,705,705,705,705,705,705,705,705,705,705,705,705,705,705,705,705,705,705,705,705,
goal:705,705,705,705,705,705,705,705,705,705,705,705,705,705,705,705,705,705,705,705,705,705,705,705,705,705,705,705,705,705,705,705,705,705,705,705,705,705,705,705,705,705,705,705,705,705,705,705,705,
size:20
SolutionCost:683
