[setting] seed:1787
[solver] type:SASB-ECBS
[solver] w:2.000000
[solver] ID:0
[solver] Lowlevelnode:9104
[solver] Highlevelnode:23
[solver] ConflictCount:12
[solver] solved:1
[solver] elapsed:69
[solver] makespan:44
[problem] timesteplimit:15000
[problem] type:MAPF
[problem] agentnum:30
[graph] width:32
[graph] height:32
[graph] filename:./map/32by32_agents10_ex30.map
[task] id:25,start:0,end:0,service time:0,nodes:60,
[task] id:6,start:0,end:0,service time:0,nodes:640,
[task] id:10,start:0,end:0,service time:0,nodes:78,
[task] id:5,start:0,end:0,service time:0,nodes:424,
[task] id:11,start:0,end:0,service time:0,nodes:984,
[task] id:29,start:0,end:0,service time:0,nodes:484,
[task] id:8,start:0,end:0,service time:0,nodes:185,
[task] id:16,start:0,end:0,service time:0,nodes:850,
[task] id:1,start:0,end:0,service time:0,nodes:243,
[task] id:26,start:0,end:0,service time:0,nodes:202,
[task] id:9,start:0,end:0,service time:0,nodes:779,
[task] id:7,start:0,end:0,service time:0,nodes:596,
[task] id:28,start:0,end:0,service time:0,nodes:287,
[task] id:20,start:0,end:0,service time:0,nodes:402,
[task] id:23,start:0,end:0,service time:0,nodes:933,
[task] id:4,start:0,end:0,service time:0,nodes:453,
[task] id:15,start:0,end:0,service time:0,nodes:871,
[task] id:21,start:0,end:0,service time:0,nodes:781,
[task] id:19,start:0,end:0,service time:0,nodes:950,
[task] id:22,start:0,end:0,service time:0,nodes:17,
[task] id:17,start:0,end:0,service time:0,nodes:50,
[task] id:0,start:0,end:0,service time:0,nodes:702,
[task] id:18,start:0,end:0,service time:0,nodes:26,
[task] id:27,start:0,end:0,service time:0,nodes:913,
[task] id:2,start:0,end:0,service time:0,nodes:8,
[task] id:3,start:0,end:0,service time:0,nodes:548,
[task] id:13,start:0,end:0,service time:0,nodes:35,
[task] id:24,start:0,end:0,service time:0,nodes:521,
[task] id:12,start:0,end:0,service time:0,nodes:938,
[task] id:14,start:0,end:0,service time:0,nodes:10,
[agent] id:0
path:178,210,211,212,213,245,277,309,341,373,405,406,438,470,469,501,533,565,597,629,661,662,663,695,696,697,698,699,700,701,702,702,702,702,702,702,702,702,702,702,702,702,702,702,702,
goal:702,702,702,702,702,702,702,702,702,702,702,702,702,702,702,702,702,702,702,702,702,702,702,702,702,702,702,702,702,702,702,702,702,702,702,702,702,702,702,702,702,702,702,702,702,
size:30
[agent] id:1
path:296,264,263,231,199,200,201,202,203,204,205,206,207,239,240,241,242,243,243,243,243,243,243,243,243,243,243,243,243,243,243,243,243,243,243,243,243,243,243,243,243,243,243,243,243,
goal:243,243,243,243,243,243,243,243,243,243,243,243,243,243,243,243,243,243,243,243,243,243,243,243,243,243,243,243,243,243,243,243,243,243,243,243,243,243,243,243,243,243,243,243,243,
size:17
[agent] id:2
path:779,747,715,683,651,619,618,617,616,584,552,520,519,487,486,454,422,390,358,326,294,262,230,231,199,167,135,103,71,39,7,8,8,8,8,8,8,8,8,8,8,8,8,8,8,
goal:8,8,8,8,8,8,8,8,8,8,8,8,8,8,8,8,8,8,8,8,8,8,8,8,8,8,8,8,8,8,8,8,8,8,8,8,8,8,8,8,8,8,8,8,8,
size:31
[agent] id:3
path:317,349,381,380,379,378,410,442,474,473,472,504,536,535,567,566,565,564,563,562,561,560,559,558,557,556,555,554,553,552,551,550,549,548,548,548,548,548,548,548,548,548,548,548,548,
goal:548,548,548,548,548,548,548,548,548,548,548,548,548,548,548,548,548,548,548,548,548,548,548,548,548,548,548,548,548,548,548,548,548,548,548,548,548,548,548,548,548,548,548,548,548,
size:33
[agent] id:4
path:342,310,310,309,308,307,306,305,304,303,302,301,300,332,364,396,395,394,393,392,391,423,422,454,453,453,453,453,453,453,453,453,453,453,453,453,453,453,453,453,453,453,453,453,453,
goal:453,453,453,453,453,453,453,453,453,453,453,453,453,453,453,453,453,453,453,453,453,453,453,453,453,453,453,453,453,453,453,453,453,453,453,453,453,453,453,453,453,453,453,453,453,
size:24
[agent] id:5
path:416,417,418,419,420,421,422,423,424,424,424,424,424,424,424,424,424,424,424,424,424,424,424,424,424,424,424,424,424,424,424,424,424,424,424,424,424,424,424,424,424,424,424,424,424,
goal:424,424,424,424,424,424,424,424,424,424,424,424,424,424,424,424,424,424,424,424,424,424,424,424,424,424,424,424,424,424,424,424,424,424,424,424,424,424,424,424,424,424,424,424,424,
size:8
[agent] id:6
path:739,707,706,705,673,641,640,640,640,640,640,640,640,640,640,640,640,640,640,640,640,640,640,640,640,640,640,640,640,640,640,640,640,640,640,640,640,640,640,640,640,640,640,640,640,
goal:640,640,640,640,640,640,640,640,640,640,640,640,640,640,640,640,640,640,640,640,640,640,640,640,640,640,640,640,640,640,640,640,640,640,640,640,640,640,640,640,640,640,640,640,640,
size:6
[agent] id:7
path:895,863,831,799,798,766,734,702,670,669,637,636,635,634,633,632,600,599,598,597,596,596,596,596,596,596,596,596,596,596,596,596,596,596,596,596,596,596,596,596,596,596,596,596,596,
goal:596,596,596,596,596,596,596,596,596,596,596,596,596,596,596,596,596,596,596,596,596,596,596,596,596,596,596,596,596,596,596,596,596,596,596,596,596,596,596,596,596,596,596,596,596,
size:20
[agent] id:8
path:535,503,504,472,473,441,409,377,345,313,281,280,248,216,184,185,185,185,185,185,185,185,185,185,185,185,185,185,185,185,185,185,185,185,185,185,185,185,185,185,185,185,185,185,185,
goal:185,185,185,185,185,185,185,185,185,185,185,185,185,185,185,185,185,185,185,185,185,185,185,185,185,185,185,185,185,185,185,185,185,185,185,185,185,185,185,185,185,185,185,185,185,
size:15
[agent] id:9
path:793,792,791,823,822,821,853,852,851,850,849,848,847,846,845,844,812,811,779,779,779,779,779,779,779,779,779,779,779,779,779,779,779,779,779,779,779,779,779,779,779,779,779,779,779,
goal:779,779,779,779,779,779,779,779,779,779,779,779,779,779,779,779,779,779,779,779,779,779,779,779,779,779,779,779,779,779,779,779,779,779,779,779,779,779,779,779,779,779,779,779,779,
size:18
[agent] id:10
path:52,84,83,82,81,80,79,78,78,78,78,78,78,78,78,78,78,78,78,78,78,78,78,78,78,78,78,78,78,78,78,78,78,78,78,78,78,78,78,78,78,78,78,78,78,
goal:78,78,78,78,78,78,78,78,78,78,78,78,78,78,78,78,78,78,78,78,78,78,78,78,78,78,78,78,78,78,78,78,78,78,78,78,78,78,78,78,78,78,78,78,78,
size:7
[agent] id:11
path:695,727,759,791,823,855,887,919,920,952,984,984,984,984,984,984,984,984,984,984,984,984,984,984,984,984,984,984,984,984,984,984,984,984,984,984,984,984,984,984,984,984,984,984,984,
goal:984,984,984,984,984,984,984,984,984,984,984,984,984,984,984,984,984,984,984,984,984,984,984,984,984,984,984,984,984,984,984,984,984,984,984,984,984,984,984,984,984,984,984,984,984,
size:10
[agent] id:12
path:7,39,71,103,135,167,199,231,263,262,294,326,358,390,422,421,453,485,517,549,550,582,614,646,678,710,742,774,806,838,870,902,934,935,936,937,938,938,938,938,938,938,938,938,938,
goal:938,938,938,938,938,938,938,938,938,938,938,938,938,938,938,938,938,938,938,938,938,938,938,938,938,938,938,938,938,938,938,938,938,938,938,938,938,938,938,938,938,938,938,938,938,
size:36
[agent] id:13
path:833,801,802,770,738,706,707,708,676,644,612,613,614,582,550,518,486,454,422,390,358,326,294,262,230,229,197,165,133,101,69,37,36,35,35,35,35,35,35,35,35,35,35,35,35,
goal:35,35,35,35,35,35,35,35,35,35,35,35,35,35,35,35,35,35,35,35,35,35,35,35,35,35,35,35,35,35,35,35,35,35,35,35,35,35,35,35,35,35,35,35,35,
size:33
[agent] id:14
path:798,766,734,702,670,669,637,605,604,603,571,539,538,537,536,535,534,533,501,469,437,405,373,341,309,308,307,306,274,242,241,240,239,207,206,174,173,172,140,139,107,75,74,42,10,
goal:10,10,10,10,10,10,10,10,10,10,10,10,10,10,10,10,10,10,10,10,10,10,10,10,10,10,10,10,10,10,10,10,10,10,10,10,10,10,10,10,10,10,10,10,10,
size:44
[agent] id:15
path:268,300,332,364,396,428,460,459,458,490,522,554,553,552,584,616,648,680,712,744,776,808,840,872,871,871,871,871,871,871,871,871,871,871,871,871,871,871,871,871,871,871,871,871,871,
goal:871,871,871,871,871,871,871,871,871,871,871,871,871,871,871,871,871,871,871,871,871,871,871,871,871,871,871,871,871,871,871,871,871,871,871,871,871,871,871,871,871,871,871,871,871,
size:24
[agent] id:16
path:463,464,465,497,529,561,593,594,626,658,690,722,754,786,818,850,850,850,850,850,850,850,850,850,850,850,850,850,850,850,850,850,850,850,850,850,850,850,850,850,850,850,850,850,850,
goal:850,850,850,850,850,850,850,850,850,850,850,850,850,850,850,850,850,850,850,850,850,850,850,850,850,850,850,850,850,850,850,850,850,850,850,850,850,850,850,850,850,850,850,850,850,
size:15
[agent] id:17
path:162,161,193,225,257,258,259,227,228,229,230,231,199,200,201,202,203,171,172,173,174,142,110,111,79,80,48,49,50,50,50,50,50,50,50,50,50,50,50,50,50,50,50,50,50,
goal:50,50,50,50,50,50,50,50,50,50,50,50,50,50,50,50,50,50,50,50,50,50,50,50,50,50,50,50,50,50,50,50,50,50,50,50,50,50,50,50,50,50,50,50,50,
size:28
[agent] id:18
path:724,692,660,628,596,564,563,531,499,467,435,436,437,405,373,341,309,277,245,213,181,182,150,151,119,87,55,23,24,25,26,26,26,26,26,26,26,26,26,26,26,26,26,26,26,
goal:26,26,26,26,26,26,26,26,26,26,26,26,26,26,26,26,26,26,26,26,26,26,26,26,26,26,26,26,26,26,26,26,26,26,26,26,26,26,26,26,26,26,26,26,26,
size:30
[agent] id:19
path:307,308,309,341,373,405,437,469,501,533,565,597,629,661,693,725,757,758,759,791,823,855,887,919,918,950,950,950,950,950,950,950,950,950,950,950,950,950,950,950,950,950,950,950,950,
goal:950,950,950,950,950,950,950,950,950,950,950,950,950,950,950,950,950,950,950,950,950,950,950,950,950,950,950,950,950,950,950,950,950,950,950,950,950,950,950,950,950,950,950,950,950,
size:25
[agent] id:20
path:886,854,853,852,851,819,819,819,818,786,754,755,723,691,659,627,626,594,562,530,498,466,434,402,402,402,402,402,402,402,402,402,402,402,402,402,402,402,402,402,402,402,402,402,402,
goal:402,402,402,402,402,402,402,402,402,402,402,402,402,402,402,402,402,402,402,402,402,402,402,402,402,402,402,402,402,402,402,402,402,402,402,402,402,402,402,402,402,402,402,402,402,
size:23
[agent] id:21
path:376,408,407,439,438,470,469,501,533,565,597,629,661,693,692,691,690,689,688,687,686,718,750,782,781,781,781,781,781,781,781,781,781,781,781,781,781,781,781,781,781,781,781,781,781,
goal:781,781,781,781,781,781,781,781,781,781,781,781,781,781,781,781,781,781,781,781,781,781,781,781,781,781,781,781,781,781,781,781,781,781,781,781,781,781,781,781,781,781,781,781,781,
size:24
[agent] id:22
path:33,65,66,67,68,69,70,71,72,73,74,106,138,139,171,172,173,174,142,110,111,79,80,48,49,17,17,17,17,17,17,17,17,17,17,17,17,17,17,17,17,17,17,17,17,
goal:17,17,17,17,17,17,17,17,17,17,17,17,17,17,17,17,17,17,17,17,17,17,17,17,17,17,17,17,17,17,17,17,17,17,17,17,17,17,17,17,17,17,17,17,17,
size:25
[agent] id:23
path:626,658,690,722,754,786,818,850,882,914,946,945,944,943,942,941,940,939,938,937,936,935,934,933,933,933,933,933,933,933,933,933,933,933,933,933,933,933,933,933,933,933,933,933,933,
goal:933,933,933,933,933,933,933,933,933,933,933,933,933,933,933,933,933,933,933,933,933,933,933,933,933,933,933,933,933,933,933,933,933,933,933,933,933,933,933,933,933,933,933,933,933,
size:23
[agent] id:24
path:93,92,91,123,155,187,186,185,184,183,215,247,279,311,310,309,308,307,306,305,304,303,302,301,300,332,364,396,428,460,459,458,490,522,521,521,521,521,521,521,521,521,521,521,521,
goal:521,521,521,521,521,521,521,521,521,521,521,521,521,521,521,521,521,521,521,521,521,521,521,521,521,521,521,521,521,521,521,521,521,521,521,521,521,521,521,521,521,521,521,521,521,
size:34
[agent] id:25
path:31,63,62,61,60,60,60,60,60,60,60,60,60,60,60,60,60,60,60,60,60,60,60,60,60,60,60,60,60,60,60,60,60,60,60,60,60,60,60,60,60,60,60,60,60,
goal:60,60,60,60,60,60,60,60,60,60,60,60,60,60,60,60,60,60,60,60,60,60,60,60,60,60,60,60,60,60,60,60,60,60,60,60,60,60,60,60,60,60,60,60,60,
size:4
[agent] id:26
path:435,403,402,401,369,337,305,304,303,271,270,269,268,236,235,234,234,202,202,202,202,202,202,202,202,202,202,202,202,202,202,202,202,202,202,202,202,202,202,202,202,202,202,202,202,
goal:202,202,202,202,202,202,202,202,202,202,202,202,202,202,202,202,202,202,202,202,202,202,202,202,202,202,202,202,202,202,202,202,202,202,202,202,202,202,202,202,202,202,202,202,202,
size:17
[agent] id:27
path:356,357,389,421,453,485,517,549,550,582,614,646,678,710,742,774,806,838,839,840,841,842,874,875,876,877,878,879,911,912,913,913,913,913,913,913,913,913,913,913,913,913,913,913,913,
goal:913,913,913,913,913,913,913,913,913,913,913,913,913,913,913,913,913,913,913,913,913,913,913,913,913,913,913,913,913,913,913,913,913,913,913,913,913,913,913,913,913,913,913,913,913,
size:30
[agent] id:28
path:240,241,242,243,211,212,213,214,215,216,217,218,219,187,188,189,221,222,223,255,287,287,287,287,287,287,287,287,287,287,287,287,287,287,287,287,287,287,287,287,287,287,287,287,287,
goal:287,287,287,287,287,287,287,287,287,287,287,287,287,287,287,287,287,287,287,287,287,287,287,287,287,287,287,287,287,287,287,287,287,287,287,287,287,287,287,287,287,287,287,287,287,
size:20
[agent] id:29
path:738,706,705,673,641,609,577,545,513,514,482,483,484,484,484,484,484,484,484,484,484,484,484,484,484,484,484,484,484,484,484,484,484,484,484,484,484,484,484,484,484,484,484,484,484,
goal:484,484,484,484,484,484,484,484,484,484,484,484,484,484,484,484,484,484,484,484,484,484,484,484,484,484,484,484,484,484,484,484,484,484,484,484,484,484,484,484,484,484,484,484,484,
size:12
SolutionCost:666
