[setting] seed:5348
[solver] type:SASB-ECBS
[solver] w:2.000000
[solver] ID:0
[solver] Lowlevelnode:7512
[solver] Highlevelnode:33
[solver] ConflictCount:17
[solver] solved:1
[solver] elapsed:50
[solver] makespan:41
[problem] timesteplimit:15000
[problem] type:MAPF
[problem] agentnum:30
[graph] width:32
[graph] height:32
[graph] filename:./map/32by32_agents10_ex30.map
[task] id:21,start:0,end:0,service time:0,nodes:260,
[task] id:16,start:0,end:0,service time:0,nodes:472,
[task] id:19,start:0,end:0,service time:0,nodes:268,
[task] id:5,start:0,end:0,service time:0,nodes:182,
[task] id:10,start:0,end:0,service time:0,nodes:781,
[task] id:12,start:0,end:0,service time:0,nodes:235,
[task] id:24,start:0,end:0,service time:0,nodes:676,
[task] id:22,start:0,end:0,service time:0,nodes:701,
[task] id:7,start:0,end:0,service time:0,nodes:504,
[task] id:26,start:0,end:0,service time:0,nodes:650,
[task] id:18,start:0,end:0,service time:0,nodes:353,
[task] id:29,start:0,end:0,service time:0,nodes:84,
[task] id:13,start:0,end:0,service time:0,nodes:341,
[task] id:15,start:0,end:0,service time:0,nodes:92,
[task] id:6,start:0,end:0,service time:0,nodes:906,
[task] id:9,start:0,end:0,service time:0,nodes:143,
[task] id:17,start:0,end:0,service time:0,nodes:288,
[task] id:1,start:0,end:0,service time:0,nodes:113,
[task] id:25,start:0,end:0,service time:0,nodes:670,
[task] id:27,start:0,end:0,service time:0,nodes:706,
[task] id:23,start:0,end:0,service time:0,nodes:799,
[task] id:14,start:0,end:0,service time:0,nodes:863,
[task] id:4,start:0,end:0,service time:0,nodes:159,
[task] id:3,start:0,end:0,service time:0,nodes:644,
[task] id:2,start:0,end:0,service time:0,nodes:931,
[task] id:0,start:0,end:0,service time:0,nodes:1000,
[task] id:11,start:0,end:0,service time:0,nodes:266,
[task] id:28,start:0,end:0,service time:0,nodes:317,
[task] id:20,start:0,end:0,service time:0,nodes:71,
[task] id:8,start:0,end:0,service time:0,nodes:1015,
[agent] id:0
path:473,472,504,536,535,567,599,631,663,695,727,759,791,823,855,887,886,885,884,883,915,914,946,945,944,943,942,941,940,939,938,937,936,935,967,999,1000,1000,1000,1000,1000,1000,
goal:1000,1000,1000,1000,1000,1000,1000,1000,1000,1000,1000,1000,1000,1000,1000,1000,1000,1000,1000,1000,1000,1000,1000,1000,1000,1000,1000,1000,1000,1000,1000,1000,1000,1000,1000,1000,1000,1000,1000,1000,1000,1000,
size:36
[agent] id:1
path:683,651,619,620,621,589,557,525,526,527,528,529,497,465,433,401,369,337,305,273,241,209,177,145,113,113,113,113,113,113,113,113,113,113,113,113,113,113,113,113,113,113,
goal:113,113,113,113,113,113,113,113,113,113,113,113,113,113,113,113,113,113,113,113,113,113,113,113,113,113,113,113,113,113,113,113,113,113,113,113,113,113,113,113,113,113,
size:24
[agent] id:2
path:570,602,634,633,632,664,696,728,760,792,824,823,855,854,853,852,851,850,849,848,847,846,845,844,843,842,841,840,872,871,870,902,901,900,899,931,931,931,931,931,931,931,
goal:931,931,931,931,931,931,931,931,931,931,931,931,931,931,931,931,931,931,931,931,931,931,931,931,931,931,931,931,931,931,931,931,931,931,931,931,931,931,931,931,931,931,
size:35
[agent] id:3
path:281,313,345,344,376,408,407,439,438,470,469,501,500,499,531,563,562,594,593,592,591,623,622,621,620,619,618,617,649,648,647,646,645,644,644,644,644,644,644,644,644,644,
goal:644,644,644,644,644,644,644,644,644,644,644,644,644,644,644,644,644,644,644,644,644,644,644,644,644,644,644,644,644,644,644,644,644,644,644,644,644,644,644,644,644,644,
size:33
[agent] id:4
path:395,396,364,332,300,268,236,204,205,206,207,239,240,241,242,243,243,243,211,212,213,214,215,183,184,185,186,187,188,189,190,158,159,159,159,159,159,159,159,159,159,159,
goal:159,159,159,159,159,159,159,159,159,159,159,159,159,159,159,159,159,159,159,159,159,159,159,159,159,159,159,159,159,159,159,159,159,159,159,159,159,159,159,159,159,159,
size:32
[agent] id:5
path:78,110,142,143,144,176,177,178,210,211,212,213,181,182,182,182,182,182,182,182,182,182,182,182,182,182,182,182,182,182,182,182,182,182,182,182,182,182,182,182,182,182,
goal:182,182,182,182,182,182,182,182,182,182,182,182,182,182,182,182,182,182,182,182,182,182,182,182,182,182,182,182,182,182,182,182,182,182,182,182,182,182,182,182,182,182,
size:13
[agent] id:6
path:630,662,661,693,692,724,723,755,754,786,818,850,882,881,880,879,878,877,909,908,907,906,906,906,906,906,906,906,906,906,906,906,906,906,906,906,906,906,906,906,906,906,
goal:906,906,906,906,906,906,906,906,906,906,906,906,906,906,906,906,906,906,906,906,906,906,906,906,906,906,906,906,906,906,906,906,906,906,906,906,906,906,906,906,906,906,
size:21
[agent] id:7
path:305,306,307,308,309,341,373,405,437,469,501,533,565,566,534,535,503,504,504,504,504,504,504,504,504,504,504,504,504,504,504,504,504,504,504,504,504,504,504,504,504,504,
goal:504,504,504,504,504,504,504,504,504,504,504,504,504,504,504,504,504,504,504,504,504,504,504,504,504,504,504,504,504,504,504,504,504,504,504,504,504,504,504,504,504,504,
size:17
[agent] id:8
path:13,45,77,78,110,142,174,206,207,239,271,303,304,336,368,400,432,464,465,497,529,561,593,594,626,658,690,722,754,786,818,850,882,883,884,885,886,918,950,982,983,1015,
goal:1015,1015,1015,1015,1015,1015,1015,1015,1015,1015,1015,1015,1015,1015,1015,1015,1015,1015,1015,1015,1015,1015,1015,1015,1015,1015,1015,1015,1015,1015,1015,1015,1015,1015,1015,1015,1015,1015,1015,1015,1015,1015,
size:41
[agent] id:9
path:287,255,223,191,190,189,188,187,219,218,217,216,215,214,213,212,211,210,178,146,145,144,143,143,143,143,143,143,143,143,143,143,143,143,143,143,143,143,143,143,143,143,
goal:143,143,143,143,143,143,143,143,143,143,143,143,143,143,143,143,143,143,143,143,143,143,143,143,143,143,143,143,143,143,143,143,143,143,143,143,143,143,143,143,143,143,
size:22
[agent] id:10
path:613,645,677,709,710,711,712,713,714,715,716,717,749,781,781,781,781,781,781,781,781,781,781,781,781,781,781,781,781,781,781,781,781,781,781,781,781,781,781,781,781,781,
goal:781,781,781,781,781,781,781,781,781,781,781,781,781,781,781,781,781,781,781,781,781,781,781,781,781,781,781,781,781,781,781,781,781,781,781,781,781,781,781,781,781,781,
size:13
[agent] id:11
path:825,793,792,760,728,696,695,663,662,630,598,566,534,533,501,469,437,405,373,341,309,308,307,306,305,304,303,271,239,207,206,205,204,203,202,234,266,266,266,266,266,266,
goal:266,266,266,266,266,266,266,266,266,266,266,266,266,266,266,266,266,266,266,266,266,266,266,266,266,266,266,266,266,266,266,266,266,266,266,266,266,266,266,266,266,266,
size:36
[agent] id:12
path:465,464,432,400,368,336,304,303,302,270,269,268,236,235,235,235,235,235,235,235,235,235,235,235,235,235,235,235,235,235,235,235,235,235,235,235,235,235,235,235,235,235,
goal:235,235,235,235,235,235,235,235,235,235,235,235,235,235,235,235,235,235,235,235,235,235,235,235,235,235,235,235,235,235,235,235,235,235,235,235,235,235,235,235,235,235,
size:13
[agent] id:13
path:882,850,818,786,754,722,690,658,626,594,562,530,498,466,434,435,436,437,405,373,341,341,341,341,341,341,341,341,341,341,341,341,341,341,341,341,341,341,341,341,341,341,
goal:341,341,341,341,341,341,341,341,341,341,341,341,341,341,341,341,341,341,341,341,341,341,341,341,341,341,341,341,341,341,341,341,341,341,341,341,341,341,341,341,341,341,
size:20
[agent] id:14
path:461,493,525,557,589,590,622,654,686,687,688,720,721,722,723,724,725,757,758,759,791,792,793,794,795,796,797,798,830,831,863,863,863,863,863,863,863,863,863,863,863,863,
goal:863,863,863,863,863,863,863,863,863,863,863,863,863,863,863,863,863,863,863,863,863,863,863,863,863,863,863,863,863,863,863,863,863,863,863,863,863,863,863,863,863,863,
size:30
[agent] id:15
path:14,13,45,77,78,79,80,48,49,50,51,52,53,54,55,87,88,89,90,91,92,92,92,92,92,92,92,92,92,92,92,92,92,92,92,92,92,92,92,92,92,92,
goal:92,92,92,92,92,92,92,92,92,92,92,92,92,92,92,92,92,92,92,92,92,92,92,92,92,92,92,92,92,92,92,92,92,92,92,92,92,92,92,92,92,92,
size:20
[agent] id:16
path:575,574,573,605,604,603,571,539,538,537,536,504,472,472,472,472,472,472,472,472,472,472,472,472,472,472,472,472,472,472,472,472,472,472,472,472,472,472,472,472,472,472,
goal:472,472,472,472,472,472,472,472,472,472,472,472,472,472,472,472,472,472,472,472,472,472,472,472,472,472,472,472,472,472,472,472,472,472,472,472,472,472,472,472,472,472,
size:12
[agent] id:17
path:837,805,773,741,709,677,645,613,612,611,610,578,577,545,513,512,480,448,416,384,352,320,288,288,288,288,288,288,288,288,288,288,288,288,288,288,288,288,288,288,288,288,
goal:288,288,288,288,288,288,288,288,288,288,288,288,288,288,288,288,288,288,288,288,288,288,288,288,288,288,288,288,288,288,288,288,288,288,288,288,288,288,288,288,288,288,
size:22
[agent] id:18
path:713,681,649,617,616,584,552,520,519,487,486,454,422,390,358,357,356,355,354,353,353,353,353,353,353,353,353,353,353,353,353,353,353,353,353,353,353,353,353,353,353,353,
goal:353,353,353,353,353,353,353,353,353,353,353,353,353,353,353,353,353,353,353,353,353,353,353,353,353,353,353,353,353,353,353,353,353,353,353,353,353,353,353,353,353,353,
size:19
[agent] id:19
path:466,434,402,401,369,337,305,304,303,271,270,269,268,268,268,268,268,268,268,268,268,268,268,268,268,268,268,268,268,268,268,268,268,268,268,268,268,268,268,268,268,268,
goal:268,268,268,268,268,268,268,268,268,268,268,268,268,268,268,268,268,268,268,268,268,268,268,268,268,268,268,268,268,268,268,268,268,268,268,268,268,268,268,268,268,268,
size:12
[agent] id:20
path:573,605,604,603,571,539,538,537,536,535,534,534,533,501,469,437,405,373,341,309,308,307,306,274,242,241,240,239,207,206,174,173,172,140,139,107,75,74,73,72,71,71,
goal:71,71,71,71,71,71,71,71,71,71,71,71,71,71,71,71,71,71,71,71,71,71,71,71,71,71,71,71,71,71,71,71,71,71,71,71,71,71,71,71,71,71,
size:40
[agent] id:21
path:326,294,262,261,260,260,260,260,260,260,260,260,260,260,260,260,260,260,260,260,260,260,260,260,260,260,260,260,260,260,260,260,260,260,260,260,260,260,260,260,260,260,
goal:260,260,260,260,260,260,260,260,260,260,260,260,260,260,260,260,260,260,260,260,260,260,260,260,260,260,260,260,260,260,260,260,260,260,260,260,260,260,260,260,260,260,
size:4
[agent] id:22
path:720,721,722,723,724,725,726,727,695,696,697,698,699,700,701,701,701,701,701,701,701,701,701,701,701,701,701,701,701,701,701,701,701,701,701,701,701,701,701,701,701,701,
goal:701,701,701,701,701,701,701,701,701,701,701,701,701,701,701,701,701,701,701,701,701,701,701,701,701,701,701,701,701,701,701,701,701,701,701,701,701,701,701,701,701,701,
size:14
[agent] id:23
path:679,711,712,713,714,715,716,717,718,686,687,688,720,721,722,723,724,725,757,758,759,791,792,793,794,795,796,797,798,799,799,799,799,799,799,799,799,799,799,799,799,799,
goal:799,799,799,799,799,799,799,799,799,799,799,799,799,799,799,799,799,799,799,799,799,799,799,799,799,799,799,799,799,799,799,799,799,799,799,799,799,799,799,799,799,799,
size:29
[agent] id:24
path:353,385,417,449,450,482,514,515,547,579,611,643,644,676,676,676,676,676,676,676,676,676,676,676,676,676,676,676,676,676,676,676,676,676,676,676,676,676,676,676,676,676,
goal:676,676,676,676,676,676,676,676,676,676,676,676,676,676,676,676,676,676,676,676,676,676,676,676,676,676,676,676,676,676,676,676,676,676,676,676,676,676,676,676,676,676,
size:13
[agent] id:25
path:522,554,555,556,557,558,559,560,561,593,594,626,627,628,629,630,631,632,633,634,635,667,668,669,670,670,670,670,670,670,670,670,670,670,670,670,670,670,670,670,670,670,
goal:670,670,670,670,670,670,670,670,670,670,670,670,670,670,670,670,670,670,670,670,670,670,670,670,670,670,670,670,670,670,670,670,670,670,670,670,670,670,670,670,670,670,
size:24
[agent] id:26
path:698,697,696,664,663,662,661,660,659,658,657,656,655,654,653,652,651,650,650,650,650,650,650,650,650,650,650,650,650,650,650,650,650,650,650,650,650,650,650,650,650,650,
goal:650,650,650,650,650,650,650,650,650,650,650,650,650,650,650,650,650,650,650,650,650,650,650,650,650,650,650,650,650,650,650,650,650,650,650,650,650,650,650,650,650,650,
size:17
[agent] id:27
path:401,433,465,497,529,561,593,592,591,623,655,687,686,718,717,716,715,714,713,712,711,710,709,708,707,706,706,706,706,706,706,706,706,706,706,706,706,706,706,706,706,706,
goal:706,706,706,706,706,706,706,706,706,706,706,706,706,706,706,706,706,706,706,706,706,706,706,706,706,706,706,706,706,706,706,706,706,706,706,706,706,706,706,706,706,706,
size:25
[agent] id:28
path:641,609,577,578,579,547,548,549,550,551,552,553,554,555,556,557,558,559,560,561,562,530,498,466,434,435,436,437,405,373,374,375,376,377,378,379,347,315,316,317,317,317,
goal:317,317,317,317,317,317,317,317,317,317,317,317,317,317,317,317,317,317,317,317,317,317,317,317,317,317,317,317,317,317,317,317,317,317,317,317,317,317,317,317,317,317,
size:39
[agent] id:29
path:442,410,378,377,345,313,281,280,248,216,184,152,120,88,87,86,54,53,52,84,84,84,84,84,84,84,84,84,84,84,84,84,84,84,84,84,84,84,84,84,84,84,
goal:84,84,84,84,84,84,84,84,84,84,84,84,84,84,84,84,84,84,84,84,84,84,84,84,84,84,84,84,84,84,84,84,84,84,84,84,84,84,84,84,84,84,
size:19
SolutionCost:695
