[setting] seed:18974
[solver] type:SASB-ECBS
[solver] w:2.000000
[solver] ID:0
[solver] Lowlevelnode:3949
[solver] Highlevelnode:23
[solver] ConflictCount:12
[solver] solved:1
[solver] elapsed:36
[solver] makespan:48
[problem] timesteplimit:15000
[problem] type:MAPF
[problem] agentnum:30
[graph] width:32
[graph] height:32
[graph] filename:./map/32by32_agents10_ex30.map
[task] id:26,start:0,end:0,service time:0,nodes:760,
[task] id:12,start:0,end:0,service time:0,nodes:176,
[task] id:17,start:0,end:0,service time:0,nodes:81,
[task] id:10,start:0,end:0,service time:0,nodes:555,
[task] id:14,start:0,end:0,service time:0,nodes:345,
[task] id:13,start:0,end:0,service time:0,nodes:168,
[task] id:28,start:0,end:0,service time:0,nodes:634,
[task] id:1,start:0,end:0,service time:0,nodes:619,
[task] id:25,start:0,end:0,service time:0,nodes:974,
[task] id:16,start:0,end:0,service time:0,nodes:735,
[task] id:19,start:0,end:0,service time:0,nodes:797,
[task] id:0,start:0,end:0,service time:0,nodes:755,
[task] id:5,start:0,end:0,service time:0,nodes:500,
[task] id:23,start:0,end:0,service time:0,nodes:645,
[task] id:24,start:0,end:0,service time:0,nodes:559,
[task] id:7,start:0,end:0,service time:0,nodes:123,
[task] id:8,start:0,end:0,service time:0,nodes:805,
[task] id:29,start:0,end:0,service time:0,nodes:271,
[task] id:6,start:0,end:0,service time:0,nodes:1016,
[task] id:27,start:0,end:0,service time:0,nodes:133,
[task] id:9,start:0,end:0,service time:0,nodes:317,
[task] id:20,start:0,end:0,service time:0,nodes:514,
[task] id:21,start:0,end:0,service time:0,nodes:122,
[task] id:3,start:0,end:0,service time:0,nodes:337,
[task] id:15,start:0,end:0,service time:0,nodes:65,
[task] id:4,start:0,end:0,service time:0,nodes:574,
[task] id:11,start:0,end:0,service time:0,nodes:48,
[task] id:22,start:0,end:0,service time:0,nodes:1015,
[task] id:2,start:0,end:0,service time:0,nodes:192,
[task] id:18,start:0,end:0,service time:0,nodes:219,
[agent] id:0
path:348,380,379,378,410,442,474,473,472,504,536,535,567,599,631,663,695,727,726,725,724,723,755,755,755,755,755,755,755,755,755,755,755,755,755,755,755,755,755,755,755,755,755,755,755,755,755,755,755,
goal:755,755,755,755,755,755,755,755,755,755,755,755,755,755,755,755,755,755,755,755,755,755,755,755,755,755,755,755,755,755,755,755,755,755,755,755,755,755,755,755,755,755,755,755,755,755,755,755,755,
size:22
[agent] id:1
path:270,302,301,300,332,364,396,428,460,461,493,525,557,589,621,620,619,619,619,619,619,619,619,619,619,619,619,619,619,619,619,619,619,619,619,619,619,619,619,619,619,619,619,619,619,619,619,619,619,
goal:619,619,619,619,619,619,619,619,619,619,619,619,619,619,619,619,619,619,619,619,619,619,619,619,619,619,619,619,619,619,619,619,619,619,619,619,619,619,619,619,619,619,619,619,619,619,619,619,619,
size:16
[agent] id:2
path:759,727,695,663,631,599,567,566,565,564,563,531,530,529,528,527,526,494,493,461,429,397,396,395,394,393,392,391,359,358,326,294,262,261,260,259,258,257,225,193,192,192,192,192,192,192,192,192,192,
goal:192,192,192,192,192,192,192,192,192,192,192,192,192,192,192,192,192,192,192,192,192,192,192,192,192,192,192,192,192,192,192,192,192,192,192,192,192,192,192,192,192,192,192,192,192,192,192,192,192,
size:40
[agent] id:3
path:1021,989,957,925,893,861,860,859,858,857,825,824,792,791,759,727,726,725,693,661,629,597,565,564,563,531,499,467,435,403,402,401,369,337,337,337,337,337,337,337,337,337,337,337,337,337,337,337,337,
goal:337,337,337,337,337,337,337,337,337,337,337,337,337,337,337,337,337,337,337,337,337,337,337,337,337,337,337,337,337,337,337,337,337,337,337,337,337,337,337,337,337,337,337,337,337,337,337,337,337,
size:33
[agent] id:4
path:107,139,171,203,235,236,268,300,301,302,334,366,367,399,431,463,464,465,497,498,499,500,501,533,534,535,536,537,569,570,571,603,604,605,573,574,574,574,574,574,574,574,574,574,574,574,574,574,574,
goal:574,574,574,574,574,574,574,574,574,574,574,574,574,574,574,574,574,574,574,574,574,574,574,574,574,574,574,574,574,574,574,574,574,574,574,574,574,574,574,574,574,574,574,574,574,574,574,574,574,
size:35
[agent] id:5
path:841,809,810,778,779,747,715,683,651,619,620,621,589,590,591,559,527,528,529,497,498,499,500,500,500,500,500,500,500,500,500,500,500,500,500,500,500,500,500,500,500,500,500,500,500,500,500,500,500,
goal:500,500,500,500,500,500,500,500,500,500,500,500,500,500,500,500,500,500,500,500,500,500,500,500,500,500,500,500,500,500,500,500,500,500,500,500,500,500,500,500,500,500,500,500,500,500,500,500,500,
size:22
[agent] id:6
path:801,802,803,835,836,837,838,839,840,841,842,874,875,876,877,878,879,880,881,882,883,884,885,886,918,950,982,983,1015,1016,1016,1016,1016,1016,1016,1016,1016,1016,1016,1016,1016,1016,1016,1016,1016,1016,1016,1016,1016,
goal:1016,1016,1016,1016,1016,1016,1016,1016,1016,1016,1016,1016,1016,1016,1016,1016,1016,1016,1016,1016,1016,1016,1016,1016,1016,1016,1016,1016,1016,1016,1016,1016,1016,1016,1016,1016,1016,1016,1016,1016,1016,1016,1016,1016,1016,1016,1016,1016,1016,
size:29
[agent] id:7
path:659,627,628,596,564,565,533,501,469,437,405,373,341,309,277,245,213,181,182,150,151,119,120,121,122,123,123,123,123,123,123,123,123,123,123,123,123,123,123,123,123,123,123,123,123,123,123,123,123,
goal:123,123,123,123,123,123,123,123,123,123,123,123,123,123,123,123,123,123,123,123,123,123,123,123,123,123,123,123,123,123,123,123,123,123,123,123,123,123,123,123,123,123,123,123,123,123,123,123,123,
size:25
[agent] id:8
path:137,169,201,200,199,231,263,262,294,326,358,390,422,454,486,487,519,551,583,615,647,679,711,743,775,807,806,805,805,805,805,805,805,805,805,805,805,805,805,805,805,805,805,805,805,805,805,805,805,
goal:805,805,805,805,805,805,805,805,805,805,805,805,805,805,805,805,805,805,805,805,805,805,805,805,805,805,805,805,805,805,805,805,805,805,805,805,805,805,805,805,805,805,805,805,805,805,805,805,805,
size:27
[agent] id:9
path:682,650,618,619,620,621,589,557,525,526,527,528,529,497,465,433,434,435,436,437,405,373,374,375,376,377,378,379,347,315,316,317,317,317,317,317,317,317,317,317,317,317,317,317,317,317,317,317,317,
goal:317,317,317,317,317,317,317,317,317,317,317,317,317,317,317,317,317,317,317,317,317,317,317,317,317,317,317,317,317,317,317,317,317,317,317,317,317,317,317,317,317,317,317,317,317,317,317,317,317,
size:31
[agent] id:10
path:449,450,482,514,515,547,548,549,550,551,552,553,554,555,555,555,555,555,555,555,555,555,555,555,555,555,555,555,555,555,555,555,555,555,555,555,555,555,555,555,555,555,555,555,555,555,555,555,555,
goal:555,555,555,555,555,555,555,555,555,555,555,555,555,555,555,555,555,555,555,555,555,555,555,555,555,555,555,555,555,555,555,555,555,555,555,555,555,555,555,555,555,555,555,555,555,555,555,555,555,
size:13
[agent] id:11
path:922,921,920,888,887,855,823,791,759,727,695,663,631,630,598,566,565,564,563,531,530,498,466,434,402,401,369,337,305,273,241,209,177,145,113,112,80,48,48,48,48,48,48,48,48,48,48,48,48,
goal:48,48,48,48,48,48,48,48,48,48,48,48,48,48,48,48,48,48,48,48,48,48,48,48,48,48,48,48,48,48,48,48,48,48,48,48,48,48,48,48,48,48,48,48,48,48,48,48,48,
size:37
[agent] id:12
path:280,248,216,215,214,213,212,211,210,178,177,176,176,176,176,176,176,176,176,176,176,176,176,176,176,176,176,176,176,176,176,176,176,176,176,176,176,176,176,176,176,176,176,176,176,176,176,176,176,
goal:176,176,176,176,176,176,176,176,176,176,176,176,176,176,176,176,176,176,176,176,176,176,176,176,176,176,176,176,176,176,176,176,176,176,176,176,176,176,176,176,176,176,176,176,176,176,176,176,176,
size:11
[agent] id:13
path:337,305,273,241,240,239,207,206,205,204,203,202,201,169,168,168,168,168,168,168,168,168,168,168,168,168,168,168,168,168,168,168,168,168,168,168,168,168,168,168,168,168,168,168,168,168,168,168,168,
goal:168,168,168,168,168,168,168,168,168,168,168,168,168,168,168,168,168,168,168,168,168,168,168,168,168,168,168,168,168,168,168,168,168,168,168,168,168,168,168,168,168,168,168,168,168,168,168,168,168,
size:14
[agent] id:14
path:241,273,274,306,307,308,309,310,342,374,375,376,344,345,345,345,345,345,345,345,345,345,345,345,345,345,345,345,345,345,345,345,345,345,345,345,345,345,345,345,345,345,345,345,345,345,345,345,345,
goal:345,345,345,345,345,345,345,345,345,345,345,345,345,345,345,345,345,345,345,345,345,345,345,345,345,345,345,345,345,345,345,345,345,345,345,345,345,345,345,345,345,345,345,345,345,345,345,345,345,
size:13
[agent] id:15
path:935,934,902,870,838,806,774,742,710,678,646,614,582,550,518,486,454,422,390,358,326,294,262,230,229,197,165,133,101,69,68,67,66,65,65,65,65,65,65,65,65,65,65,65,65,65,65,65,65,
goal:65,65,65,65,65,65,65,65,65,65,65,65,65,65,65,65,65,65,65,65,65,65,65,65,65,65,65,65,65,65,65,65,65,65,65,65,65,65,65,65,65,65,65,65,65,65,65,65,65,
size:33
[agent] id:16
path:847,848,849,850,851,852,853,821,822,823,791,792,793,794,795,796,764,765,766,734,735,735,735,735,735,735,735,735,735,735,735,735,735,735,735,735,735,735,735,735,735,735,735,735,735,735,735,735,735,
goal:735,735,735,735,735,735,735,735,735,735,735,735,735,735,735,735,735,735,735,735,735,735,735,735,735,735,735,735,735,735,735,735,735,735,735,735,735,735,735,735,735,735,735,735,735,735,735,735,735,
size:20
[agent] id:17
path:403,402,401,369,337,305,273,241,209,177,145,113,81,81,81,81,81,81,81,81,81,81,81,81,81,81,81,81,81,81,81,81,81,81,81,81,81,81,81,81,81,81,81,81,81,81,81,81,81,
goal:81,81,81,81,81,81,81,81,81,81,81,81,81,81,81,81,81,81,81,81,81,81,81,81,81,81,81,81,81,81,81,81,81,81,81,81,81,81,81,81,81,81,81,81,81,81,81,81,81,
size:12
[agent] id:18
path:963,931,899,867,835,803,771,739,707,708,676,644,612,613,614,582,550,518,519,520,521,489,457,458,426,394,395,396,364,332,300,301,302,303,304,305,273,241,209,210,211,212,213,214,215,216,217,218,219,
goal:219,219,219,219,219,219,219,219,219,219,219,219,219,219,219,219,219,219,219,219,219,219,219,219,219,219,219,219,219,219,219,219,219,219,219,219,219,219,219,219,219,219,219,219,219,219,219,219,219,
size:48
[agent] id:19
path:345,377,409,441,473,472,504,536,537,569,570,602,634,635,667,699,700,701,733,765,797,797,797,797,797,797,797,797,797,797,797,797,797,797,797,797,797,797,797,797,797,797,797,797,797,797,797,797,797,
goal:797,797,797,797,797,797,797,797,797,797,797,797,797,797,797,797,797,797,797,797,797,797,797,797,797,797,797,797,797,797,797,797,797,797,797,797,797,797,797,797,797,797,797,797,797,797,797,797,797,
size:20
[agent] id:20
path:374,406,438,470,469,501,500,499,531,563,562,561,560,559,558,557,525,493,461,460,459,458,490,522,521,520,519,518,517,516,515,514,514,514,514,514,514,514,514,514,514,514,514,514,514,514,514,514,514,
goal:514,514,514,514,514,514,514,514,514,514,514,514,514,514,514,514,514,514,514,514,514,514,514,514,514,514,514,514,514,514,514,514,514,514,514,514,514,514,514,514,514,514,514,514,514,514,514,514,514,
size:31
[agent] id:21
path:65,66,67,35,36,37,38,39,7,8,9,10,11,12,44,45,77,78,79,80,48,49,50,51,52,53,54,86,87,119,120,121,122,122,122,122,122,122,122,122,122,122,122,122,122,122,122,122,122,
goal:122,122,122,122,122,122,122,122,122,122,122,122,122,122,122,122,122,122,122,122,122,122,122,122,122,122,122,122,122,122,122,122,122,122,122,122,122,122,122,122,122,122,122,122,122,122,122,122,122,
size:32
[agent] id:22
path:87,119,151,183,215,247,279,280,312,344,376,408,409,441,473,472,504,536,535,567,566,598,630,662,663,695,727,759,791,823,855,887,919,918,950,982,983,1015,1015,1015,1015,1015,1015,1015,1015,1015,1015,1015,1015,
goal:1015,1015,1015,1015,1015,1015,1015,1015,1015,1015,1015,1015,1015,1015,1015,1015,1015,1015,1015,1015,1015,1015,1015,1015,1015,1015,1015,1015,1015,1015,1015,1015,1015,1015,1015,1015,1015,1015,1015,1015,1015,1015,1015,1015,1015,1015,1015,1015,1015,
size:37
[agent] id:23
path:163,162,161,193,225,257,258,290,322,354,355,356,357,389,421,453,485,517,549,550,582,614,646,645,645,645,645,645,645,645,645,645,645,645,645,645,645,645,645,645,645,645,645,645,645,645,645,645,645,
goal:645,645,645,645,645,645,645,645,645,645,645,645,645,645,645,645,645,645,645,645,645,645,645,645,645,645,645,645,645,645,645,645,645,645,645,645,645,645,645,645,645,645,645,645,645,645,645,645,645,
size:23
[agent] id:24
path:121,153,185,217,216,248,280,312,344,376,408,407,439,438,470,469,501,533,565,564,563,562,561,560,559,559,559,559,559,559,559,559,559,559,559,559,559,559,559,559,559,559,559,559,559,559,559,559,559,
goal:559,559,559,559,559,559,559,559,559,559,559,559,559,559,559,559,559,559,559,559,559,559,559,559,559,559,559,559,559,559,559,559,559,559,559,559,559,559,559,559,559,559,559,559,559,559,559,559,559,
size:24
[agent] id:25
path:593,592,591,623,655,687,686,718,750,782,814,846,878,877,909,941,973,974,974,974,974,974,974,974,974,974,974,974,974,974,974,974,974,974,974,974,974,974,974,974,974,974,974,974,974,974,974,974,974,
goal:974,974,974,974,974,974,974,974,974,974,974,974,974,974,974,974,974,974,974,974,974,974,974,974,974,974,974,974,974,974,974,974,974,974,974,974,974,974,974,974,974,974,974,974,974,974,974,974,974,
size:17
[agent] id:26
path:539,571,603,635,667,699,731,730,729,728,760,760,760,760,760,760,760,760,760,760,760,760,760,760,760,760,760,760,760,760,760,760,760,760,760,760,760,760,760,760,760,760,760,760,760,760,760,760,760,
goal:760,760,760,760,760,760,760,760,760,760,760,760,760,760,760,760,760,760,760,760,760,760,760,760,760,760,760,760,760,760,760,760,760,760,760,760,760,760,760,760,760,760,760,760,760,760,760,760,760,
size:10
[agent] id:27
path:347,379,378,377,345,313,312,311,310,309,308,307,306,274,242,241,240,239,207,206,174,173,172,140,139,138,137,136,135,134,133,133,133,133,133,133,133,133,133,133,133,133,133,133,133,133,133,133,133,
goal:133,133,133,133,133,133,133,133,133,133,133,133,133,133,133,133,133,133,133,133,133,133,133,133,133,133,133,133,133,133,133,133,133,133,133,133,133,133,133,133,133,133,133,133,133,133,133,133,133,
size:30
[agent] id:28
path:884,852,853,821,822,823,791,759,727,695,663,631,632,633,634,634,634,634,634,634,634,634,634,634,634,634,634,634,634,634,634,634,634,634,634,634,634,634,634,634,634,634,634,634,634,634,634,634,634,
goal:634,634,634,634,634,634,634,634,634,634,634,634,634,634,634,634,634,634,634,634,634,634,634,634,634,634,634,634,634,634,634,634,634,634,634,634,634,634,634,634,634,634,634,634,634,634,634,634,634,
size:14
[agent] id:29
path:887,855,823,791,759,727,695,663,631,599,567,566,534,533,501,500,468,467,466,434,402,401,369,337,305,304,303,271,271,271,271,271,271,271,271,271,271,271,271,271,271,271,271,271,271,271,271,271,271,
goal:271,271,271,271,271,271,271,271,271,271,271,271,271,271,271,271,271,271,271,271,271,271,271,271,271,271,271,271,271,271,271,271,271,271,271,271,271,271,271,271,271,271,271,271,271,271,271,271,271,
size:27
SolutionCost:746
