[setting] seed:11923
[solver] type:SASB-ECBS
[solver] w:2.000000
[solver] ID:0
[solver] Lowlevelnode:6398
[solver] Highlevelnode:25
[solver] ConflictCount:13
[solver] solved:1
[solver] elapsed:46
[solver] makespan:40
[problem] timesteplimit:15000
[problem] type:MAPF
[problem] agentnum:30
[graph] width:32
[graph] height:32
[graph] filename:./map/32by32_agents10_ex30.map
[task] id:8,start:0,end:0,service time:0,nodes:304,
[task] id:27,start:0,end:0,service time:0,nodes:294,
[task] id:0,start:0,end:0,service time:0,nodes:303,
[task] id:17,start:0,end:0,service time:0,nodes:565,
[task] id:6,start:0,end:0,service time:0,nodes:851,
[task] id:24,start:0,end:0,service time:0,nodes:429,
[task] id:5,start:0,end:0,service time:0,nodes:517,
[task] id:1,start:0,end:0,service time:0,nodes:494,
[task] id:4,start:0,end:0,service time:0,nodes:921,
[task] id:7,start:0,end:0,service time:0,nodes:943,
[task] id:25,start:0,end:0,service time:0,nodes:823,
[task] id:11,start:0,end:0,service time:0,nodes:802,
[task] id:12,start:0,end:0,service time:0,nodes:835,
[task] id:14,start:0,end:0,service time:0,nodes:538,
[task] id:15,start:0,end:0,service time:0,nodes:840,
[task] id:16,start:0,end:0,service time:0,nodes:990,
[task] id:9,start:0,end:0,service time:0,nodes:714,
[task] id:22,start:0,end:0,service time:0,nodes:426,
[task] id:19,start:0,end:0,service time:0,nodes:439,
[task] id:23,start:0,end:0,service time:0,nodes:486,
[task] id:10,start:0,end:0,service time:0,nodes:810,
[task] id:26,start:0,end:0,service time:0,nodes:218,
[task] id:13,start:0,end:0,service time:0,nodes:355,
[task] id:20,start:0,end:0,service time:0,nodes:407,
[task] id:2,start:0,end:0,service time:0,nodes:1004,
[task] id:28,start:0,end:0,service time:0,nodes:185,
[task] id:3,start:0,end:0,service time:0,nodes:979,
[task] id:29,start:0,end:0,service time:0,nodes:121,
[task] id:18,start:0,end:0,service time:0,nodes:41,
[task] id:21,start:0,end:0,service time:0,nodes:864,
[agent] id:0
path:397,396,364,332,300,301,302,303,303,303,303,303,303,303,303,303,303,303,303,303,303,303,303,303,303,303,303,303,303,303,303,303,303,303,303,303,303,303,303,303,303,
goal:303,303,303,303,303,303,303,303,303,303,303,303,303,303,303,303,303,303,303,303,303,303,303,303,303,303,303,303,303,303,303,303,303,303,303,303,303,303,303,303,303,
size:7
[agent] id:1
path:630,598,566,565,564,563,531,530,529,528,527,526,494,494,494,494,494,494,494,494,494,494,494,494,494,494,494,494,494,494,494,494,494,494,494,494,494,494,494,494,494,
goal:494,494,494,494,494,494,494,494,494,494,494,494,494,494,494,494,494,494,494,494,494,494,494,494,494,494,494,494,494,494,494,494,494,494,494,494,494,494,494,494,494,
size:12
[agent] id:2
path:134,166,167,199,200,201,233,234,235,236,268,300,332,364,396,428,460,461,493,525,557,589,621,653,685,717,749,781,782,814,846,878,877,909,941,973,1005,1004,1004,1004,1004,
goal:1004,1004,1004,1004,1004,1004,1004,1004,1004,1004,1004,1004,1004,1004,1004,1004,1004,1004,1004,1004,1004,1004,1004,1004,1004,1004,1004,1004,1004,1004,1004,1004,1004,1004,1004,1004,1004,1004,1004,1004,1004,
size:37
[agent] id:3
path:58,90,122,121,153,185,217,216,248,280,312,344,376,408,407,439,438,470,469,501,500,499,531,563,562,594,626,658,690,722,754,786,818,850,882,914,946,978,979,979,979,
goal:979,979,979,979,979,979,979,979,979,979,979,979,979,979,979,979,979,979,979,979,979,979,979,979,979,979,979,979,979,979,979,979,979,979,979,979,979,979,979,979,979,
size:38
[agent] id:4
path:700,699,731,730,762,794,793,825,824,823,855,887,919,920,921,921,921,921,921,921,921,921,921,921,921,921,921,921,921,921,921,921,921,921,921,921,921,921,921,921,921,
goal:921,921,921,921,921,921,921,921,921,921,921,921,921,921,921,921,921,921,921,921,921,921,921,921,921,921,921,921,921,921,921,921,921,921,921,921,921,921,921,921,921,
size:14
[agent] id:5
path:264,263,262,294,326,358,390,422,454,486,518,517,517,517,517,517,517,517,517,517,517,517,517,517,517,517,517,517,517,517,517,517,517,517,517,517,517,517,517,517,517,
goal:517,517,517,517,517,517,517,517,517,517,517,517,517,517,517,517,517,517,517,517,517,517,517,517,517,517,517,517,517,517,517,517,517,517,517,517,517,517,517,517,517,
size:11
[agent] id:6
path:1006,974,942,943,911,879,880,881,882,883,851,851,851,851,851,851,851,851,851,851,851,851,851,851,851,851,851,851,851,851,851,851,851,851,851,851,851,851,851,851,851,
goal:851,851,851,851,851,851,851,851,851,851,851,851,851,851,851,851,851,851,851,851,851,851,851,851,851,851,851,851,851,851,851,851,851,851,851,851,851,851,851,851,851,
size:10
[agent] id:7
path:987,986,985,984,983,982,950,949,948,980,979,978,946,945,944,943,943,943,943,943,943,943,943,943,943,943,943,943,943,943,943,943,943,943,943,943,943,943,943,943,943,
goal:943,943,943,943,943,943,943,943,943,943,943,943,943,943,943,943,943,943,943,943,943,943,943,943,943,943,943,943,943,943,943,943,943,943,943,943,943,943,943,943,943,
size:15
[agent] id:8
path:300,301,302,303,304,304,304,304,304,304,304,304,304,304,304,304,304,304,304,304,304,304,304,304,304,304,304,304,304,304,304,304,304,304,304,304,304,304,304,304,304,
goal:304,304,304,304,304,304,304,304,304,304,304,304,304,304,304,304,304,304,304,304,304,304,304,304,304,304,304,304,304,304,304,304,304,304,304,304,304,304,304,304,304,
size:4
[agent] id:9
path:439,438,470,469,501,533,565,597,629,661,693,692,691,690,689,688,687,686,718,717,716,715,714,714,714,714,714,714,714,714,714,714,714,714,714,714,714,714,714,714,714,
goal:714,714,714,714,714,714,714,714,714,714,714,714,714,714,714,714,714,714,714,714,714,714,714,714,714,714,714,714,714,714,714,714,714,714,714,714,714,714,714,714,714,
size:22
[agent] id:10
path:347,379,378,410,442,474,473,472,504,536,535,567,599,631,663,662,661,693,692,691,690,689,688,687,686,718,717,716,715,747,779,811,810,810,810,810,810,810,810,810,810,
goal:810,810,810,810,810,810,810,810,810,810,810,810,810,810,810,810,810,810,810,810,810,810,810,810,810,810,810,810,810,810,810,810,810,810,810,810,810,810,810,810,810,
size:32
[agent] id:11
path:589,621,653,685,717,716,715,747,779,811,810,809,808,807,806,805,804,803,802,802,802,802,802,802,802,802,802,802,802,802,802,802,802,802,802,802,802,802,802,802,802,
goal:802,802,802,802,802,802,802,802,802,802,802,802,802,802,802,802,802,802,802,802,802,802,802,802,802,802,802,802,802,802,802,802,802,802,802,802,802,802,802,802,802,
size:18
[agent] id:12
path:754,786,818,850,849,848,847,846,845,844,843,842,841,840,839,838,837,836,835,835,835,835,835,835,835,835,835,835,835,835,835,835,835,835,835,835,835,835,835,835,835,
goal:835,835,835,835,835,835,835,835,835,835,835,835,835,835,835,835,835,835,835,835,835,835,835,835,835,835,835,835,835,835,835,835,835,835,835,835,835,835,835,835,835,
size:18
[agent] id:13
path:792,760,728,696,664,663,662,661,660,628,627,626,594,593,592,591,590,558,557,556,555,554,522,490,458,457,456,424,392,391,359,358,357,356,355,355,355,355,355,355,355,
goal:355,355,355,355,355,355,355,355,355,355,355,355,355,355,355,355,355,355,355,355,355,355,355,355,355,355,355,355,355,355,355,355,355,355,355,355,355,355,355,355,355,
size:34
[agent] id:14
path:652,653,654,655,656,657,658,659,659,660,661,629,597,598,566,534,535,536,537,538,538,538,538,538,538,538,538,538,538,538,538,538,538,538,538,538,538,538,538,538,538,
goal:538,538,538,538,538,538,538,538,538,538,538,538,538,538,538,538,538,538,538,538,538,538,538,538,538,538,538,538,538,538,538,538,538,538,538,538,538,538,538,538,538,
size:19
[agent] id:15
path:758,757,725,724,723,755,754,786,818,850,849,848,847,846,845,844,843,842,841,840,840,840,840,840,840,840,840,840,840,840,840,840,840,840,840,840,840,840,840,840,840,
goal:840,840,840,840,840,840,840,840,840,840,840,840,840,840,840,840,840,840,840,840,840,840,840,840,840,840,840,840,840,840,840,840,840,840,840,840,840,840,840,840,840,
size:19
[agent] id:16
path:599,631,663,695,727,759,791,823,855,887,919,920,952,984,985,986,987,988,989,990,990,990,990,990,990,990,990,990,990,990,990,990,990,990,990,990,990,990,990,990,990,
goal:990,990,990,990,990,990,990,990,990,990,990,990,990,990,990,990,990,990,990,990,990,990,990,990,990,990,990,990,990,990,990,990,990,990,990,990,990,990,990,990,990,
size:19
[agent] id:17
path:375,407,439,438,470,469,501,533,565,565,565,565,565,565,565,565,565,565,565,565,565,565,565,565,565,565,565,565,565,565,565,565,565,565,565,565,565,565,565,565,565,
goal:565,565,565,565,565,565,565,565,565,565,565,565,565,565,565,565,565,565,565,565,565,565,565,565,565,565,565,565,565,565,565,565,565,565,565,565,565,565,565,565,565,
size:8
[agent] id:18
path:969,937,937,936,904,872,840,808,776,744,712,680,648,616,584,552,520,521,489,457,458,459,460,428,428,428,396,364,332,300,268,236,204,172,140,139,107,75,74,42,41,
goal:41,41,41,41,41,41,41,41,41,41,41,41,41,41,41,41,41,41,41,41,41,41,41,41,41,41,41,41,41,41,41,41,41,41,41,41,41,41,41,41,41,
size:40
[agent] id:19
path:938,906,874,875,876,877,878,879,880,881,882,850,818,786,754,722,690,658,626,594,562,530,498,466,434,435,436,437,438,439,439,439,439,439,439,439,439,439,439,439,439,
goal:439,439,439,439,439,439,439,439,439,439,439,439,439,439,439,439,439,439,439,439,439,439,439,439,439,439,439,439,439,439,439,439,439,439,439,439,439,439,439,439,439,
size:29
[agent] id:20
path:967,935,936,904,872,840,808,776,744,712,680,648,616,584,552,553,554,555,556,524,525,526,527,528,529,497,465,433,434,435,436,437,405,406,407,407,407,407,407,407,407,
goal:407,407,407,407,407,407,407,407,407,407,407,407,407,407,407,407,407,407,407,407,407,407,407,407,407,407,407,407,407,407,407,407,407,407,407,407,407,407,407,407,407,
size:34
[agent] id:21
path:233,233,234,235,236,268,300,332,364,396,428,460,459,458,490,522,521,553,552,584,616,648,680,712,744,776,808,807,839,871,870,902,901,900,899,931,930,929,928,896,864,
goal:864,864,864,864,864,864,864,864,864,864,864,864,864,864,864,864,864,864,864,864,864,864,864,864,864,864,864,864,864,864,864,864,864,864,864,864,864,864,864,864,864,
size:40
[agent] id:22
path:19,51,83,115,114,146,178,210,242,241,240,239,271,270,302,301,300,300,299,331,332,364,396,395,427,426,426,426,426,426,426,426,426,426,426,426,426,426,426,426,426,
goal:426,426,426,426,426,426,426,426,426,426,426,426,426,426,426,426,426,426,426,426,426,426,426,426,426,426,426,426,426,426,426,426,426,426,426,426,426,426,426,426,426,
size:25
[agent] id:23
path:247,215,214,213,212,211,243,242,241,240,239,271,270,302,301,300,332,331,331,332,364,396,395,394,393,392,424,423,422,454,486,486,486,486,486,486,486,486,486,486,486,
goal:486,486,486,486,486,486,486,486,486,486,486,486,486,486,486,486,486,486,486,486,486,486,486,486,486,486,486,486,486,486,486,486,486,486,486,486,486,486,486,486,486,
size:30
[agent] id:24
path:202,234,235,236,268,300,332,364,396,428,429,429,429,429,429,429,429,429,429,429,429,429,429,429,429,429,429,429,429,429,429,429,429,429,429,429,429,429,429,429,429,
goal:429,429,429,429,429,429,429,429,429,429,429,429,429,429,429,429,429,429,429,429,429,429,429,429,429,429,429,429,429,429,429,429,429,429,429,429,429,429,429,429,429,
size:10
[agent] id:25
path:749,781,782,814,846,847,879,880,881,882,883,884,852,853,821,822,823,823,823,823,823,823,823,823,823,823,823,823,823,823,823,823,823,823,823,823,823,823,823,823,823,
goal:823,823,823,823,823,823,823,823,823,823,823,823,823,823,823,823,823,823,823,823,823,823,823,823,823,823,823,823,823,823,823,823,823,823,823,823,823,823,823,823,823,
size:16
[agent] id:26
path:192,193,225,257,258,259,227,228,229,230,231,199,200,201,202,203,204,205,206,207,239,240,241,209,210,211,212,213,214,215,216,217,218,218,218,218,218,218,218,218,218,
goal:218,218,218,218,218,218,218,218,218,218,218,218,218,218,218,218,218,218,218,218,218,218,218,218,218,218,218,218,218,218,218,218,218,218,218,218,218,218,218,218,218,
size:32
[agent] id:27
path:297,296,264,263,262,294,294,294,294,294,294,294,294,294,294,294,294,294,294,294,294,294,294,294,294,294,294,294,294,294,294,294,294,294,294,294,294,294,294,294,294,
goal:294,294,294,294,294,294,294,294,294,294,294,294,294,294,294,294,294,294,294,294,294,294,294,294,294,294,294,294,294,294,294,294,294,294,294,294,294,294,294,294,294,
size:5
[agent] id:28
path:874,842,843,844,845,846,814,782,750,718,686,654,622,590,558,559,560,561,529,497,465,433,401,369,337,305,273,241,209,210,211,212,213,181,182,183,184,185,185,185,185,
goal:185,185,185,185,185,185,185,185,185,185,185,185,185,185,185,185,185,185,185,185,185,185,185,185,185,185,185,185,185,185,185,185,185,185,185,185,185,185,185,185,185,
size:37
[agent] id:29
path:743,711,679,647,615,583,551,519,520,521,489,457,458,426,394,395,396,364,332,300,268,269,270,271,239,240,241,209,210,211,212,213,181,182,150,151,119,120,121,121,121,
goal:121,121,121,121,121,121,121,121,121,121,121,121,121,121,121,121,121,121,121,121,121,121,121,121,121,121,121,121,121,121,121,121,121,121,121,121,121,121,121,121,121,
size:38
SolutionCost:673
