[setting] seed:1557
[solver] type:SASB-ECBS
[solver] w:2.000000
[solver] ID:0
[solver] Lowlevelnode:6557
[solver] Highlevelnode:25
[solver] ConflictCount:13
[solver] solved:1
[solver] elapsed:68
[solver] makespan:48
[problem] timesteplimit:15000
[problem] type:MAPF
[problem] agentnum:30
[graph] width:32
[graph] height:32
[graph] filename:./map/32by32_agents10_ex30.map
[task] id:17,start:0,end:0,service time:0,nodes:718,
[task] id:10,start:0,end:0,service time:0,nodes:640,
[task] id:3,start:0,end:0,service time:0,nodes:800,
[task] id:15,start:0,end:0,service time:0,nodes:453,
[task] id:9,start:0,end:0,service time:0,nodes:167,
[task] id:21,start:0,end:0,service time:0,nodes:552,
[task] id:27,start:0,end:0,service time:0,nodes:301,
[task] id:29,start:0,end:0,service time:0,nodes:407,
[task] id:4,start:0,end:0,service time:0,nodes:389,
[task] id:22,start:0,end:0,service time:0,nodes:1000,
[task] id:5,start:0,end:0,service time:0,nodes:51,
[task] id:25,start:0,end:0,service time:0,nodes:824,
[task] id:13,start:0,end:0,service time:0,nodes:1020,
[task] id:0,start:0,end:0,service time:0,nodes:92,
[task] id:8,start:0,end:0,service time:0,nodes:260,
[task] id:2,start:0,end:0,service time:0,nodes:49,
[task] id:19,start:0,end:0,service time:0,nodes:650,
[task] id:23,start:0,end:0,service time:0,nodes:449,
[task] id:1,start:0,end:0,service time:0,nodes:564,
[task] id:24,start:0,end:0,service time:0,nodes:648,
[task] id:6,start:0,end:0,service time:0,nodes:584,
[task] id:18,start:0,end:0,service time:0,nodes:140,
[task] id:26,start:0,end:0,service time:0,nodes:710,
[task] id:11,start:0,end:0,service time:0,nodes:967,
[task] id:12,start:0,end:0,service time:0,nodes:915,
[task] id:7,start:0,end:0,service time:0,nodes:209,
[task] id:20,start:0,end:0,service time:0,nodes:1002,
[task] id:28,start:0,end:0,service time:0,nodes:901,
[task] id:16,start:0,end:0,service time:0,nodes:861,
[task] id:14,start:0,end:0,service time:0,nodes:381,
[agent] id:0
path:499,467,468,469,470,438,406,374,342,310,311,279,247,215,183,151,119,87,88,89,90,91,92,92,92,92,92,92,92,92,92,92,92,92,92,92,92,92,92,92,92,92,92,92,92,92,92,92,92,
goal:92,92,92,92,92,92,92,92,92,92,92,92,92,92,92,92,92,92,92,92,92,92,92,92,92,92,92,92,92,92,92,92,92,92,92,92,92,92,92,92,92,92,92,92,92,92,92,92,92,
size:22
[agent] id:1
path:105,137,169,201,233,234,235,236,268,300,332,364,396,428,460,461,493,525,557,558,559,560,561,562,563,564,564,564,564,564,564,564,564,564,564,564,564,564,564,564,564,564,564,564,564,564,564,564,564,
goal:564,564,564,564,564,564,564,564,564,564,564,564,564,564,564,564,564,564,564,564,564,564,564,564,564,564,564,564,564,564,564,564,564,564,564,564,564,564,564,564,564,564,564,564,564,564,564,564,564,
size:25
[agent] id:2
path:522,490,458,426,394,395,396,364,332,331,299,300,268,236,204,172,173,174,142,110,78,79,80,48,49,49,49,49,49,49,49,49,49,49,49,49,49,49,49,49,49,49,49,49,49,49,49,49,49,
goal:49,49,49,49,49,49,49,49,49,49,49,49,49,49,49,49,49,49,49,49,49,49,49,49,49,49,49,49,49,49,49,49,49,49,49,49,49,49,49,49,49,49,49,49,49,49,49,49,49,
size:24
[agent] id:3
path:872,840,808,807,806,805,804,803,802,801,800,800,800,800,800,800,800,800,800,800,800,800,800,800,800,800,800,800,800,800,800,800,800,800,800,800,800,800,800,800,800,800,800,800,800,800,800,800,800,
goal:800,800,800,800,800,800,800,800,800,800,800,800,800,800,800,800,800,800,800,800,800,800,800,800,800,800,800,800,800,800,800,800,800,800,800,800,800,800,800,800,800,800,800,800,800,800,800,800,800,
size:10
[agent] id:4
path:560,528,527,526,494,493,461,429,397,396,395,394,393,392,391,390,389,389,389,389,389,389,389,389,389,389,389,389,389,389,389,389,389,389,389,389,389,389,389,389,389,389,389,389,389,389,389,389,389,
goal:389,389,389,389,389,389,389,389,389,389,389,389,389,389,389,389,389,389,389,389,389,389,389,389,389,389,389,389,389,389,389,389,389,389,389,389,389,389,389,389,389,389,389,389,389,389,389,389,389,
size:16
[agent] id:5
path:36,37,38,39,40,41,42,10,11,12,44,45,77,78,79,80,48,49,50,51,51,51,51,51,51,51,51,51,51,51,51,51,51,51,51,51,51,51,51,51,51,51,51,51,51,51,51,51,51,
goal:51,51,51,51,51,51,51,51,51,51,51,51,51,51,51,51,51,51,51,51,51,51,51,51,51,51,51,51,51,51,51,51,51,51,51,51,51,51,51,51,51,51,51,51,51,51,51,51,51,
size:19
[agent] id:6
path:571,570,602,634,633,632,664,663,662,661,660,659,658,657,656,655,623,622,621,620,619,651,650,618,617,616,584,584,584,584,584,584,584,584,584,584,584,584,584,584,584,584,584,584,584,584,584,584,584,
goal:584,584,584,584,584,584,584,584,584,584,584,584,584,584,584,584,584,584,584,584,584,584,584,584,584,584,584,584,584,584,584,584,584,584,584,584,584,584,584,584,584,584,584,584,584,584,584,584,584,
size:26
[agent] id:7
path:833,801,802,770,738,739,707,708,676,644,612,613,614,582,550,518,519,520,521,489,457,458,426,394,395,396,364,332,300,268,269,270,271,239,240,241,209,209,209,209,209,209,209,209,209,209,209,209,209,
goal:209,209,209,209,209,209,209,209,209,209,209,209,209,209,209,209,209,209,209,209,209,209,209,209,209,209,209,209,209,209,209,209,209,209,209,209,209,209,209,209,209,209,209,209,209,209,209,209,209,
size:36
[agent] id:8
path:654,622,590,558,526,494,493,461,429,397,396,395,394,393,392,391,359,358,326,294,262,261,260,260,260,260,260,260,260,260,260,260,260,260,260,260,260,260,260,260,260,260,260,260,260,260,260,260,260,
goal:260,260,260,260,260,260,260,260,260,260,260,260,260,260,260,260,260,260,260,260,260,260,260,260,260,260,260,260,260,260,260,260,260,260,260,260,260,260,260,260,260,260,260,260,260,260,260,260,260,
size:22
[agent] id:9
path:243,242,241,240,239,207,206,205,204,203,202,201,169,168,167,167,167,167,167,167,167,167,167,167,167,167,167,167,167,167,167,167,167,167,167,167,167,167,167,167,167,167,167,167,167,167,167,167,167,
goal:167,167,167,167,167,167,167,167,167,167,167,167,167,167,167,167,167,167,167,167,167,167,167,167,167,167,167,167,167,167,167,167,167,167,167,167,167,167,167,167,167,167,167,167,167,167,167,167,167,
size:14
[agent] id:10
path:835,803,771,739,707,706,705,673,641,640,640,640,640,640,640,640,640,640,640,640,640,640,640,640,640,640,640,640,640,640,640,640,640,640,640,640,640,640,640,640,640,640,640,640,640,640,640,640,640,
goal:640,640,640,640,640,640,640,640,640,640,640,640,640,640,640,640,640,640,640,640,640,640,640,640,640,640,640,640,640,640,640,640,640,640,640,640,640,640,640,640,640,640,640,640,640,640,640,640,640,
size:9
[agent] id:11
path:40,72,104,136,168,200,199,231,263,262,294,326,358,390,422,454,486,518,550,582,614,646,678,710,742,774,806,838,870,902,934,966,967,967,967,967,967,967,967,967,967,967,967,967,967,967,967,967,967,
goal:967,967,967,967,967,967,967,967,967,967,967,967,967,967,967,967,967,967,967,967,967,967,967,967,967,967,967,967,967,967,967,967,967,967,967,967,967,967,967,967,967,967,967,967,967,967,967,967,967,
size:32
[agent] id:12
path:107,139,171,203,235,236,268,300,301,302,334,366,367,399,431,463,464,465,497,529,561,593,594,626,658,690,722,754,786,818,850,882,914,915,915,915,915,915,915,915,915,915,915,915,915,915,915,915,915,
goal:915,915,915,915,915,915,915,915,915,915,915,915,915,915,915,915,915,915,915,915,915,915,915,915,915,915,915,915,915,915,915,915,915,915,915,915,915,915,915,915,915,915,915,915,915,915,915,915,915,
size:33
[agent] id:13
path:909,941,942,943,944,945,946,978,979,980,948,949,950,982,983,984,985,986,987,1019,1020,1020,1020,1020,1020,1020,1020,1020,1020,1020,1020,1020,1020,1020,1020,1020,1020,1020,1020,1020,1020,1020,1020,1020,1020,1020,1020,1020,1020,
goal:1020,1020,1020,1020,1020,1020,1020,1020,1020,1020,1020,1020,1020,1020,1020,1020,1020,1020,1020,1020,1020,1020,1020,1020,1020,1020,1020,1020,1020,1020,1020,1020,1020,1020,1020,1020,1020,1020,1020,1020,1020,1020,1020,1020,1020,1020,1020,1020,1020,
size:20
[agent] id:14
path:928,928,929,930,898,866,867,835,803,771,739,707,708,676,644,612,613,614,615,616,617,618,619,620,621,589,557,525,526,527,528,529,497,465,433,434,435,436,437,405,373,374,375,376,377,378,379,380,381,
goal:381,381,381,381,381,381,381,381,381,381,381,381,381,381,381,381,381,381,381,381,381,381,381,381,381,381,381,381,381,381,381,381,381,381,381,381,381,381,381,381,381,381,381,381,381,381,381,381,381,
size:48
[agent] id:15
path:712,680,648,616,584,552,520,519,487,486,454,453,453,453,453,453,453,453,453,453,453,453,453,453,453,453,453,453,453,453,453,453,453,453,453,453,453,453,453,453,453,453,453,453,453,453,453,453,453,
goal:453,453,453,453,453,453,453,453,453,453,453,453,453,453,453,453,453,453,453,453,453,453,453,453,453,453,453,453,453,453,453,453,453,453,453,453,453,453,453,453,453,453,453,453,453,453,453,453,453,
size:11
[agent] id:16
path:416,448,480,512,544,576,577,609,610,642,643,644,645,646,647,648,649,650,651,652,620,621,653,685,686,687,688,720,721,722,723,724,725,757,758,759,791,792,793,825,857,858,859,860,861,861,861,861,861,
goal:861,861,861,861,861,861,861,861,861,861,861,861,861,861,861,861,861,861,861,861,861,861,861,861,861,861,861,861,861,861,861,861,861,861,861,861,861,861,861,861,861,861,861,861,861,861,861,861,861,
size:44
[agent] id:17
path:593,592,591,623,655,687,686,718,718,718,718,718,718,718,718,718,718,718,718,718,718,718,718,718,718,718,718,718,718,718,718,718,718,718,718,718,718,718,718,718,718,718,718,718,718,718,718,718,718,
goal:718,718,718,718,718,718,718,718,718,718,718,718,718,718,718,718,718,718,718,718,718,718,718,718,718,718,718,718,718,718,718,718,718,718,718,718,718,718,718,718,718,718,718,718,718,718,718,718,718,
size:7
[agent] id:18
path:811,810,809,808,776,744,712,680,648,616,584,552,520,521,489,457,458,426,394,395,396,364,332,300,268,236,204,172,140,140,140,140,140,140,140,140,140,140,140,140,140,140,140,140,140,140,140,140,140,
goal:140,140,140,140,140,140,140,140,140,140,140,140,140,140,140,140,140,140,140,140,140,140,140,140,140,140,140,140,140,140,140,140,140,140,140,140,140,140,140,140,140,140,140,140,140,140,140,140,140,
size:28
[agent] id:19
path:106,138,139,171,203,235,236,268,300,332,364,396,428,460,461,493,525,557,589,621,621,653,652,651,650,650,650,650,650,650,650,650,650,650,650,650,650,650,650,650,650,650,650,650,650,650,650,650,650,
goal:650,650,650,650,650,650,650,650,650,650,650,650,650,650,650,650,650,650,650,650,650,650,650,650,650,650,650,650,650,650,650,650,650,650,650,650,650,650,650,650,650,650,650,650,650,650,650,650,650,
size:24
[agent] id:20
path:49,81,113,145,177,209,241,273,305,337,369,401,433,465,497,529,561,593,592,591,623,655,654,653,652,651,683,715,747,779,811,843,875,907,939,971,1003,1002,1002,1002,1002,1002,1002,1002,1002,1002,1002,1002,1002,
goal:1002,1002,1002,1002,1002,1002,1002,1002,1002,1002,1002,1002,1002,1002,1002,1002,1002,1002,1002,1002,1002,1002,1002,1002,1002,1002,1002,1002,1002,1002,1002,1002,1002,1002,1002,1002,1002,1002,1002,1002,1002,1002,1002,1002,1002,1002,1002,1002,1002,
size:37
[agent] id:21
path:302,301,300,332,364,396,428,460,459,458,490,522,554,553,552,552,552,552,552,552,552,552,552,552,552,552,552,552,552,552,552,552,552,552,552,552,552,552,552,552,552,552,552,552,552,552,552,552,552,
goal:552,552,552,552,552,552,552,552,552,552,552,552,552,552,552,552,552,552,552,552,552,552,552,552,552,552,552,552,552,552,552,552,552,552,552,552,552,552,552,552,552,552,552,552,552,552,552,552,552,
size:14
[agent] id:22
path:651,683,715,747,779,811,843,875,907,939,938,937,936,935,967,999,1000,1000,1000,1000,1000,1000,1000,1000,1000,1000,1000,1000,1000,1000,1000,1000,1000,1000,1000,1000,1000,1000,1000,1000,1000,1000,1000,1000,1000,1000,1000,1000,1000,
goal:1000,1000,1000,1000,1000,1000,1000,1000,1000,1000,1000,1000,1000,1000,1000,1000,1000,1000,1000,1000,1000,1000,1000,1000,1000,1000,1000,1000,1000,1000,1000,1000,1000,1000,1000,1000,1000,1000,1000,1000,1000,1000,1000,1000,1000,1000,1000,1000,1000,
size:16
[agent] id:23
path:961,929,930,898,866,867,835,836,804,803,771,739,707,706,705,673,641,609,577,545,513,512,480,448,449,449,449,449,449,449,449,449,449,449,449,449,449,449,449,449,449,449,449,449,449,449,449,449,449,
goal:449,449,449,449,449,449,449,449,449,449,449,449,449,449,449,449,449,449,449,449,449,449,449,449,449,449,449,449,449,449,449,449,449,449,449,449,449,449,449,449,449,449,449,449,449,449,449,449,449,
size:24
[agent] id:24
path:764,796,795,794,762,730,698,697,696,664,663,662,661,660,659,658,657,656,655,654,653,652,651,650,649,648,648,648,648,648,648,648,648,648,648,648,648,648,648,648,648,648,648,648,648,648,648,648,648,
goal:648,648,648,648,648,648,648,648,648,648,648,648,648,648,648,648,648,648,648,648,648,648,648,648,648,648,648,648,648,648,648,648,648,648,648,648,648,648,648,648,648,648,648,648,648,648,648,648,648,
size:25
[agent] id:25
path:309,341,373,405,437,469,501,533,565,597,629,661,693,725,757,758,759,791,823,824,824,824,824,824,824,824,824,824,824,824,824,824,824,824,824,824,824,824,824,824,824,824,824,824,824,824,824,824,824,
goal:824,824,824,824,824,824,824,824,824,824,824,824,824,824,824,824,824,824,824,824,824,824,824,824,824,824,824,824,824,824,824,824,824,824,824,824,824,824,824,824,824,824,824,824,824,824,824,824,824,
size:19
[agent] id:26
path:236,204,203,202,201,201,200,199,231,263,262,294,326,358,390,422,421,420,452,484,516,548,549,550,582,614,646,678,710,710,710,710,710,710,710,710,710,710,710,710,710,710,710,710,710,710,710,710,710,
goal:710,710,710,710,710,710,710,710,710,710,710,710,710,710,710,710,710,710,710,710,710,710,710,710,710,710,710,710,710,710,710,710,710,710,710,710,710,710,710,710,710,710,710,710,710,710,710,710,710,
size:28
[agent] id:27
path:52,84,83,115,114,146,178,210,242,274,306,305,304,303,302,301,301,301,301,301,301,301,301,301,301,301,301,301,301,301,301,301,301,301,301,301,301,301,301,301,301,301,301,301,301,301,301,301,301,
goal:301,301,301,301,301,301,301,301,301,301,301,301,301,301,301,301,301,301,301,301,301,301,301,301,301,301,301,301,301,301,301,301,301,301,301,301,301,301,301,301,301,301,301,301,301,301,301,301,301,
size:15
[agent] id:28
path:245,277,309,341,373,405,437,469,501,533,565,597,629,661,693,725,724,723,755,754,786,818,850,849,848,847,846,845,844,843,842,841,840,872,871,870,902,901,901,901,901,901,901,901,901,901,901,901,901,
goal:901,901,901,901,901,901,901,901,901,901,901,901,901,901,901,901,901,901,901,901,901,901,901,901,901,901,901,901,901,901,901,901,901,901,901,901,901,901,901,901,901,901,901,901,901,901,901,901,901,
size:37
[agent] id:29
path:222,221,189,188,187,219,218,217,216,248,280,312,344,376,408,407,407,407,407,407,407,407,407,407,407,407,407,407,407,407,407,407,407,407,407,407,407,407,407,407,407,407,407,407,407,407,407,407,407,
goal:407,407,407,407,407,407,407,407,407,407,407,407,407,407,407,407,407,407,407,407,407,407,407,407,407,407,407,407,407,407,407,407,407,407,407,407,407,407,407,407,407,407,407,407,407,407,407,407,407,
size:15
SolutionCost:700
