[setting] seed:3548
[solver] type:SASB-ECBS
[solver] w:2.000000
[solver] ID:0
[solver] Lowlevelnode:7118
[solver] Highlevelnode:27
[solver] ConflictCount:14
[solver] solved:1
[solver] elapsed:38
[solver] makespan:44
[problem] timesteplimit:15000
[problem] type:MAPF
[problem] agentnum:30
[graph] width:32
[graph] height:32
[graph] filename:./map/32by32_agents10_ex30.map
[task] id:19,start:0,end:0,service time:0,nodes:643,
[task] id:26,start:0,end:0,service time:0,nodes:613,
[task] id:20,start:0,end:0,service time:0,nodes:562,
[task] id:21,start:0,end:0,service time:0,nodes:934,
[task] id:28,start:0,end:0,service time:0,nodes:219,
[task] id:22,start:0,end:0,service time:0,nodes:886,
[task] id:29,start:0,end:0,service time:0,nodes:281,
[task] id:13,start:0,end:0,service time:0,nodes:653,
[task] id:5,start:0,end:0,service time:0,nodes:476,
[task] id:17,start:0,end:0,service time:0,nodes:390,
[task] id:24,start:0,end:0,service time:0,nodes:501,
[task] id:7,start:0,end:0,service time:0,nodes:563,
[task] id:14,start:0,end:0,service time:0,nodes:636,
[task] id:6,start:0,end:0,service time:0,nodes:558,
[task] id:11,start:0,end:0,service time:0,nodes:1007,
[task] id:10,start:0,end:0,service time:0,nodes:857,
[task] id:3,start:0,end:0,service time:0,nodes:189,
[task] id:8,start:0,end:0,service time:0,nodes:312,
[task] id:18,start:0,end:0,service time:0,nodes:110,
[task] id:25,start:0,end:0,service time:0,nodes:773,
[task] id:27,start:0,end:0,service time:0,nodes:554,
[task] id:12,start:0,end:0,service time:0,nodes:234,
[task] id:0,start:0,end:0,service time:0,nodes:734,
[task] id:1,start:0,end:0,service time:0,nodes:935,
[task] id:9,start:0,end:0,service time:0,nodes:974,
[task] id:16,start:0,end:0,service time:0,nodes:888,
[task] id:2,start:0,end:0,service time:0,nodes:472,
[task] id:4,start:0,end:0,service time:0,nodes:65,
[task] id:23,start:0,end:0,service time:0,nodes:766,
[task] id:15,start:0,end:0,service time:0,nodes:578,
[agent] id:0
path:209,241,273,305,337,369,401,433,465,497,529,561,593,594,626,658,659,660,661,662,663,695,696,697,698,699,700,701,733,734,734,734,734,734,734,734,734,734,734,734,734,734,734,734,734,
goal:734,734,734,734,734,734,734,734,734,734,734,734,734,734,734,734,734,734,734,734,734,734,734,734,734,734,734,734,734,734,734,734,734,734,734,734,734,734,734,734,734,734,734,734,734,
size:29
[agent] id:1
path:439,438,470,469,501,533,565,597,629,661,693,725,724,723,755,754,786,818,850,882,914,946,945,944,943,942,941,940,939,938,937,936,935,935,935,935,935,935,935,935,935,935,935,935,935,
goal:935,935,935,935,935,935,935,935,935,935,935,935,935,935,935,935,935,935,935,935,935,935,935,935,935,935,935,935,935,935,935,935,935,935,935,935,935,935,935,935,935,935,935,935,935,
size:32
[agent] id:2
path:67,68,69,101,133,165,166,167,199,200,201,233,234,235,236,268,300,301,302,303,304,305,306,307,308,309,341,373,405,406,407,408,409,441,473,472,472,472,472,472,472,472,472,472,472,
goal:472,472,472,472,472,472,472,472,472,472,472,472,472,472,472,472,472,472,472,472,472,472,472,472,472,472,472,472,472,472,472,472,472,472,472,472,472,472,472,472,472,472,472,472,472,
size:35
[agent] id:3
path:664,632,633,634,602,570,538,539,507,508,476,477,478,446,414,413,381,349,317,285,286,287,255,223,191,190,189,189,189,189,189,189,189,189,189,189,189,189,189,189,189,189,189,189,189,
goal:189,189,189,189,189,189,189,189,189,189,189,189,189,189,189,189,189,189,189,189,189,189,189,189,189,189,189,189,189,189,189,189,189,189,189,189,189,189,189,189,189,189,189,189,189,
size:26
[agent] id:4
path:663,662,630,598,566,534,533,501,469,468,436,435,403,402,401,369,337,305,273,241,240,239,207,206,174,173,172,140,139,107,75,74,73,72,71,70,69,68,67,66,65,65,65,65,65,
goal:65,65,65,65,65,65,65,65,65,65,65,65,65,65,65,65,65,65,65,65,65,65,65,65,65,65,65,65,65,65,65,65,65,65,65,65,65,65,65,65,65,65,65,65,65,
size:40
[agent] id:5
path:470,469,501,533,534,535,536,537,538,539,507,508,476,476,476,476,476,476,476,476,476,476,476,476,476,476,476,476,476,476,476,476,476,476,476,476,476,476,476,476,476,476,476,476,476,
goal:476,476,476,476,476,476,476,476,476,476,476,476,476,476,476,476,476,476,476,476,476,476,476,476,476,476,476,476,476,476,476,476,476,476,476,476,476,476,476,476,476,476,476,476,476,
size:12
[agent] id:6
path:796,795,794,762,730,698,697,696,664,663,662,661,660,659,658,657,656,655,623,622,622,590,558,558,558,558,558,558,558,558,558,558,558,558,558,558,558,558,558,558,558,558,558,558,558,
goal:558,558,558,558,558,558,558,558,558,558,558,558,558,558,558,558,558,558,558,558,558,558,558,558,558,558,558,558,558,558,558,558,558,558,558,558,558,558,558,558,558,558,558,558,558,
size:22
[agent] id:7
path:316,348,380,379,378,410,442,474,473,472,504,536,535,567,566,565,564,563,563,563,563,563,563,563,563,563,563,563,563,563,563,563,563,563,563,563,563,563,563,563,563,563,563,563,563,
goal:563,563,563,563,563,563,563,563,563,563,563,563,563,563,563,563,563,563,563,563,563,563,563,563,563,563,563,563,563,563,563,563,563,563,563,563,563,563,563,563,563,563,563,563,563,
size:17
[agent] id:8
path:649,617,618,619,620,621,589,557,525,526,527,528,529,497,465,433,401,369,337,305,306,307,308,309,310,311,312,312,312,312,312,312,312,312,312,312,312,312,312,312,312,312,312,312,312,
goal:312,312,312,312,312,312,312,312,312,312,312,312,312,312,312,312,312,312,312,312,312,312,312,312,312,312,312,312,312,312,312,312,312,312,312,312,312,312,312,312,312,312,312,312,312,
size:26
[agent] id:9
path:136,168,200,201,233,234,235,236,268,300,332,364,396,428,460,461,493,525,557,589,621,622,654,686,718,750,782,814,846,878,877,909,941,973,974,974,974,974,974,974,974,974,974,974,974,
goal:974,974,974,974,974,974,974,974,974,974,974,974,974,974,974,974,974,974,974,974,974,974,974,974,974,974,974,974,974,974,974,974,974,974,974,974,974,974,974,974,974,974,974,974,974,
size:34
[agent] id:10
path:212,213,245,277,309,341,373,405,437,469,501,533,565,597,629,661,693,725,757,758,759,791,823,824,825,857,857,857,857,857,857,857,857,857,857,857,857,857,857,857,857,857,857,857,857,
goal:857,857,857,857,857,857,857,857,857,857,857,857,857,857,857,857,857,857,857,857,857,857,857,857,857,857,857,857,857,857,857,857,857,857,857,857,857,857,857,857,857,857,857,857,857,
size:25
[agent] id:11
path:519,551,583,615,647,679,711,743,775,807,839,871,872,904,936,937,969,970,1002,1003,1004,1005,1006,1007,1007,1007,1007,1007,1007,1007,1007,1007,1007,1007,1007,1007,1007,1007,1007,1007,1007,1007,1007,1007,1007,
goal:1007,1007,1007,1007,1007,1007,1007,1007,1007,1007,1007,1007,1007,1007,1007,1007,1007,1007,1007,1007,1007,1007,1007,1007,1007,1007,1007,1007,1007,1007,1007,1007,1007,1007,1007,1007,1007,1007,1007,1007,1007,1007,1007,1007,1007,
size:23
[agent] id:12
path:913,881,849,848,847,846,814,782,750,718,686,654,622,590,558,526,494,493,461,429,397,396,364,332,300,268,236,235,234,234,234,234,234,234,234,234,234,234,234,234,234,234,234,234,234,
goal:234,234,234,234,234,234,234,234,234,234,234,234,234,234,234,234,234,234,234,234,234,234,234,234,234,234,234,234,234,234,234,234,234,234,234,234,234,234,234,234,234,234,234,234,234,
size:28
[agent] id:13
path:807,775,743,711,679,680,648,649,650,651,652,653,653,653,653,653,653,653,653,653,653,653,653,653,653,653,653,653,653,653,653,653,653,653,653,653,653,653,653,653,653,653,653,653,653,
goal:653,653,653,653,653,653,653,653,653,653,653,653,653,653,653,653,653,653,653,653,653,653,653,653,653,653,653,653,653,653,653,653,653,653,653,653,653,653,653,653,653,653,653,653,653,
size:11
[agent] id:14
path:556,557,589,590,591,592,593,593,594,626,627,628,629,630,631,632,633,634,635,636,636,636,636,636,636,636,636,636,636,636,636,636,636,636,636,636,636,636,636,636,636,636,636,636,636,
goal:636,636,636,636,636,636,636,636,636,636,636,636,636,636,636,636,636,636,636,636,636,636,636,636,636,636,636,636,636,636,636,636,636,636,636,636,636,636,636,636,636,636,636,636,636,
size:19
[agent] id:15
path:959,927,895,863,831,799,798,766,734,702,701,700,699,698,697,696,664,663,662,630,662,661,660,659,658,657,656,655,623,622,621,620,619,618,617,616,615,614,646,645,644,612,611,579,578,
goal:578,578,578,578,578,578,578,578,578,578,578,578,578,578,578,578,578,578,578,578,578,578,578,578,578,578,578,578,578,578,578,578,578,578,578,578,578,578,578,578,578,578,578,578,578,
size:44
[agent] id:16
path:234,235,236,268,300,332,364,396,428,460,461,493,525,557,589,621,622,654,686,718,750,782,814,846,847,848,849,850,851,852,853,854,855,887,888,888,888,888,888,888,888,888,888,888,888,
goal:888,888,888,888,888,888,888,888,888,888,888,888,888,888,888,888,888,888,888,888,888,888,888,888,888,888,888,888,888,888,888,888,888,888,888,888,888,888,888,888,888,888,888,888,888,
size:34
[agent] id:17
path:64,65,66,67,68,69,101,133,165,197,229,261,293,294,326,358,390,390,390,390,390,390,390,390,390,390,390,390,390,390,390,390,390,390,390,390,390,390,390,390,390,390,390,390,390,
goal:390,390,390,390,390,390,390,390,390,390,390,390,390,390,390,390,390,390,390,390,390,390,390,390,390,390,390,390,390,390,390,390,390,390,390,390,390,390,390,390,390,390,390,390,390,
size:16
[agent] id:18
path:726,725,693,661,629,597,596,564,563,531,499,467,435,403,402,401,369,337,305,273,241,209,177,145,113,112,111,110,110,110,110,110,110,110,110,110,110,110,110,110,110,110,110,110,110,
goal:110,110,110,110,110,110,110,110,110,110,110,110,110,110,110,110,110,110,110,110,110,110,110,110,110,110,110,110,110,110,110,110,110,110,110,110,110,110,110,110,110,110,110,110,110,
size:27
[agent] id:19
path:705,673,641,642,643,643,643,643,643,643,643,643,643,643,643,643,643,643,643,643,643,643,643,643,643,643,643,643,643,643,643,643,643,643,643,643,643,643,643,643,643,643,643,643,643,
goal:643,643,643,643,643,643,643,643,643,643,643,643,643,643,643,643,643,643,643,643,643,643,643,643,643,643,643,643,643,643,643,643,643,643,643,643,643,643,643,643,643,643,643,643,643,
size:4
[agent] id:20
path:818,786,754,722,690,658,626,594,562,562,562,562,562,562,562,562,562,562,562,562,562,562,562,562,562,562,562,562,562,562,562,562,562,562,562,562,562,562,562,562,562,562,562,562,562,
goal:562,562,562,562,562,562,562,562,562,562,562,562,562,562,562,562,562,562,562,562,562,562,562,562,562,562,562,562,562,562,562,562,562,562,562,562,562,562,562,562,562,562,562,562,562,
size:8
[agent] id:21
path:802,803,835,867,899,900,901,933,934,934,934,934,934,934,934,934,934,934,934,934,934,934,934,934,934,934,934,934,934,934,934,934,934,934,934,934,934,934,934,934,934,934,934,934,934,
goal:934,934,934,934,934,934,934,934,934,934,934,934,934,934,934,934,934,934,934,934,934,934,934,934,934,934,934,934,934,934,934,934,934,934,934,934,934,934,934,934,934,934,934,934,934,
size:8
[agent] id:22
path:599,631,663,695,727,759,791,823,855,887,886,886,886,886,886,886,886,886,886,886,886,886,886,886,886,886,886,886,886,886,886,886,886,886,886,886,886,886,886,886,886,886,886,886,886,
goal:886,886,886,886,886,886,886,886,886,886,886,886,886,886,886,886,886,886,886,886,886,886,886,886,886,886,886,886,886,886,886,886,886,886,886,886,886,886,886,886,886,886,886,886,886,
size:10
[agent] id:23
path:416,448,480,512,513,514,515,547,548,549,550,551,552,553,554,555,556,557,589,590,591,592,593,594,626,658,659,660,661,662,663,695,696,697,698,699,700,701,733,765,766,766,766,766,766,
goal:766,766,766,766,766,766,766,766,766,766,766,766,766,766,766,766,766,766,766,766,766,766,766,766,766,766,766,766,766,766,766,766,766,766,766,766,766,766,766,766,766,766,766,766,766,
size:40
[agent] id:24
path:785,753,721,689,657,657,658,626,627,628,596,564,563,531,499,500,501,501,501,501,501,501,501,501,501,501,501,501,501,501,501,501,501,501,501,501,501,501,501,501,501,501,501,501,501,
goal:501,501,501,501,501,501,501,501,501,501,501,501,501,501,501,501,501,501,501,501,501,501,501,501,501,501,501,501,501,501,501,501,501,501,501,501,501,501,501,501,501,501,501,501,501,
size:16
[agent] id:25
path:305,337,369,401,433,465,497,529,561,593,592,591,623,655,687,686,718,717,716,715,714,713,745,744,776,775,774,773,773,773,773,773,773,773,773,773,773,773,773,773,773,773,773,773,773,
goal:773,773,773,773,773,773,773,773,773,773,773,773,773,773,773,773,773,773,773,773,773,773,773,773,773,773,773,773,773,773,773,773,773,773,773,773,773,773,773,773,773,773,773,773,773,
size:27
[agent] id:26
path:483,515,547,579,611,612,613,613,613,613,613,613,613,613,613,613,613,613,613,613,613,613,613,613,613,613,613,613,613,613,613,613,613,613,613,613,613,613,613,613,613,613,613,613,613,
goal:613,613,613,613,613,613,613,613,613,613,613,613,613,613,613,613,613,613,613,613,613,613,613,613,613,613,613,613,613,613,613,613,613,613,613,613,613,613,613,613,613,613,613,613,613,
size:6
[agent] id:27
path:542,574,606,605,637,636,635,634,633,632,600,599,567,566,565,564,563,531,530,529,528,527,526,525,557,556,555,554,554,554,554,554,554,554,554,554,554,554,554,554,554,554,554,554,554,
goal:554,554,554,554,554,554,554,554,554,554,554,554,554,554,554,554,554,554,554,554,554,554,554,554,554,554,554,554,554,554,554,554,554,554,554,554,554,554,554,554,554,554,554,554,554,
size:27
[agent] id:28
path:377,345,313,281,280,248,216,217,218,219,219,219,219,219,219,219,219,219,219,219,219,219,219,219,219,219,219,219,219,219,219,219,219,219,219,219,219,219,219,219,219,219,219,219,219,
goal:219,219,219,219,219,219,219,219,219,219,219,219,219,219,219,219,219,219,219,219,219,219,219,219,219,219,219,219,219,219,219,219,219,219,219,219,219,219,219,219,219,219,219,219,219,
size:9
[agent] id:29
path:89,121,153,185,217,216,215,247,279,280,281,281,281,281,281,281,281,281,281,281,281,281,281,281,281,281,281,281,281,281,281,281,281,281,281,281,281,281,281,281,281,281,281,281,281,
goal:281,281,281,281,281,281,281,281,281,281,281,281,281,281,281,281,281,281,281,281,281,281,281,281,281,281,281,281,281,281,281,281,281,281,281,281,281,281,281,281,281,281,281,281,281,
size:10
SolutionCost:665
