[setting] seed:31661
[solver] type:SASB-ECBS
[solver] w:2.000000
[solver] ID:0
[solver] Lowlevelnode:4552
[solver] Highlevelnode:23
[solver] ConflictCount:12
[solver] solved:1
[solver] elapsed:39
[solver] makespan:36
[problem] timesteplimit:15000
[problem] type:MAPF
[problem] agentnum:30
[graph] width:32
[graph] height:32
[graph] filename:./map/32by32_agents10_ex30.map
[task] id:1,start:0,end:0,service time:0,nodes:952,
[task] id:27,start:0,end:0,service time:0,nodes:302,
[task] id:6,start:0,end:0,service time:0,nodes:176,
[task] id:28,start:0,end:0,service time:0,nodes:646,
[task] id:13,start:0,end:0,service time:0,nodes:304,
[task] id:24,start:0,end:0,service time:0,nodes:792,
[task] id:8,start:0,end:0,service time:0,nodes:960,
[task] id:16,start:0,end:0,service time:0,nodes:850,
[task] id:29,start:0,end:0,service time:0,nodes:457,
[task] id:9,start:0,end:0,service time:0,nodes:924,
[task] id:19,start:0,end:0,service time:0,nodes:630,
[task] id:12,start:0,end:0,service time:0,nodes:650,
[task] id:18,start:0,end:0,service time:0,nodes:824,
[task] id:25,start:0,end:0,service time:0,nodes:887,
[task] id:10,start:0,end:0,service time:0,nodes:421,
[task] id:23,start:0,end:0,service time:0,nodes:336,
[task] id:4,start:0,end:0,service time:0,nodes:682,
[task] id:5,start:0,end:0,service time:0,nodes:279,
[task] id:7,start:0,end:0,service time:0,nodes:499,
[task] id:2,start:0,end:0,service time:0,nodes:978,
[task] id:3,start:0,end:0,service time:0,nodes:414,
[task] id:26,start:0,end:0,service time:0,nodes:579,
[task] id:20,start:0,end:0,service time:0,nodes:806,
[task] id:11,start:0,end:0,service time:0,nodes:759,
[task] id:15,start:0,end:0,service time:0,nodes:190,
[task] id:0,start:0,end:0,service time:0,nodes:734,
[task] id:21,start:0,end:0,service time:0,nodes:737,
[task] id:14,start:0,end:0,service time:0,nodes:993,
[task] id:17,start:0,end:0,service time:0,nodes:726,
[task] id:22,start:0,end:0,service time:0,nodes:58,
[agent] id:0
path:641,642,643,644,645,646,647,648,649,650,651,652,653,654,655,656,657,658,659,660,661,662,663,695,696,697,698,699,700,701,733,734,734,734,734,734,734,
goal:734,734,734,734,734,734,734,734,734,734,734,734,734,734,734,734,734,734,734,734,734,734,734,734,734,734,734,734,734,734,734,734,734,734,734,734,734,
size:31
[agent] id:1
path:986,985,953,952,952,952,952,952,952,952,952,952,952,952,952,952,952,952,952,952,952,952,952,952,952,952,952,952,952,952,952,952,952,952,952,952,952,
goal:952,952,952,952,952,952,952,952,952,952,952,952,952,952,952,952,952,952,952,952,952,952,952,952,952,952,952,952,952,952,952,952,952,952,952,952,952,
size:3
[agent] id:2
path:372,373,405,437,469,501,533,565,597,629,661,693,725,724,723,755,754,786,818,819,851,883,915,914,946,978,978,978,978,978,978,978,978,978,978,978,978,
goal:978,978,978,978,978,978,978,978,978,978,978,978,978,978,978,978,978,978,978,978,978,978,978,978,978,978,978,978,978,978,978,978,978,978,978,978,978,
size:25
[agent] id:3
path:956,924,892,860,859,858,857,825,793,794,762,730,698,699,667,635,603,571,539,507,508,476,477,478,446,414,414,414,414,414,414,414,414,414,414,414,414,
goal:414,414,414,414,414,414,414,414,414,414,414,414,414,414,414,414,414,414,414,414,414,414,414,414,414,414,414,414,414,414,414,414,414,414,414,414,414,
size:25
[agent] id:4
path:263,262,294,326,358,357,389,421,453,485,517,549,550,582,614,615,647,679,680,681,682,682,682,682,682,682,682,682,682,682,682,682,682,682,682,682,682,
goal:682,682,682,682,682,682,682,682,682,682,682,682,682,682,682,682,682,682,682,682,682,682,682,682,682,682,682,682,682,682,682,682,682,682,682,682,682,
size:20
[agent] id:5
path:760,728,696,664,632,600,599,567,535,503,504,472,473,441,409,377,345,313,281,280,279,279,279,279,279,279,279,279,279,279,279,279,279,279,279,279,279,
goal:279,279,279,279,279,279,279,279,279,279,279,279,279,279,279,279,279,279,279,279,279,279,279,279,279,279,279,279,279,279,279,279,279,279,279,279,279,
size:20
[agent] id:6
path:207,239,240,241,209,177,176,176,176,176,176,176,176,176,176,176,176,176,176,176,176,176,176,176,176,176,176,176,176,176,176,176,176,176,176,176,176,
goal:176,176,176,176,176,176,176,176,176,176,176,176,176,176,176,176,176,176,176,176,176,176,176,176,176,176,176,176,176,176,176,176,176,176,176,176,176,
size:6
[agent] id:7
path:417,418,419,420,421,422,423,424,456,457,489,521,553,554,555,556,524,525,526,527,528,529,497,498,499,499,499,499,499,499,499,499,499,499,499,499,499,
goal:499,499,499,499,499,499,499,499,499,499,499,499,499,499,499,499,499,499,499,499,499,499,499,499,499,499,499,499,499,499,499,499,499,499,499,499,499,
size:24
[agent] id:8
path:871,870,902,934,966,965,964,963,962,961,960,960,960,960,960,960,960,960,960,960,960,960,960,960,960,960,960,960,960,960,960,960,960,960,960,960,960,
goal:960,960,960,960,960,960,960,960,960,960,960,960,960,960,960,960,960,960,960,960,960,960,960,960,960,960,960,960,960,960,960,960,960,960,960,960,960,
size:10
[agent] id:9
path:697,729,728,760,792,824,825,824,825,857,858,859,860,892,924,924,924,924,924,924,924,924,924,924,924,924,924,924,924,924,924,924,924,924,924,924,924,
goal:924,924,924,924,924,924,924,924,924,924,924,924,924,924,924,924,924,924,924,924,924,924,924,924,924,924,924,924,924,924,924,924,924,924,924,924,924,
size:14
[agent] id:10
path:655,623,591,559,558,557,556,555,554,522,521,520,519,487,486,454,422,421,421,421,421,421,421,421,421,421,421,421,421,421,421,421,421,421,421,421,421,
goal:421,421,421,421,421,421,421,421,421,421,421,421,421,421,421,421,421,421,421,421,421,421,421,421,421,421,421,421,421,421,421,421,421,421,421,421,421,
size:17
[agent] id:11
path:51,83,115,114,146,178,210,242,274,306,307,308,309,341,373,405,437,469,501,533,565,597,629,661,693,725,757,758,759,759,759,759,759,759,759,759,759,
goal:759,759,759,759,759,759,759,759,759,759,759,759,759,759,759,759,759,759,759,759,759,759,759,759,759,759,759,759,759,759,759,759,759,759,759,759,759,
size:28
[agent] id:12
path:944,912,880,848,847,846,814,782,750,718,717,716,715,683,651,650,650,650,650,650,650,650,650,650,650,650,650,650,650,650,650,650,650,650,650,650,650,
goal:650,650,650,650,650,650,650,650,650,650,650,650,650,650,650,650,650,650,650,650,650,650,650,650,650,650,650,650,650,650,650,650,650,650,650,650,650,
size:15
[agent] id:13
path:344,312,311,310,309,308,307,306,305,304,304,304,304,304,304,304,304,304,304,304,304,304,304,304,304,304,304,304,304,304,304,304,304,304,304,304,304,
goal:304,304,304,304,304,304,304,304,304,304,304,304,304,304,304,304,304,304,304,304,304,304,304,304,304,304,304,304,304,304,304,304,304,304,304,304,304,
size:9
[agent] id:14
path:497,529,561,593,592,591,623,655,687,686,718,750,782,814,846,878,877,909,941,940,939,938,937,936,935,967,966,965,964,963,962,961,993,993,993,993,993,
goal:993,993,993,993,993,993,993,993,993,993,993,993,993,993,993,993,993,993,993,993,993,993,993,993,993,993,993,993,993,993,993,993,993,993,993,993,993,
size:32
[agent] id:15
path:796,764,765,733,701,669,637,605,604,603,571,539,507,508,476,477,478,446,414,413,381,349,317,285,286,287,255,223,191,190,190,190,190,190,190,190,190,
goal:190,190,190,190,190,190,190,190,190,190,190,190,190,190,190,190,190,190,190,190,190,190,190,190,190,190,190,190,190,190,190,190,190,190,190,190,190,
size:29
[agent] id:16
path:661,693,692,691,723,755,755,754,786,818,850,850,850,850,850,850,850,850,850,850,850,850,850,850,850,850,850,850,850,850,850,850,850,850,850,850,850,
goal:850,850,850,850,850,850,850,850,850,850,850,850,850,850,850,850,850,850,850,850,850,850,850,850,850,850,850,850,850,850,850,850,850,850,850,850,850,
size:10
[agent] id:17
path:353,385,417,449,450,482,514,515,547,579,611,612,613,614,615,616,617,618,619,651,652,653,685,686,687,688,720,721,722,723,724,725,726,726,726,726,726,
goal:726,726,726,726,726,726,726,726,726,726,726,726,726,726,726,726,726,726,726,726,726,726,726,726,726,726,726,726,726,726,726,726,726,726,726,726,726,
size:32
[agent] id:18
path:654,686,687,688,720,721,722,723,724,725,757,758,759,791,823,824,824,824,824,824,824,824,824,824,824,824,824,824,824,824,824,824,824,824,824,824,824,
goal:824,824,824,824,824,824,824,824,824,824,824,824,824,824,824,824,824,824,824,824,824,824,824,824,824,824,824,824,824,824,824,824,824,824,824,824,824,
size:15
[agent] id:19
path:816,848,849,850,818,786,754,722,690,658,626,627,628,629,630,630,630,630,630,630,630,630,630,630,630,630,630,630,630,630,630,630,630,630,630,630,630,
goal:630,630,630,630,630,630,630,630,630,630,630,630,630,630,630,630,630,630,630,630,630,630,630,630,630,630,630,630,630,630,630,630,630,630,630,630,630,
size:14
[agent] id:20
path:206,205,204,236,268,300,332,364,396,428,460,459,458,490,522,554,553,552,584,616,648,680,712,744,776,808,807,806,806,806,806,806,806,806,806,806,806,
goal:806,806,806,806,806,806,806,806,806,806,806,806,806,806,806,806,806,806,806,806,806,806,806,806,806,806,806,806,806,806,806,806,806,806,806,806,806,
size:27
[agent] id:21
path:635,634,633,632,631,663,662,661,693,692,691,690,689,688,687,686,718,717,716,715,714,713,713,712,711,710,709,708,707,739,738,737,737,737,737,737,737,
goal:737,737,737,737,737,737,737,737,737,737,737,737,737,737,737,737,737,737,737,737,737,737,737,737,737,737,737,737,737,737,737,737,737,737,737,737,737,
size:31
[agent] id:22
path:550,518,486,454,422,390,358,326,294,262,230,231,199,200,201,202,203,171,172,173,174,142,110,78,79,80,48,49,50,51,52,53,54,55,56,57,58,
goal:58,58,58,58,58,58,58,58,58,58,58,58,58,58,58,58,58,58,58,58,58,58,58,58,58,58,58,58,58,58,58,58,58,58,58,58,58,
size:36
[agent] id:23
path:9,41,73,105,137,169,201,202,203,204,205,206,207,239,240,241,273,305,337,336,336,336,336,336,336,336,336,336,336,336,336,336,336,336,336,336,336,
goal:336,336,336,336,336,336,336,336,336,336,336,336,336,336,336,336,336,336,336,336,336,336,336,336,336,336,336,336,336,336,336,336,336,336,336,336,336,
size:19
[agent] id:24
path:690,722,723,724,725,757,758,759,791,792,792,792,792,792,792,792,792,792,792,792,792,792,792,792,792,792,792,792,792,792,792,792,792,792,792,792,792,
goal:792,792,792,792,792,792,792,792,792,792,792,792,792,792,792,792,792,792,792,792,792,792,792,792,792,792,792,792,792,792,792,792,792,792,792,792,792,
size:9
[agent] id:25
path:1004,972,940,908,876,877,878,879,880,881,882,883,884,885,886,887,887,887,887,887,887,887,887,887,887,887,887,887,887,887,887,887,887,887,887,887,887,
goal:887,887,887,887,887,887,887,887,887,887,887,887,887,887,887,887,887,887,887,887,887,887,887,887,887,887,887,887,887,887,887,887,887,887,887,887,887,
size:15
[agent] id:26
path:240,241,273,305,337,369,401,433,465,497,529,561,560,559,558,557,556,555,554,553,552,551,550,549,548,547,579,579,579,579,579,579,579,579,579,579,579,
goal:579,579,579,579,579,579,579,579,579,579,579,579,579,579,579,579,579,579,579,579,579,579,579,579,579,579,579,579,579,579,579,579,579,579,579,579,579,
size:26
[agent] id:27
path:204,236,268,300,301,302,302,302,302,302,302,302,302,302,302,302,302,302,302,302,302,302,302,302,302,302,302,302,302,302,302,302,302,302,302,302,302,
goal:302,302,302,302,302,302,302,302,302,302,302,302,302,302,302,302,302,302,302,302,302,302,302,302,302,302,302,302,302,302,302,302,302,302,302,302,302,
size:5
[agent] id:28
path:805,773,741,709,677,645,646,646,646,646,646,646,646,646,646,646,646,646,646,646,646,646,646,646,646,646,646,646,646,646,646,646,646,646,646,646,646,
goal:646,646,646,646,646,646,646,646,646,646,646,646,646,646,646,646,646,646,646,646,646,646,646,646,646,646,646,646,646,646,646,646,646,646,646,646,646,
size:6
[agent] id:29
path:591,559,527,526,494,493,461,460,459,458,457,457,457,457,457,457,457,457,457,457,457,457,457,457,457,457,457,457,457,457,457,457,457,457,457,457,457,
goal:457,457,457,457,457,457,457,457,457,457,457,457,457,457,457,457,457,457,457,457,457,457,457,457,457,457,457,457,457,457,457,457,457,457,457,457,457,
size:10
SolutionCost:563
