[setting] seed:8291
[solver] type:SASB-ECBS
[solver] w:2.000000
[solver] ID:0
[solver] Lowlevelnode:10106
[solver] Highlevelnode:21
[solver] ConflictCount:11
[solver] solved:1
[solver] elapsed:74
[solver] makespan:47
[problem] timesteplimit:15000
[problem] type:MAPF
[problem] agentnum:30
[graph] width:32
[graph] height:32
[graph] filename:./map/32by32_agents10_ex30.map
[task] id:4,start:0,end:0,service time:0,nodes:230,
[task] id:25,start:0,end:0,service time:0,nodes:627,
[task] id:20,start:0,end:0,service time:0,nodes:542,
[task] id:15,start:0,end:0,service time:0,nodes:9,
[task] id:3,start:0,end:0,service time:0,nodes:426,
[task] id:21,start:0,end:0,service time:0,nodes:664,
[task] id:9,start:0,end:0,service time:0,nodes:70,
[task] id:13,start:0,end:0,service time:0,nodes:895,
[task] id:18,start:0,end:0,service time:0,nodes:490,
[task] id:27,start:0,end:0,service time:0,nodes:559,
[task] id:1,start:0,end:0,service time:0,nodes:176,
[task] id:8,start:0,end:0,service time:0,nodes:836,
[task] id:11,start:0,end:0,service time:0,nodes:22,
[task] id:28,start:0,end:0,service time:0,nodes:662,
[task] id:2,start:0,end:0,service time:0,nodes:456,
[task] id:6,start:0,end:0,service time:0,nodes:614,
[task] id:10,start:0,end:0,service time:0,nodes:918,
[task] id:30,start:0,end:0,service time:0,nodes:614,
[task] id:0,start:0,end:0,service time:0,nodes:211,
[task] id:24,start:0,end:0,service time:0,nodes:936,
[task] id:14,start:0,end:0,service time:0,nodes:906,
[task] id:16,start:0,end:0,service time:0,nodes:391,
[task] id:26,start:0,end:0,service time:0,nodes:800,
[task] id:12,start:0,end:0,service time:0,nodes:822,
[task] id:17,start:0,end:0,service time:0,nodes:779,
[task] id:29,start:0,end:0,service time:0,nodes:965,
[task] id:22,start:0,end:0,service time:0,nodes:509,
[task] id:19,start:0,end:0,service time:0,nodes:958,
[task] id:7,start:0,end:0,service time:0,nodes:418,
[task] id:23,start:0,end:0,service time:0,nodes:19,
[task] id:5,start:0,end:0,service time:0,nodes:89,
[agent] id:0
path:844,845,846,814,782,750,718,686,654,622,590,558,526,527,528,529,497,465,433,401,369,337,305,273,241,209,210,211,211,211,211,211,211,211,211,211,211,211,211,211,211,211,211,211,211,211,211,211,
goal:211,211,211,211,211,211,211,211,211,211,211,211,211,211,211,211,211,211,211,211,211,211,211,211,211,211,211,211,211,211,211,211,211,211,211,211,211,211,211,211,211,211,211,211,211,211,211,211,
size:27
[agent] id:1
path:555,556,524,525,526,527,528,529,497,465,433,401,369,337,305,273,241,209,177,176,176,176,176,176,176,176,176,176,176,176,176,176,176,176,176,176,176,176,176,176,176,176,176,176,176,176,176,176,
goal:176,176,176,176,176,176,176,176,176,176,176,176,176,176,176,176,176,176,176,176,176,176,176,176,176,176,176,176,176,176,176,176,176,176,176,176,176,176,176,176,176,176,176,176,176,176,176,176,
size:19
[agent] id:2
path:213,245,277,309,308,307,306,305,304,303,302,301,300,332,364,396,428,460,459,458,457,456,456,456,456,456,456,456,456,456,456,456,456,456,456,456,456,456,456,456,456,456,456,456,456,456,456,456,
goal:456,456,456,456,456,456,456,456,456,456,456,456,456,456,456,456,456,456,456,456,456,456,456,456,456,456,456,456,456,456,456,456,456,456,456,456,456,456,456,456,456,456,456,456,456,456,456,456,
size:21
[agent] id:3
path:308,307,306,305,304,303,302,301,300,332,364,396,428,427,426,426,426,426,426,426,426,426,426,426,426,426,426,426,426,426,426,426,426,426,426,426,426,426,426,426,426,426,426,426,426,426,426,426,
goal:426,426,426,426,426,426,426,426,426,426,426,426,426,426,426,426,426,426,426,426,426,426,426,426,426,426,426,426,426,426,426,426,426,426,426,426,426,426,426,426,426,426,426,426,426,426,426,426,
size:14
[agent] id:4
path:296,264,263,231,230,230,230,230,230,230,230,230,230,230,230,230,230,230,230,230,230,230,230,230,230,230,230,230,230,230,230,230,230,230,230,230,230,230,230,230,230,230,230,230,230,230,230,230,
goal:230,230,230,230,230,230,230,230,230,230,230,230,230,230,230,230,230,230,230,230,230,230,230,230,230,230,230,230,230,230,230,230,230,230,230,230,230,230,230,230,230,230,230,230,230,230,230,230,
size:4
[agent] id:5
path:900,901,869,837,805,773,741,709,677,645,613,614,615,616,617,618,619,620,621,589,590,591,592,560,528,529,497,465,433,401,369,337,305,306,307,308,276,277,245,213,181,182,150,151,119,87,88,89,
goal:89,89,89,89,89,89,89,89,89,89,89,89,89,89,89,89,89,89,89,89,89,89,89,89,89,89,89,89,89,89,89,89,89,89,89,89,89,89,89,89,89,89,89,89,89,89,89,89,
size:47
[agent] id:6
path:130,162,161,193,225,257,258,290,322,354,355,356,357,389,421,453,485,517,549,550,582,614,613,613,614,614,614,614,614,614,614,614,614,614,614,614,614,614,614,614,614,614,614,614,614,614,614,614,
goal:614,614,614,614,614,614,614,614,614,614,614,614,614,614,614,614,614,614,614,614,614,614,614,614,614,614,614,614,614,614,614,614,614,614,614,614,614,614,614,614,614,614,614,614,614,614,614,614,
size:24
[agent] id:7
path:703,671,670,669,637,636,635,634,633,632,600,599,567,566,565,564,563,531,530,529,528,527,526,494,493,461,460,459,427,395,394,393,392,424,423,422,421,420,419,418,418,418,418,418,418,418,418,418,
goal:418,418,418,418,418,418,418,418,418,418,418,418,418,418,418,418,418,418,418,418,418,418,418,418,418,418,418,418,418,418,418,418,418,418,418,418,418,418,418,418,418,418,418,418,418,418,418,418,
size:39
[agent] id:8
path:886,854,853,852,851,850,849,848,847,846,845,844,843,842,841,840,839,838,837,836,836,836,836,836,836,836,836,836,836,836,836,836,836,836,836,836,836,836,836,836,836,836,836,836,836,836,836,836,
goal:836,836,836,836,836,836,836,836,836,836,836,836,836,836,836,836,836,836,836,836,836,836,836,836,836,836,836,836,836,836,836,836,836,836,836,836,836,836,836,836,836,836,836,836,836,836,836,836,
size:19
[agent] id:9
path:50,82,81,80,79,78,77,45,44,12,11,10,42,74,73,72,71,70,70,70,70,70,70,70,70,70,70,70,70,70,70,70,70,70,70,70,70,70,70,70,70,70,70,70,70,70,70,70,
goal:70,70,70,70,70,70,70,70,70,70,70,70,70,70,70,70,70,70,70,70,70,70,70,70,70,70,70,70,70,70,70,70,70,70,70,70,70,70,70,70,70,70,70,70,70,70,70,70,
size:17
[agent] id:10
path:901,902,934,935,936,937,938,939,940,941,942,943,911,912,913,914,915,883,884,885,886,918,918,918,918,918,918,918,918,918,918,918,918,918,918,918,918,918,918,918,918,918,918,918,918,918,918,918,
goal:918,918,918,918,918,918,918,918,918,918,918,918,918,918,918,918,918,918,918,918,918,918,918,918,918,918,918,918,918,918,918,918,918,918,918,918,918,918,918,918,918,918,918,918,918,918,918,918,
size:21
[agent] id:11
path:317,285,286,287,255,223,191,159,127,95,63,31,30,29,28,27,26,25,24,23,22,22,22,22,22,22,22,22,22,22,22,22,22,22,22,22,22,22,22,22,22,22,22,22,22,22,22,22,
goal:22,22,22,22,22,22,22,22,22,22,22,22,22,22,22,22,22,22,22,22,22,22,22,22,22,22,22,22,22,22,22,22,22,22,22,22,22,22,22,22,22,22,22,22,22,22,22,22,
size:20
[agent] id:12
path:93,92,91,123,155,187,219,218,217,216,248,280,312,344,376,408,409,441,473,472,504,536,535,567,599,631,663,695,727,759,791,823,822,822,822,822,822,822,822,822,822,822,822,822,822,822,822,822,
goal:822,822,822,822,822,822,822,822,822,822,822,822,822,822,822,822,822,822,822,822,822,822,822,822,822,822,822,822,822,822,822,822,822,822,822,822,822,822,822,822,822,822,822,822,822,822,822,822,
size:32
[agent] id:13
path:723,724,725,757,758,759,791,823,824,825,857,858,859,860,892,893,894,895,895,895,895,895,895,895,895,895,895,895,895,895,895,895,895,895,895,895,895,895,895,895,895,895,895,895,895,895,895,895,
goal:895,895,895,895,895,895,895,895,895,895,895,895,895,895,895,895,895,895,895,895,895,895,895,895,895,895,895,895,895,895,895,895,895,895,895,895,895,895,895,895,895,895,895,895,895,895,895,895,
size:17
[agent] id:14
path:240,239,271,303,302,301,300,332,364,396,428,460,461,493,525,557,589,621,653,685,717,716,715,747,779,811,843,875,907,906,906,906,906,906,906,906,906,906,906,906,906,906,906,906,906,906,906,906,
goal:906,906,906,906,906,906,906,906,906,906,906,906,906,906,906,906,906,906,906,906,906,906,906,906,906,906,906,906,906,906,906,906,906,906,906,906,906,906,906,906,906,906,906,906,906,906,906,906,
size:29
[agent] id:15
path:18,17,49,48,80,79,78,77,45,13,12,11,10,9,9,9,9,9,9,9,9,9,9,9,9,9,9,9,9,9,9,9,9,9,9,9,9,9,9,9,9,9,9,9,9,9,9,9,
goal:9,9,9,9,9,9,9,9,9,9,9,9,9,9,9,9,9,9,9,9,9,9,9,9,9,9,9,9,9,9,9,9,9,9,9,9,9,9,9,9,9,9,9,9,9,9,9,9,
size:13
[agent] id:16
path:412,380,379,378,377,376,375,374,342,310,309,308,307,306,306,305,304,303,302,301,300,332,364,396,428,427,395,394,393,392,391,391,391,391,391,391,391,391,391,391,391,391,391,391,391,391,391,391,
goal:391,391,391,391,391,391,391,391,391,391,391,391,391,391,391,391,391,391,391,391,391,391,391,391,391,391,391,391,391,391,391,391,391,391,391,391,391,391,391,391,391,391,391,391,391,391,391,391,
size:30
[agent] id:17
path:2,3,35,67,68,69,101,133,165,197,229,261,293,294,326,358,390,422,454,486,518,550,582,614,646,678,710,711,712,713,714,715,747,779,779,779,779,779,779,779,779,779,779,779,779,779,779,779,
goal:779,779,779,779,779,779,779,779,779,779,779,779,779,779,779,779,779,779,779,779,779,779,779,779,779,779,779,779,779,779,779,779,779,779,779,779,779,779,779,779,779,779,779,779,779,779,779,779,
size:33
[agent] id:18
path:73,105,137,169,201,233,234,235,236,268,300,332,364,396,428,460,459,458,490,490,490,490,490,490,490,490,490,490,490,490,490,490,490,490,490,490,490,490,490,490,490,490,490,490,490,490,490,490,
goal:490,490,490,490,490,490,490,490,490,490,490,490,490,490,490,490,490,490,490,490,490,490,490,490,490,490,490,490,490,490,490,490,490,490,490,490,490,490,490,490,490,490,490,490,490,490,490,490,
size:18
[agent] id:19
path:87,119,151,183,215,247,279,311,310,309,341,373,405,437,469,501,533,565,597,629,661,693,725,757,758,759,791,823,824,825,857,858,859,860,892,924,956,957,958,958,958,958,958,958,958,958,958,958,
goal:958,958,958,958,958,958,958,958,958,958,958,958,958,958,958,958,958,958,958,958,958,958,958,958,958,958,958,958,958,958,958,958,958,958,958,958,958,958,958,958,958,958,958,958,958,958,958,958,
size:38
[agent] id:20
path:702,670,669,637,605,573,574,542,542,542,542,542,542,542,542,542,542,542,542,542,542,542,542,542,542,542,542,542,542,542,542,542,542,542,542,542,542,542,542,542,542,542,542,542,542,542,542,542,
goal:542,542,542,542,542,542,542,542,542,542,542,542,542,542,542,542,542,542,542,542,542,542,542,542,542,542,542,542,542,542,542,542,542,542,542,542,542,542,542,542,542,542,542,542,542,542,542,542,
size:7
[agent] id:21
path:463,464,465,497,529,561,593,594,626,658,659,660,661,662,663,664,664,664,664,664,664,664,664,664,664,664,664,664,664,664,664,664,664,664,664,664,664,664,664,664,664,664,664,664,664,664,664,664,
goal:664,664,664,664,664,664,664,664,664,664,664,664,664,664,664,664,664,664,664,664,664,664,664,664,664,664,664,664,664,664,664,664,664,664,664,664,664,664,664,664,664,664,664,664,664,664,664,664,
size:15
[agent] id:22
path:770,738,706,707,708,676,644,612,613,614,615,616,617,618,619,620,621,622,590,591,592,560,561,562,563,564,565,533,534,535,536,537,538,539,507,508,509,509,509,509,509,509,509,509,509,509,509,509,
goal:509,509,509,509,509,509,509,509,509,509,509,509,509,509,509,509,509,509,509,509,509,509,509,509,509,509,509,509,509,509,509,509,509,509,509,509,509,509,509,509,509,509,509,509,509,509,509,509,
size:36
[agent] id:23
path:1017,985,953,921,920,888,887,855,823,791,759,727,695,663,631,599,567,535,534,533,501,469,437,405,373,341,309,308,307,306,274,242,210,178,146,114,82,50,18,19,19,19,19,19,19,19,19,19,
goal:19,19,19,19,19,19,19,19,19,19,19,19,19,19,19,19,19,19,19,19,19,19,19,19,19,19,19,19,19,19,19,19,19,19,19,19,19,19,19,19,19,19,19,19,19,19,19,19,
size:39
[agent] id:24
path:403,435,467,499,531,563,562,561,593,592,591,623,655,687,686,718,750,782,814,846,878,877,909,941,940,939,938,937,936,936,936,936,936,936,936,936,936,936,936,936,936,936,936,936,936,936,936,936,
goal:936,936,936,936,936,936,936,936,936,936,936,936,936,936,936,936,936,936,936,936,936,936,936,936,936,936,936,936,936,936,936,936,936,936,936,936,936,936,936,936,936,936,936,936,936,936,936,936,
size:28
[agent] id:25
path:466,498,530,562,594,626,627,627,627,627,627,627,627,627,627,627,627,627,627,627,627,627,627,627,627,627,627,627,627,627,627,627,627,627,627,627,627,627,627,627,627,627,627,627,627,627,627,627,
goal:627,627,627,627,627,627,627,627,627,627,627,627,627,627,627,627,627,627,627,627,627,627,627,627,627,627,627,627,627,627,627,627,627,627,627,627,627,627,627,627,627,627,627,627,627,627,627,627,
size:6
[agent] id:26
path:269,301,300,332,364,396,428,460,459,458,490,522,521,520,519,551,583,615,647,679,711,743,775,807,806,805,804,803,802,801,800,800,800,800,800,800,800,800,800,800,800,800,800,800,800,800,800,800,
goal:800,800,800,800,800,800,800,800,800,800,800,800,800,800,800,800,800,800,800,800,800,800,800,800,800,800,800,800,800,800,800,800,800,800,800,800,800,800,800,800,800,800,800,800,800,800,800,800,
size:30
[agent] id:27
path:871,839,807,775,743,711,679,647,615,583,551,552,553,554,555,556,557,558,559,559,559,559,559,559,559,559,559,559,559,559,559,559,559,559,559,559,559,559,559,559,559,559,559,559,559,559,559,559,
goal:559,559,559,559,559,559,559,559,559,559,559,559,559,559,559,559,559,559,559,559,559,559,559,559,559,559,559,559,559,559,559,559,559,559,559,559,559,559,559,559,559,559,559,559,559,559,559,559,
size:18
[agent] id:28
path:774,742,710,678,646,647,648,649,650,651,652,653,654,655,656,657,658,659,660,661,662,662,662,662,662,662,662,662,662,662,662,662,662,662,662,662,662,662,662,662,662,662,662,662,662,662,662,662,
goal:662,662,662,662,662,662,662,662,662,662,662,662,662,662,662,662,662,662,662,662,662,662,662,662,662,662,662,662,662,662,662,662,662,662,662,662,662,662,662,662,662,662,662,662,662,662,662,662,
size:20
[agent] id:29
path:75,107,139,171,203,202,201,200,199,231,263,262,294,326,358,390,422,454,486,518,550,582,614,646,678,710,742,774,806,838,870,902,934,966,965,965,965,965,965,965,965,965,965,965,965,965,965,965,
goal:965,965,965,965,965,965,965,965,965,965,965,965,965,965,965,965,965,965,965,965,965,965,965,965,965,965,965,965,965,965,965,965,965,965,965,965,965,965,965,965,965,965,965,965,965,965,965,965,
size:34
SolutionCost:715
