[setting] seed:30902
[solver] type:SASB-ECBS
[solver] w:2.000000
[solver] ID:0
[solver] Lowlevelnode:4803
[solver] Highlevelnode:17
[solver] ConflictCount:9
[solver] solved:1
[solver] elapsed:47
[solver] makespan:50
[problem] timesteplimit:15000
[problem] type:MAPF
[problem] agentnum:30
[graph] width:32
[graph] height:32
[graph] filename:./map/32by32_agents10_ex30.map
[task] id:15,start:0,end:0,service time:0,nodes:344,
[task] id:13,start:0,end:0,service time:0,nodes:539,
[task] id:12,start:0,end:0,service time:0,nodes:805,
[task] id:22,start:0,end:0,service time:0,nodes:432,
[task] id:14,start:0,end:0,service time:0,nodes:216,
[task] id:8,start:0,end:0,service time:0,nodes:280,
[task] id:1,start:0,end:0,service time:0,nodes:933,
[task] id:28,start:0,end:0,service time:0,nodes:439,
[task] id:17,start:0,end:0,service time:0,nodes:567,
[task] id:2,start:0,end:0,service time:0,nodes:604,
[task] id:11,start:0,end:0,service time:0,nodes:901,
[task] id:21,start:0,end:0,service time:0,nodes:615,
[task] id:25,start:0,end:0,service time:0,nodes:242,
[task] id:4,start:0,end:0,service time:0,nodes:699,
[task] id:7,start:0,end:0,service time:0,nodes:558,
[task] id:18,start:0,end:0,service time:0,nodes:75,
[task] id:19,start:0,end:0,service time:0,nodes:797,
[task] id:5,start:0,end:0,service time:0,nodes:369,
[task] id:9,start:0,end:0,service time:0,nodes:944,
[task] id:29,start:0,end:0,service time:0,nodes:860,
[task] id:20,start:0,end:0,service time:0,nodes:606,
[task] id:23,start:0,end:0,service time:0,nodes:907,
[task] id:3,start:0,end:0,service time:0,nodes:322,
[task] id:26,start:0,end:0,service time:0,nodes:955,
[task] id:0,start:0,end:0,service time:0,nodes:193,
[task] id:10,start:0,end:0,service time:0,nodes:376,
[task] id:27,start:0,end:0,service time:0,nodes:247,
[task] id:6,start:0,end:0,service time:0,nodes:93,
[task] id:24,start:0,end:0,service time:0,nodes:69,
[task] id:16,start:0,end:0,service time:0,nodes:836,
[agent] id:0
path:691,659,627,626,594,562,530,529,528,527,526,494,493,461,429,397,396,395,394,393,392,391,359,358,326,294,262,261,260,259,258,257,225,193,193,193,193,193,193,193,193,193,193,193,193,193,193,193,193,193,193,
goal:193,193,193,193,193,193,193,193,193,193,193,193,193,193,193,193,193,193,193,193,193,193,193,193,193,193,193,193,193,193,193,193,193,193,193,193,193,193,193,193,193,193,193,193,193,193,193,193,193,193,193,
size:33
[agent] id:1
path:814,846,878,877,909,941,940,939,938,937,936,935,934,933,933,933,933,933,933,933,933,933,933,933,933,933,933,933,933,933,933,933,933,933,933,933,933,933,933,933,933,933,933,933,933,933,933,933,933,933,933,
goal:933,933,933,933,933,933,933,933,933,933,933,933,933,933,933,933,933,933,933,933,933,933,933,933,933,933,933,933,933,933,933,933,933,933,933,933,933,933,933,933,933,933,933,933,933,933,933,933,933,933,933,
size:13
[agent] id:2
path:957,925,893,894,895,863,831,799,798,766,734,702,670,669,637,605,604,604,604,604,604,604,604,604,604,604,604,604,604,604,604,604,604,604,604,604,604,604,604,604,604,604,604,604,604,604,604,604,604,604,604,
goal:604,604,604,604,604,604,604,604,604,604,604,604,604,604,604,604,604,604,604,604,604,604,604,604,604,604,604,604,604,604,604,604,604,604,604,604,604,604,604,604,604,604,604,604,604,604,604,604,604,604,604,
size:16
[agent] id:3
path:879,847,846,814,782,750,718,686,654,622,590,558,526,494,493,461,429,397,396,395,394,393,392,391,359,358,357,356,355,323,322,322,322,322,322,322,322,322,322,322,322,322,322,322,322,322,322,322,322,322,322,
goal:322,322,322,322,322,322,322,322,322,322,322,322,322,322,322,322,322,322,322,322,322,322,322,322,322,322,322,322,322,322,322,322,322,322,322,322,322,322,322,322,322,322,322,322,322,322,322,322,322,322,322,
size:30
[agent] id:4
path:976,944,912,880,848,849,850,818,786,754,722,723,724,725,726,727,695,696,697,698,699,699,699,699,699,699,699,699,699,699,699,699,699,699,699,699,699,699,699,699,699,699,699,699,699,699,699,699,699,699,699,
goal:699,699,699,699,699,699,699,699,699,699,699,699,699,699,699,699,699,699,699,699,699,699,699,699,699,699,699,699,699,699,699,699,699,699,699,699,699,699,699,699,699,699,699,699,699,699,699,699,699,699,699,
size:20
[agent] id:5
path:642,610,578,579,547,548,549,550,551,552,553,554,555,556,524,525,526,527,528,529,497,465,433,401,369,369,369,369,369,369,369,369,369,369,369,369,369,369,369,369,369,369,369,369,369,369,369,369,369,369,369,
goal:369,369,369,369,369,369,369,369,369,369,369,369,369,369,369,369,369,369,369,369,369,369,369,369,369,369,369,369,369,369,369,369,369,369,369,369,369,369,369,369,369,369,369,369,369,369,369,369,369,369,369,
size:24
[agent] id:6
path:908,876,844,845,846,814,782,750,718,686,654,622,590,558,526,527,528,529,497,465,433,401,369,337,305,273,241,209,210,211,212,213,181,182,150,151,119,87,88,89,90,91,92,93,93,93,93,93,93,93,93,
goal:93,93,93,93,93,93,93,93,93,93,93,93,93,93,93,93,93,93,93,93,93,93,93,93,93,93,93,93,93,93,93,93,93,93,93,93,93,93,93,93,93,93,93,93,93,93,93,93,93,93,93,
size:43
[agent] id:7
path:17,49,81,113,145,177,209,241,273,305,337,369,401,433,465,497,529,561,560,559,558,558,558,558,558,558,558,558,558,558,558,558,558,558,558,558,558,558,558,558,558,558,558,558,558,558,558,558,558,558,558,
goal:558,558,558,558,558,558,558,558,558,558,558,558,558,558,558,558,558,558,558,558,558,558,558,558,558,558,558,558,558,558,558,558,558,558,558,558,558,558,558,558,558,558,558,558,558,558,558,558,558,558,558,
size:20
[agent] id:8
path:567,535,503,504,472,473,441,409,377,345,313,281,280,280,280,280,280,280,280,280,280,280,280,280,280,280,280,280,280,280,280,280,280,280,280,280,280,280,280,280,280,280,280,280,280,280,280,280,280,280,280,
goal:280,280,280,280,280,280,280,280,280,280,280,280,280,280,280,280,280,280,280,280,280,280,280,280,280,280,280,280,280,280,280,280,280,280,280,280,280,280,280,280,280,280,280,280,280,280,280,280,280,280,280,
size:12
[agent] id:9
path:509,508,540,539,571,603,635,634,633,632,664,663,662,661,693,725,724,723,755,754,786,818,850,882,914,946,945,944,944,944,944,944,944,944,944,944,944,944,944,944,944,944,944,944,944,944,944,944,944,944,944,
goal:944,944,944,944,944,944,944,944,944,944,944,944,944,944,944,944,944,944,944,944,944,944,944,944,944,944,944,944,944,944,944,944,944,944,944,944,944,944,944,944,944,944,944,944,944,944,944,944,944,944,944,
size:27
[agent] id:10
path:705,673,641,609,577,578,579,547,548,549,550,551,552,553,554,555,556,524,525,526,527,528,529,497,465,433,434,435,436,437,405,373,374,375,376,376,376,376,376,376,376,376,376,376,376,376,376,376,376,376,376,
goal:376,376,376,376,376,376,376,376,376,376,376,376,376,376,376,376,376,376,376,376,376,376,376,376,376,376,376,376,376,376,376,376,376,376,376,376,376,376,376,376,376,376,376,376,376,376,376,376,376,376,376,
size:34
[agent] id:11
path:948,980,979,978,946,945,944,943,942,941,940,939,938,937,936,935,934,902,901,901,901,901,901,901,901,901,901,901,901,901,901,901,901,901,901,901,901,901,901,901,901,901,901,901,901,901,901,901,901,901,901,
goal:901,901,901,901,901,901,901,901,901,901,901,901,901,901,901,901,901,901,901,901,901,901,901,901,901,901,901,901,901,901,901,901,901,901,901,901,901,901,901,901,901,901,901,901,901,901,901,901,901,901,901,
size:18
[agent] id:12
path:713,745,744,776,808,807,806,805,805,805,805,805,805,805,805,805,805,805,805,805,805,805,805,805,805,805,805,805,805,805,805,805,805,805,805,805,805,805,805,805,805,805,805,805,805,805,805,805,805,805,805,
goal:805,805,805,805,805,805,805,805,805,805,805,805,805,805,805,805,805,805,805,805,805,805,805,805,805,805,805,805,805,805,805,805,805,805,805,805,805,805,805,805,805,805,805,805,805,805,805,805,805,805,805,
size:7
[agent] id:13
path:478,477,509,508,540,539,539,539,539,539,539,539,539,539,539,539,539,539,539,539,539,539,539,539,539,539,539,539,539,539,539,539,539,539,539,539,539,539,539,539,539,539,539,539,539,539,539,539,539,539,539,
goal:539,539,539,539,539,539,539,539,539,539,539,539,539,539,539,539,539,539,539,539,539,539,539,539,539,539,539,539,539,539,539,539,539,539,539,539,539,539,539,539,539,539,539,539,539,539,539,539,539,539,539,
size:5
[agent] id:14
path:19,51,52,53,54,86,87,119,151,183,215,216,216,216,216,216,216,216,216,216,216,216,216,216,216,216,216,216,216,216,216,216,216,216,216,216,216,216,216,216,216,216,216,216,216,216,216,216,216,216,216,
goal:216,216,216,216,216,216,216,216,216,216,216,216,216,216,216,216,216,216,216,216,216,216,216,216,216,216,216,216,216,216,216,216,216,216,216,216,216,216,216,216,216,216,216,216,216,216,216,216,216,216,216,
size:11
[agent] id:15
path:378,377,345,344,344,344,344,344,344,344,344,344,344,344,344,344,344,344,344,344,344,344,344,344,344,344,344,344,344,344,344,344,344,344,344,344,344,344,344,344,344,344,344,344,344,344,344,344,344,344,344,
goal:344,344,344,344,344,344,344,344,344,344,344,344,344,344,344,344,344,344,344,344,344,344,344,344,344,344,344,344,344,344,344,344,344,344,344,344,344,344,344,344,344,344,344,344,344,344,344,344,344,344,344,
size:3
[agent] id:16
path:127,159,191,223,255,287,286,318,317,349,381,380,379,378,410,442,474,473,472,504,536,535,534,566,598,630,662,661,693,725,724,723,755,754,786,818,850,849,848,847,846,845,844,843,842,841,840,839,838,837,836,
goal:836,836,836,836,836,836,836,836,836,836,836,836,836,836,836,836,836,836,836,836,836,836,836,836,836,836,836,836,836,836,836,836,836,836,836,836,836,836,836,836,836,836,836,836,836,836,836,836,836,836,836,
size:50
[agent] id:17
path:215,247,279,311,310,342,374,406,438,470,469,501,533,565,566,567,567,567,567,567,567,567,567,567,567,567,567,567,567,567,567,567,567,567,567,567,567,567,567,567,567,567,567,567,567,567,567,567,567,567,567,
goal:567,567,567,567,567,567,567,567,567,567,567,567,567,567,567,567,567,567,567,567,567,567,567,567,567,567,567,567,567,567,567,567,567,567,567,567,567,567,567,567,567,567,567,567,567,567,567,567,567,567,567,
size:15
[agent] id:18
path:377,345,313,312,311,310,309,308,307,306,274,242,241,240,239,207,206,174,173,172,140,139,107,75,75,75,75,75,75,75,75,75,75,75,75,75,75,75,75,75,75,75,75,75,75,75,75,75,75,75,75,
goal:75,75,75,75,75,75,75,75,75,75,75,75,75,75,75,75,75,75,75,75,75,75,75,75,75,75,75,75,75,75,75,75,75,75,75,75,75,75,75,75,75,75,75,75,75,75,75,75,75,75,75,
size:23
[agent] id:19
path:778,779,811,812,844,845,846,847,848,849,850,851,852,853,821,822,823,791,792,793,794,795,796,797,797,797,797,797,797,797,797,797,797,797,797,797,797,797,797,797,797,797,797,797,797,797,797,797,797,797,797,
goal:797,797,797,797,797,797,797,797,797,797,797,797,797,797,797,797,797,797,797,797,797,797,797,797,797,797,797,797,797,797,797,797,797,797,797,797,797,797,797,797,797,797,797,797,797,797,797,797,797,797,797,
size:23
[agent] id:20
path:518,550,551,552,553,554,555,556,557,558,559,560,561,562,563,564,596,628,629,630,631,632,633,634,635,636,637,605,606,606,606,606,606,606,606,606,606,606,606,606,606,606,606,606,606,606,606,606,606,606,606,
goal:606,606,606,606,606,606,606,606,606,606,606,606,606,606,606,606,606,606,606,606,606,606,606,606,606,606,606,606,606,606,606,606,606,606,606,606,606,606,606,606,606,606,606,606,606,606,606,606,606,606,606,
size:28
[agent] id:21
path:271,303,302,301,300,332,364,396,428,460,459,458,490,522,521,553,552,584,616,615,615,615,615,615,615,615,615,615,615,615,615,615,615,615,615,615,615,615,615,615,615,615,615,615,615,615,615,615,615,615,615,
goal:615,615,615,615,615,615,615,615,615,615,615,615,615,615,615,615,615,615,615,615,615,615,615,615,615,615,615,615,615,615,615,615,615,615,615,615,615,615,615,615,615,615,615,615,615,615,615,615,615,615,615,
size:19
[agent] id:22
path:177,209,241,273,305,337,369,401,433,432,432,432,432,432,432,432,432,432,432,432,432,432,432,432,432,432,432,432,432,432,432,432,432,432,432,432,432,432,432,432,432,432,432,432,432,432,432,432,432,432,432,
goal:432,432,432,432,432,432,432,432,432,432,432,432,432,432,432,432,432,432,432,432,432,432,432,432,432,432,432,432,432,432,432,432,432,432,432,432,432,432,432,432,432,432,432,432,432,432,432,432,432,432,432,
size:9
[agent] id:23
path:352,384,416,448,480,512,544,576,577,609,641,673,705,737,738,770,802,803,835,836,837,838,839,840,841,842,874,906,907,907,907,907,907,907,907,907,907,907,907,907,907,907,907,907,907,907,907,907,907,907,907,
goal:907,907,907,907,907,907,907,907,907,907,907,907,907,907,907,907,907,907,907,907,907,907,907,907,907,907,907,907,907,907,907,907,907,907,907,907,907,907,907,907,907,907,907,907,907,907,907,907,907,907,907,
size:28
[agent] id:24
path:573,605,604,603,602,634,633,632,631,630,629,628,627,626,594,562,561,560,559,558,557,525,493,461,429,397,396,364,332,300,268,236,204,172,140,139,107,106,74,73,72,71,70,69,69,69,69,69,69,69,69,
goal:69,69,69,69,69,69,69,69,69,69,69,69,69,69,69,69,69,69,69,69,69,69,69,69,69,69,69,69,69,69,69,69,69,69,69,69,69,69,69,69,69,69,69,69,69,69,69,69,69,69,69,
size:43
[agent] id:25
path:457,458,426,394,395,396,396,395,396,364,332,300,268,269,270,271,239,240,241,242,242,242,242,242,242,242,242,242,242,242,242,242,242,242,242,242,242,242,242,242,242,242,242,242,242,242,242,242,242,242,242,
goal:242,242,242,242,242,242,242,242,242,242,242,242,242,242,242,242,242,242,242,242,242,242,242,242,242,242,242,242,242,242,242,242,242,242,242,242,242,242,242,242,242,242,242,242,242,242,242,242,242,242,242,
size:19
[agent] id:26
path:554,555,556,557,589,621,653,685,717,749,781,782,814,846,878,879,880,881,882,883,884,885,886,918,919,920,952,953,985,986,987,955,955,955,955,955,955,955,955,955,955,955,955,955,955,955,955,955,955,955,955,
goal:955,955,955,955,955,955,955,955,955,955,955,955,955,955,955,955,955,955,955,955,955,955,955,955,955,955,955,955,955,955,955,955,955,955,955,955,955,955,955,955,955,955,955,955,955,955,955,955,955,955,955,
size:31
[agent] id:27
path:806,774,742,710,678,646,614,582,550,551,552,553,554,555,556,524,525,526,527,528,529,497,465,433,434,435,436,437,405,373,341,309,310,311,279,247,247,247,247,247,247,247,247,247,247,247,247,247,247,247,247,
goal:247,247,247,247,247,247,247,247,247,247,247,247,247,247,247,247,247,247,247,247,247,247,247,247,247,247,247,247,247,247,247,247,247,247,247,247,247,247,247,247,247,247,247,247,247,247,247,247,247,247,247,
size:35
[agent] id:28
path:664,632,600,599,567,535,534,533,501,500,468,436,437,438,439,439,439,439,439,439,439,439,439,439,439,439,439,439,439,439,439,439,439,439,439,439,439,439,439,439,439,439,439,439,439,439,439,439,439,439,439,
goal:439,439,439,439,439,439,439,439,439,439,439,439,439,439,439,439,439,439,439,439,439,439,439,439,439,439,439,439,439,439,439,439,439,439,439,439,439,439,439,439,439,439,439,439,439,439,439,439,439,439,439,
size:14
[agent] id:29
path:213,245,277,309,341,373,405,437,469,501,533,565,597,629,661,693,725,757,758,759,791,823,824,825,857,858,859,860,860,860,860,860,860,860,860,860,860,860,860,860,860,860,860,860,860,860,860,860,860,860,860,
goal:860,860,860,860,860,860,860,860,860,860,860,860,860,860,860,860,860,860,860,860,860,860,860,860,860,860,860,860,860,860,860,860,860,860,860,860,860,860,860,860,860,860,860,860,860,860,860,860,860,860,860,
size:27
SolutionCost:680
