[setting] seed:32175
[solver] type:SASB-ECBS
[solver] w:2.000000
[solver] ID:0
[solver] Lowlevelnode:3445
[solver] Highlevelnode:22
[solver] ConflictCount:11
[solver] solved:1
[solver] elapsed:30
[solver] makespan:38
[problem] timesteplimit:15000
[problem] type:MAPF
[problem] agentnum:30
[graph] width:32
[graph] height:32
[graph] filename:./map/32by32_agents10_ex30.map
[task] id:4,start:0,end:0,service time:0,nodes:621,
[task] id:12,start:0,end:0,service time:0,nodes:717,
[task] id:11,start:0,end:0,service time:0,nodes:106,
[task] id:21,start:0,end:0,service time:0,nodes:133,
[task] id:14,start:0,end:0,service time:0,nodes:628,
[task] id:7,start:0,end:0,service time:0,nodes:51,
[task] id:17,start:0,end:0,service time:0,nodes:814,
[task] id:24,start:0,end:0,service time:0,nodes:210,
[task] id:1,start:0,end:0,service time:0,nodes:512,
[task] id:6,start:0,end:0,service time:0,nodes:432,
[task] id:10,start:0,end:0,service time:0,nodes:599,
[task] id:19,start:0,end:0,service time:0,nodes:945,
[task] id:27,start:0,end:0,service time:0,nodes:845,
[task] id:29,start:0,end:0,service time:0,nodes:955,
[task] id:0,start:0,end:0,service time:0,nodes:881,
[task] id:22,start:0,end:0,service time:0,nodes:14,
[task] id:16,start:0,end:0,service time:0,nodes:302,
[task] id:13,start:0,end:0,service time:0,nodes:1009,
[task] id:26,start:0,end:0,service time:0,nodes:654,
[task] id:28,start:0,end:0,service time:0,nodes:397,
[task] id:25,start:0,end:0,service time:0,nodes:885,
[task] id:2,start:0,end:0,service time:0,nodes:446,
[task] id:3,start:0,end:0,service time:0,nodes:663,
[task] id:15,start:0,end:0,service time:0,nodes:985,
[task] id:8,start:0,end:0,service time:0,nodes:443,
[task] id:9,start:0,end:0,service time:0,nodes:80,
[task] id:20,start:0,end:0,service time:0,nodes:961,
[task] id:23,start:0,end:0,service time:0,nodes:191,
[task] id:5,start:0,end:0,service time:0,nodes:185,
[task] id:18,start:0,end:0,service time:0,nodes:766,
[agent] id:0
path:432,464,465,497,529,561,593,594,626,658,690,722,754,786,818,850,882,881,881,881,881,881,881,881,881,881,881,881,881,881,881,881,881,881,881,881,881,881,881,
goal:881,881,881,881,881,881,881,881,881,881,881,881,881,881,881,881,881,881,881,881,881,881,881,881,881,881,881,881,881,881,881,881,881,881,881,881,881,881,881,
size:17
[agent] id:1
path:742,710,678,646,614,582,550,518,517,516,515,514,513,512,512,512,512,512,512,512,512,512,512,512,512,512,512,512,512,512,512,512,512,512,512,512,512,512,512,
goal:512,512,512,512,512,512,512,512,512,512,512,512,512,512,512,512,512,512,512,512,512,512,512,512,512,512,512,512,512,512,512,512,512,512,512,512,512,512,512,
size:13
[agent] id:2
path:915,883,851,852,853,821,822,823,791,759,727,695,663,631,632,633,634,602,570,538,539,507,508,476,477,478,446,446,446,446,446,446,446,446,446,446,446,446,446,
goal:446,446,446,446,446,446,446,446,446,446,446,446,446,446,446,446,446,446,446,446,446,446,446,446,446,446,446,446,446,446,446,446,446,446,446,446,446,446,446,
size:26
[agent] id:3
path:482,514,515,547,579,611,643,644,645,646,647,648,649,650,651,652,653,654,655,656,657,658,659,660,661,662,663,663,663,663,663,663,663,663,663,663,663,663,663,
goal:663,663,663,663,663,663,663,663,663,663,663,663,663,663,663,663,663,663,663,663,663,663,663,663,663,663,663,663,663,663,663,663,663,663,663,663,663,663,663,
size:26
[agent] id:4
path:652,620,621,621,621,621,621,621,621,621,621,621,621,621,621,621,621,621,621,621,621,621,621,621,621,621,621,621,621,621,621,621,621,621,621,621,621,621,621,
goal:621,621,621,621,621,621,621,621,621,621,621,621,621,621,621,621,621,621,621,621,621,621,621,621,621,621,621,621,621,621,621,621,621,621,621,621,621,621,621,
size:2
[agent] id:5
path:989,988,987,986,985,953,921,920,888,887,855,823,791,759,727,726,725,693,661,629,597,565,533,501,469,437,405,373,341,309,277,245,213,181,182,183,184,185,185,
goal:185,185,185,185,185,185,185,185,185,185,185,185,185,185,185,185,185,185,185,185,185,185,185,185,185,185,185,185,185,185,185,185,185,185,185,185,185,185,185,
size:37
[agent] id:6
path:379,378,410,409,408,407,439,438,437,436,435,434,433,432,432,432,432,432,432,432,432,432,432,432,432,432,432,432,432,432,432,432,432,432,432,432,432,432,432,
goal:432,432,432,432,432,432,432,432,432,432,432,432,432,432,432,432,432,432,432,432,432,432,432,432,432,432,432,432,432,432,432,432,432,432,432,432,432,432,432,
size:13
[agent] id:7
path:172,173,174,142,110,78,79,80,48,49,50,51,51,51,51,51,51,51,51,51,51,51,51,51,51,51,51,51,51,51,51,51,51,51,51,51,51,51,51,
goal:51,51,51,51,51,51,51,51,51,51,51,51,51,51,51,51,51,51,51,51,51,51,51,51,51,51,51,51,51,51,51,51,51,51,51,51,51,51,51,
size:11
[agent] id:8
path:326,358,390,391,392,393,394,395,396,364,332,300,301,302,303,304,305,306,307,308,309,341,373,405,406,407,408,409,441,442,443,443,443,443,443,443,443,443,443,
goal:443,443,443,443,443,443,443,443,443,443,443,443,443,443,443,443,443,443,443,443,443,443,443,443,443,443,443,443,443,443,443,443,443,443,443,443,443,443,443,
size:30
[agent] id:9
path:857,825,793,792,760,728,696,664,632,600,599,598,597,565,533,501,469,437,436,435,403,402,401,369,337,305,273,241,209,177,145,113,81,80,80,80,80,80,80,
goal:80,80,80,80,80,80,80,80,80,80,80,80,80,80,80,80,80,80,80,80,80,80,80,80,80,80,80,80,80,80,80,80,80,80,80,80,80,80,80,
size:33
[agent] id:10
path:447,446,478,477,509,508,540,539,538,537,536,535,567,599,599,599,599,599,599,599,599,599,599,599,599,599,599,599,599,599,599,599,599,599,599,599,599,599,599,
goal:599,599,599,599,599,599,599,599,599,599,599,599,599,599,599,599,599,599,599,599,599,599,599,599,599,599,599,599,599,599,599,599,599,599,599,599,599,599,599,
size:13
[agent] id:11
path:197,165,133,134,135,103,104,105,106,106,106,106,106,106,106,106,106,106,106,106,106,106,106,106,106,106,106,106,106,106,106,106,106,106,106,106,106,106,106,
goal:106,106,106,106,106,106,106,106,106,106,106,106,106,106,106,106,106,106,106,106,106,106,106,106,106,106,106,106,106,106,106,106,106,106,106,106,106,106,106,
size:8
[agent] id:12
path:689,688,687,686,718,717,717,717,717,717,717,717,717,717,717,717,717,717,717,717,717,717,717,717,717,717,717,717,717,717,717,717,717,717,717,717,717,717,717,
goal:717,717,717,717,717,717,717,717,717,717,717,717,717,717,717,717,717,717,717,717,717,717,717,717,717,717,717,717,717,717,717,717,717,717,717,717,717,717,717,
size:5
[agent] id:13
path:774,806,838,839,840,841,842,874,875,876,877,878,879,880,881,882,914,946,978,1010,1009,1009,1009,1009,1009,1009,1009,1009,1009,1009,1009,1009,1009,1009,1009,1009,1009,1009,1009,
goal:1009,1009,1009,1009,1009,1009,1009,1009,1009,1009,1009,1009,1009,1009,1009,1009,1009,1009,1009,1009,1009,1009,1009,1009,1009,1009,1009,1009,1009,1009,1009,1009,1009,1009,1009,1009,1009,1009,1009,
size:20
[agent] id:14
path:433,465,497,529,561,593,594,626,627,628,628,628,628,628,628,628,628,628,628,628,628,628,628,628,628,628,628,628,628,628,628,628,628,628,628,628,628,628,628,
goal:628,628,628,628,628,628,628,628,628,628,628,628,628,628,628,628,628,628,628,628,628,628,628,628,628,628,628,628,628,628,628,628,628,628,628,628,628,628,628,
size:9
[agent] id:15
path:312,344,376,377,409,441,473,472,504,536,535,534,566,598,630,662,663,695,727,759,791,823,855,887,919,920,952,984,985,985,985,985,985,985,985,985,985,985,985,
goal:985,985,985,985,985,985,985,985,985,985,985,985,985,985,985,985,985,985,985,985,985,985,985,985,985,985,985,985,985,985,985,985,985,985,985,985,985,985,985,
size:28
[agent] id:16
path:385,353,354,355,356,357,358,359,391,392,393,394,395,396,364,332,300,301,302,302,302,302,302,302,302,302,302,302,302,302,302,302,302,302,302,302,302,302,302,
goal:302,302,302,302,302,302,302,302,302,302,302,302,302,302,302,302,302,302,302,302,302,302,302,302,302,302,302,302,302,302,302,302,302,302,302,302,302,302,302,
size:18
[agent] id:17
path:648,649,650,651,652,653,685,686,718,750,782,814,814,814,814,814,814,814,814,814,814,814,814,814,814,814,814,814,814,814,814,814,814,814,814,814,814,814,814,
goal:814,814,814,814,814,814,814,814,814,814,814,814,814,814,814,814,814,814,814,814,814,814,814,814,814,814,814,814,814,814,814,814,814,814,814,814,814,814,814,
size:11
[agent] id:18
path:17,49,81,113,145,177,209,241,273,274,306,307,308,309,341,373,405,406,407,408,409,441,473,472,504,536,537,569,570,602,634,635,667,699,700,701,733,765,766,
goal:766,766,766,766,766,766,766,766,766,766,766,766,766,766,766,766,766,766,766,766,766,766,766,766,766,766,766,766,766,766,766,766,766,766,766,766,766,766,766,
size:38
[agent] id:19
path:987,986,985,984,983,982,950,949,948,980,979,978,946,945,945,945,945,945,945,945,945,945,945,945,945,945,945,945,945,945,945,945,945,945,945,945,945,945,945,
goal:945,945,945,945,945,945,945,945,945,945,945,945,945,945,945,945,945,945,945,945,945,945,945,945,945,945,945,945,945,945,945,945,945,945,945,945,945,945,945,
size:13
[agent] id:20
path:565,597,629,661,693,725,724,723,755,754,786,818,850,882,914,913,912,944,943,942,941,940,939,938,937,936,935,967,966,965,964,963,962,961,961,961,961,961,961,
goal:961,961,961,961,961,961,961,961,961,961,961,961,961,961,961,961,961,961,961,961,961,961,961,961,961,961,961,961,961,961,961,961,961,961,961,961,961,961,961,
size:33
[agent] id:21
path:1,33,65,66,67,68,69,101,133,133,133,133,133,133,133,133,133,133,133,133,133,133,133,133,133,133,133,133,133,133,133,133,133,133,133,133,133,133,133,
goal:133,133,133,133,133,133,133,133,133,133,133,133,133,133,133,133,133,133,133,133,133,133,133,133,133,133,133,133,133,133,133,133,133,133,133,133,133,133,133,
size:8
[agent] id:22
path:25,57,56,55,54,53,52,84,83,82,81,80,79,78,77,45,13,14,14,14,14,14,14,14,14,14,14,14,14,14,14,14,14,14,14,14,14,14,14,
goal:14,14,14,14,14,14,14,14,14,14,14,14,14,14,14,14,14,14,14,14,14,14,14,14,14,14,14,14,14,14,14,14,14,14,14,14,14,14,14,
size:17
[agent] id:23
path:881,849,850,818,786,754,722,690,658,659,660,661,629,597,565,533,501,469,437,405,373,374,342,310,311,279,247,215,183,184,185,186,187,188,189,190,191,191,191,
goal:191,191,191,191,191,191,191,191,191,191,191,191,191,191,191,191,191,191,191,191,191,191,191,191,191,191,191,191,191,191,191,191,191,191,191,191,191,191,191,
size:36
[agent] id:24
path:468,436,435,403,402,401,369,337,305,273,241,209,210,210,210,210,210,210,210,210,210,210,210,210,210,210,210,210,210,210,210,210,210,210,210,210,210,210,210,
goal:210,210,210,210,210,210,210,210,210,210,210,210,210,210,210,210,210,210,210,210,210,210,210,210,210,210,210,210,210,210,210,210,210,210,210,210,210,210,210,
size:12
[agent] id:25
path:271,303,304,336,368,400,432,464,465,497,529,561,593,594,626,658,690,722,754,786,818,850,882,883,884,885,885,885,885,885,885,885,885,885,885,885,885,885,885,
goal:885,885,885,885,885,885,885,885,885,885,885,885,885,885,885,885,885,885,885,885,885,885,885,885,885,885,885,885,885,885,885,885,885,885,885,885,885,885,885,
size:25
[agent] id:26
path:142,174,206,207,239,271,303,304,336,368,400,432,464,465,497,529,561,593,592,591,623,655,654,654,654,654,654,654,654,654,654,654,654,654,654,654,654,654,654,
goal:654,654,654,654,654,654,654,654,654,654,654,654,654,654,654,654,654,654,654,654,654,654,654,654,654,654,654,654,654,654,654,654,654,654,654,654,654,654,654,
size:22
[agent] id:27
path:644,676,708,709,741,773,805,837,838,839,840,841,842,843,844,845,845,845,845,845,845,845,845,845,845,845,845,845,845,845,845,845,845,845,845,845,845,845,845,
goal:845,845,845,845,845,845,845,845,845,845,845,845,845,845,845,845,845,845,845,845,845,845,845,845,845,845,845,845,845,845,845,845,845,845,845,845,845,845,845,
size:15
[agent] id:28
path:793,792,760,728,696,664,632,600,599,567,566,565,564,563,531,530,529,528,527,526,494,493,461,429,397,397,397,397,397,397,397,397,397,397,397,397,397,397,397,
goal:397,397,397,397,397,397,397,397,397,397,397,397,397,397,397,397,397,397,397,397,397,397,397,397,397,397,397,397,397,397,397,397,397,397,397,397,397,397,397,
size:24
[agent] id:29
path:700,699,731,730,762,794,793,825,857,858,859,860,892,924,956,955,955,955,955,955,955,955,955,955,955,955,955,955,955,955,955,955,955,955,955,955,955,955,955,
goal:955,955,955,955,955,955,955,955,955,955,955,955,955,955,955,955,955,955,955,955,955,955,955,955,955,955,955,955,955,955,955,955,955,955,955,955,955,955,955,
size:15
SolutionCost:578
