[setting] seed:12300
[solver] type:SASB-ECBS
[solver] w:2.000000
[solver] ID:0
[solver] Lowlevelnode:6680
[solver] Highlevelnode:27
[solver] ConflictCount:14
[solver] solved:1
[solver] elapsed:46
[solver] makespan:45
[problem] timesteplimit:15000
[problem] type:MAPF
[problem] agentnum:30
[graph] width:32
[graph] height:32
[graph] filename:./map/32by32_agents10_ex30.map
[task] id:23,start:0,end:0,service time:0,nodes:810,
[task] id:26,start:0,end:0,service time:0,nodes:392,
[task] id:17,start:0,end:0,service time:0,nodes:858,
[task] id:2,start:0,end:0,service time:0,nodes:776,
[task] id:7,start:0,end:0,service time:0,nodes:765,
[task] id:20,start:0,end:0,service time:0,nodes:372,
[task] id:24,start:0,end:0,service time:0,nodes:174,
[task] id:4,start:0,end:0,service time:0,nodes:835,
[task] id:9,start:0,end:0,service time:0,nodes:393,
[task] id:28,start:0,end:0,service time:0,nodes:144,
[task] id:12,start:0,end:0,service time:0,nodes:11,
[task] id:15,start:0,end:0,service time:0,nodes:138,
[task] id:5,start:0,end:0,service time:0,nodes:243,
[task] id:18,start:0,end:0,service time:0,nodes:247,
[task] id:3,start:0,end:0,service time:0,nodes:490,
[task] id:11,start:0,end:0,service time:0,nodes:78,
[task] id:6,start:0,end:0,service time:0,nodes:843,
[task] id:1,start:0,end:0,service time:0,nodes:337,
[task] id:16,start:0,end:0,service time:0,nodes:58,
[task] id:19,start:0,end:0,service time:0,nodes:937,
[task] id:0,start:0,end:0,service time:0,nodes:988,
[task] id:8,start:0,end:0,service time:0,nodes:316,
[task] id:27,start:0,end:0,service time:0,nodes:235,
[task] id:14,start:0,end:0,service time:0,nodes:556,
[task] id:22,start:0,end:0,service time:0,nodes:25,
[task] id:25,start:0,end:0,service time:0,nodes:135,
[task] id:29,start:0,end:0,service time:0,nodes:451,
[task] id:10,start:0,end:0,service time:0,nodes:187,
[task] id:21,start:0,end:0,service time:0,nodes:485,
[task] id:13,start:0,end:0,service time:0,nodes:266,
[agent] id:0
path:380,412,413,414,446,478,477,509,508,540,539,571,603,635,667,699,700,701,733,734,766,798,830,831,863,895,927,959,991,990,989,988,988,988,988,988,988,988,988,988,988,988,988,988,988,988,
goal:988,988,988,988,988,988,988,988,988,988,988,988,988,988,988,988,988,988,988,988,988,988,988,988,988,988,988,988,988,988,988,988,988,988,988,988,988,988,988,988,988,988,988,988,988,988,
size:31
[agent] id:1
path:970,938,906,874,842,843,811,779,747,715,683,651,619,620,621,589,557,525,526,527,528,529,497,465,433,401,369,337,337,337,337,337,337,337,337,337,337,337,337,337,337,337,337,337,337,337,
goal:337,337,337,337,337,337,337,337,337,337,337,337,337,337,337,337,337,337,337,337,337,337,337,337,337,337,337,337,337,337,337,337,337,337,337,337,337,337,337,337,337,337,337,337,337,337,
size:27
[agent] id:2
path:550,582,614,646,678,710,742,774,775,776,776,776,776,776,776,776,776,776,776,776,776,776,776,776,776,776,776,776,776,776,776,776,776,776,776,776,776,776,776,776,776,776,776,776,776,776,
goal:776,776,776,776,776,776,776,776,776,776,776,776,776,776,776,776,776,776,776,776,776,776,776,776,776,776,776,776,776,776,776,776,776,776,776,776,776,776,776,776,776,776,776,776,776,776,
size:9
[agent] id:3
path:913,881,849,848,847,846,814,782,750,718,686,654,622,590,558,557,556,555,554,522,490,490,490,490,490,490,490,490,490,490,490,490,490,490,490,490,490,490,490,490,490,490,490,490,490,490,
goal:490,490,490,490,490,490,490,490,490,490,490,490,490,490,490,490,490,490,490,490,490,490,490,490,490,490,490,490,490,490,490,490,490,490,490,490,490,490,490,490,490,490,490,490,490,490,
size:20
[agent] id:4
path:1005,973,941,909,877,845,844,843,842,841,840,839,838,837,836,835,835,835,835,835,835,835,835,835,835,835,835,835,835,835,835,835,835,835,835,835,835,835,835,835,835,835,835,835,835,835,
goal:835,835,835,835,835,835,835,835,835,835,835,835,835,835,835,835,835,835,835,835,835,835,835,835,835,835,835,835,835,835,835,835,835,835,835,835,835,835,835,835,835,835,835,835,835,835,
size:15
[agent] id:5
path:693,661,629,597,565,533,501,469,437,405,373,341,309,308,307,306,274,242,243,243,243,243,243,243,243,243,243,243,243,243,243,243,243,243,243,243,243,243,243,243,243,243,243,243,243,243,
goal:243,243,243,243,243,243,243,243,243,243,243,243,243,243,243,243,243,243,243,243,243,243,243,243,243,243,243,243,243,243,243,243,243,243,243,243,243,243,243,243,243,243,243,243,243,243,
size:18
[agent] id:6
path:197,229,261,293,294,326,358,390,422,454,486,518,550,582,614,646,678,710,742,774,806,838,839,840,841,842,843,843,843,843,843,843,843,843,843,843,843,843,843,843,843,843,843,843,843,843,
goal:843,843,843,843,843,843,843,843,843,843,843,843,843,843,843,843,843,843,843,843,843,843,843,843,843,843,843,843,843,843,843,843,843,843,843,843,843,843,843,843,843,843,843,843,843,843,
size:26
[agent] id:7
path:861,893,894,895,863,831,799,798,766,765,765,765,765,765,765,765,765,765,765,765,765,765,765,765,765,765,765,765,765,765,765,765,765,765,765,765,765,765,765,765,765,765,765,765,765,765,
goal:765,765,765,765,765,765,765,765,765,765,765,765,765,765,765,765,765,765,765,765,765,765,765,765,765,765,765,765,765,765,765,765,765,765,765,765,765,765,765,765,765,765,765,765,765,765,
size:9
[agent] id:8
path:12,44,45,77,78,79,80,81,82,83,51,52,53,54,86,87,119,151,183,215,216,248,280,312,344,376,377,378,379,347,315,316,316,316,316,316,316,316,316,316,316,316,316,316,316,316,
goal:316,316,316,316,316,316,316,316,316,316,316,316,316,316,316,316,316,316,316,316,316,316,316,316,316,316,316,316,316,316,316,316,316,316,316,316,316,316,316,316,316,316,316,316,316,316,
size:31
[agent] id:9
path:530,529,561,560,528,527,526,494,493,461,429,397,396,395,394,393,393,393,393,393,393,393,393,393,393,393,393,393,393,393,393,393,393,393,393,393,393,393,393,393,393,393,393,393,393,393,
goal:393,393,393,393,393,393,393,393,393,393,393,393,393,393,393,393,393,393,393,393,393,393,393,393,393,393,393,393,393,393,393,393,393,393,393,393,393,393,393,393,393,393,393,393,393,393,
size:15
[agent] id:10
path:773,741,709,677,645,613,614,582,550,551,552,553,554,555,556,524,525,526,527,528,529,497,465,433,401,369,337,305,273,241,209,210,211,212,213,181,182,183,184,185,186,187,187,187,187,187,
goal:187,187,187,187,187,187,187,187,187,187,187,187,187,187,187,187,187,187,187,187,187,187,187,187,187,187,187,187,187,187,187,187,187,187,187,187,187,187,187,187,187,187,187,187,187,187,
size:41
[agent] id:11
path:413,381,380,379,378,377,345,313,312,311,310,309,308,307,306,274,242,210,178,146,114,82,81,80,79,78,78,78,78,78,78,78,78,78,78,78,78,78,78,78,78,78,78,78,78,78,
goal:78,78,78,78,78,78,78,78,78,78,78,78,78,78,78,78,78,78,78,78,78,78,78,78,78,78,78,78,78,78,78,78,78,78,78,78,78,78,78,78,78,78,78,78,78,78,
size:25
[agent] id:12
path:57,56,55,54,53,52,51,50,49,48,80,79,78,77,45,13,12,11,11,11,11,11,11,11,11,11,11,11,11,11,11,11,11,11,11,11,11,11,11,11,11,11,11,11,11,11,
goal:11,11,11,11,11,11,11,11,11,11,11,11,11,11,11,11,11,11,11,11,11,11,11,11,11,11,11,11,11,11,11,11,11,11,11,11,11,11,11,11,11,11,11,11,11,11,
size:17
[agent] id:13
path:1020,988,987,986,985,953,921,920,888,887,855,823,791,759,727,695,663,631,599,567,535,534,533,501,500,468,436,435,403,402,401,369,368,336,304,303,271,270,269,268,236,204,203,202,234,266,
goal:266,266,266,266,266,266,266,266,266,266,266,266,266,266,266,266,266,266,266,266,266,266,266,266,266,266,266,266,266,266,266,266,266,266,266,266,266,266,266,266,266,266,266,266,266,266,
size:45
[agent] id:14
path:30,62,94,126,158,190,189,188,187,219,218,217,216,248,280,312,344,376,408,407,439,438,470,469,501,533,565,564,563,562,561,560,559,558,557,556,556,556,556,556,556,556,556,556,556,556,
goal:556,556,556,556,556,556,556,556,556,556,556,556,556,556,556,556,556,556,556,556,556,556,556,556,556,556,556,556,556,556,556,556,556,556,556,556,556,556,556,556,556,556,556,556,556,556,
size:35
[agent] id:15
path:277,309,308,307,306,305,304,303,271,270,269,268,236,204,172,140,139,138,138,138,138,138,138,138,138,138,138,138,138,138,138,138,138,138,138,138,138,138,138,138,138,138,138,138,138,138,
goal:138,138,138,138,138,138,138,138,138,138,138,138,138,138,138,138,138,138,138,138,138,138,138,138,138,138,138,138,138,138,138,138,138,138,138,138,138,138,138,138,138,138,138,138,138,138,
size:17
[agent] id:16
path:526,527,528,529,497,465,433,401,369,337,305,273,241,209,177,145,113,81,49,50,51,52,53,54,55,56,57,58,58,58,58,58,58,58,58,58,58,58,58,58,58,58,58,58,58,58,
goal:58,58,58,58,58,58,58,58,58,58,58,58,58,58,58,58,58,58,58,58,58,58,58,58,58,58,58,58,58,58,58,58,58,58,58,58,58,58,58,58,58,58,58,58,58,58,
size:27
[agent] id:17
path:664,696,728,760,792,824,825,857,858,858,858,858,858,858,858,858,858,858,858,858,858,858,858,858,858,858,858,858,858,858,858,858,858,858,858,858,858,858,858,858,858,858,858,858,858,858,
goal:858,858,858,858,858,858,858,858,858,858,858,858,858,858,858,858,858,858,858,858,858,858,858,858,858,858,858,858,858,858,858,858,858,858,858,858,858,858,858,858,858,858,858,858,858,858,
size:8
[agent] id:18
path:75,107,139,171,203,204,205,206,207,239,240,241,242,243,211,212,213,214,215,247,247,247,247,247,247,247,247,247,247,247,247,247,247,247,247,247,247,247,247,247,247,247,247,247,247,247,
goal:247,247,247,247,247,247,247,247,247,247,247,247,247,247,247,247,247,247,247,247,247,247,247,247,247,247,247,247,247,247,247,247,247,247,247,247,247,247,247,247,247,247,247,247,247,247,
size:19
[agent] id:19
path:165,197,229,261,293,294,326,358,390,422,454,486,518,550,582,614,646,678,710,742,774,806,838,870,902,934,935,936,937,937,937,937,937,937,937,937,937,937,937,937,937,937,937,937,937,937,
goal:937,937,937,937,937,937,937,937,937,937,937,937,937,937,937,937,937,937,937,937,937,937,937,937,937,937,937,937,937,937,937,937,937,937,937,937,937,937,937,937,937,937,937,937,937,937,
size:28
[agent] id:20
path:591,559,527,528,529,497,465,433,434,435,436,437,405,373,372,372,372,372,372,372,372,372,372,372,372,372,372,372,372,372,372,372,372,372,372,372,372,372,372,372,372,372,372,372,372,372,
goal:372,372,372,372,372,372,372,372,372,372,372,372,372,372,372,372,372,372,372,372,372,372,372,372,372,372,372,372,372,372,372,372,372,372,372,372,372,372,372,372,372,372,372,372,372,372,
size:14
[agent] id:21
path:991,990,989,988,987,986,985,953,921,920,888,887,855,823,791,759,727,695,663,631,599,567,566,565,564,563,562,561,560,559,558,557,556,555,554,522,521,520,519,487,486,485,485,485,485,485,
goal:485,485,485,485,485,485,485,485,485,485,485,485,485,485,485,485,485,485,485,485,485,485,485,485,485,485,485,485,485,485,485,485,485,485,485,485,485,485,485,485,485,485,485,485,485,485,
size:41
[agent] id:22
path:421,421,422,423,424,456,457,458,426,394,395,396,364,332,300,268,269,270,271,239,240,241,209,177,145,113,81,49,17,18,19,20,21,22,23,24,25,25,25,25,25,25,25,25,25,25,
goal:25,25,25,25,25,25,25,25,25,25,25,25,25,25,25,25,25,25,25,25,25,25,25,25,25,25,25,25,25,25,25,25,25,25,25,25,25,25,25,25,25,25,25,25,25,25,
size:36
[agent] id:23
path:806,807,808,809,810,810,810,810,810,810,810,810,810,810,810,810,810,810,810,810,810,810,810,810,810,810,810,810,810,810,810,810,810,810,810,810,810,810,810,810,810,810,810,810,810,810,
goal:810,810,810,810,810,810,810,810,810,810,810,810,810,810,810,810,810,810,810,810,810,810,810,810,810,810,810,810,810,810,810,810,810,810,810,810,810,810,810,810,810,810,810,810,810,810,
size:4
[agent] id:24
path:260,261,262,230,231,199,200,201,202,203,203,204,205,206,174,174,174,174,174,174,174,174,174,174,174,174,174,174,174,174,174,174,174,174,174,174,174,174,174,174,174,174,174,174,174,174,
goal:174,174,174,174,174,174,174,174,174,174,174,174,174,174,174,174,174,174,174,174,174,174,174,174,174,174,174,174,174,174,174,174,174,174,174,174,174,174,174,174,174,174,174,174,174,174,
size:14
[agent] id:25
path:824,792,792,791,759,727,695,663,631,599,567,535,534,533,501,469,437,405,373,341,309,308,307,306,305,304,303,271,270,269,268,236,204,203,202,201,169,137,136,135,135,135,135,135,135,135,
goal:135,135,135,135,135,135,135,135,135,135,135,135,135,135,135,135,135,135,135,135,135,135,135,135,135,135,135,135,135,135,135,135,135,135,135,135,135,135,135,135,135,135,135,135,135,135,
size:39
[agent] id:26
path:454,422,390,391,392,392,392,392,392,392,392,392,392,392,392,392,392,392,392,392,392,392,392,392,392,392,392,392,392,392,392,392,392,392,392,392,392,392,392,392,392,392,392,392,392,392,
goal:392,392,392,392,392,392,392,392,392,392,392,392,392,392,392,392,392,392,392,392,392,392,392,392,392,392,392,392,392,392,392,392,392,392,392,392,392,392,392,392,392,392,392,392,392,392,
size:4
[agent] id:27
path:855,823,791,759,727,695,663,631,599,567,535,534,533,501,469,437,405,373,341,309,308,307,306,305,304,303,271,270,269,268,236,235,235,235,235,235,235,235,235,235,235,235,235,235,235,235,
goal:235,235,235,235,235,235,235,235,235,235,235,235,235,235,235,235,235,235,235,235,235,235,235,235,235,235,235,235,235,235,235,235,235,235,235,235,235,235,235,235,235,235,235,235,235,235,
size:31
[agent] id:28
path:361,393,394,395,396,364,332,300,268,236,204,172,173,174,142,143,144,144,144,144,144,144,144,144,144,144,144,144,144,144,144,144,144,144,144,144,144,144,144,144,144,144,144,144,144,144,
goal:144,144,144,144,144,144,144,144,144,144,144,144,144,144,144,144,144,144,144,144,144,144,144,144,144,144,144,144,144,144,144,144,144,144,144,144,144,144,144,144,144,144,144,144,144,144,
size:16
[agent] id:29
path:191,190,189,188,187,219,218,217,216,215,214,213,212,211,210,242,241,273,305,304,303,302,301,300,332,364,396,395,394,426,458,457,456,424,423,422,454,453,452,451,451,451,451,451,451,451,
goal:451,451,451,451,451,451,451,451,451,451,451,451,451,451,451,451,451,451,451,451,451,451,451,451,451,451,451,451,451,451,451,451,451,451,451,451,451,451,451,451,451,451,451,451,451,451,
size:39
SolutionCost:701
