[setting] seed:30755
[solver] type:SASB-ECBS
[solver] w:2.000000
[solver] ID:0
[solver] Lowlevelnode:3507
[solver] Highlevelnode:15
[solver] ConflictCount:8
[solver] solved:1
[solver] elapsed:31
[solver] makespan:42
[problem] timesteplimit:15000
[problem] type:MAPF
[problem] agentnum:30
[graph] width:32
[graph] height:32
[graph] filename:./map/32by32_agents10_ex30.map
[task] id:2,start:0,end:0,service time:0,nodes:349,
[task] id:13,start:0,end:0,service time:0,nodes:574,
[task] id:3,start:0,end:0,service time:0,nodes:597,
[task] id:22,start:0,end:0,service time:0,nodes:399,
[task] id:7,start:0,end:0,service time:0,nodes:878,
[task] id:29,start:0,end:0,service time:0,nodes:236,
[task] id:5,start:0,end:0,service time:0,nodes:725,
[task] id:18,start:0,end:0,service time:0,nodes:850,
[task] id:1,start:0,end:0,service time:0,nodes:308,
[task] id:9,start:0,end:0,service time:0,nodes:473,
[task] id:24,start:0,end:0,service time:0,nodes:558,
[task] id:25,start:0,end:0,service time:0,nodes:835,
[task] id:6,start:0,end:0,service time:0,nodes:640,
[task] id:8,start:0,end:0,service time:0,nodes:451,
[task] id:26,start:0,end:0,service time:0,nodes:377,
[task] id:28,start:0,end:0,service time:0,nodes:421,
[task] id:19,start:0,end:0,service time:0,nodes:422,
[task] id:10,start:0,end:0,service time:0,nodes:378,
[task] id:16,start:0,end:0,service time:0,nodes:676,
[task] id:11,start:0,end:0,service time:0,nodes:742,
[task] id:20,start:0,end:0,service time:0,nodes:545,
[task] id:4,start:0,end:0,service time:0,nodes:132,
[task] id:23,start:0,end:0,service time:0,nodes:185,
[task] id:0,start:0,end:0,service time:0,nodes:879,
[task] id:12,start:0,end:0,service time:0,nodes:56,
[task] id:17,start:0,end:0,service time:0,nodes:641,
[task] id:21,start:0,end:0,service time:0,nodes:79,
[task] id:14,start:0,end:0,service time:0,nodes:1,
[task] id:15,start:0,end:0,service time:0,nodes:389,
[task] id:27,start:0,end:0,service time:0,nodes:766,
[agent] id:0
path:318,317,349,348,380,379,378,410,409,408,407,439,438,470,469,501,533,565,564,596,628,660,692,724,723,755,754,786,818,819,851,883,882,881,880,879,879,879,879,879,879,879,879,
goal:879,879,879,879,879,879,879,879,879,879,879,879,879,879,879,879,879,879,879,879,879,879,879,879,879,879,879,879,879,879,879,879,879,879,879,879,879,879,879,879,879,879,879,
size:35
[agent] id:1
path:629,597,565,533,501,469,437,405,373,341,341,309,308,308,308,308,308,308,308,308,308,308,308,308,308,308,308,308,308,308,308,308,308,308,308,308,308,308,308,308,308,308,308,
goal:308,308,308,308,308,308,308,308,308,308,308,308,308,308,308,308,308,308,308,308,308,308,308,308,308,308,308,308,308,308,308,308,308,308,308,308,308,308,308,308,308,308,308,
size:12
[agent] id:2
path:446,414,413,381,349,349,349,349,349,349,349,349,349,349,349,349,349,349,349,349,349,349,349,349,349,349,349,349,349,349,349,349,349,349,349,349,349,349,349,349,349,349,349,
goal:349,349,349,349,349,349,349,349,349,349,349,349,349,349,349,349,349,349,349,349,349,349,349,349,349,349,349,349,349,349,349,349,349,349,349,349,349,349,349,349,349,349,349,
size:4
[agent] id:3
path:473,472,504,536,535,567,599,598,597,597,597,597,597,597,597,597,597,597,597,597,597,597,597,597,597,597,597,597,597,597,597,597,597,597,597,597,597,597,597,597,597,597,597,
goal:597,597,597,597,597,597,597,597,597,597,597,597,597,597,597,597,597,597,597,597,597,597,597,597,597,597,597,597,597,597,597,597,597,597,597,597,597,597,597,597,597,597,597,
size:8
[agent] id:4
path:723,691,659,627,626,594,562,530,498,466,434,402,401,369,337,305,273,241,240,239,207,206,174,173,172,140,139,138,137,136,135,134,133,132,132,132,132,132,132,132,132,132,132,
goal:132,132,132,132,132,132,132,132,132,132,132,132,132,132,132,132,132,132,132,132,132,132,132,132,132,132,132,132,132,132,132,132,132,132,132,132,132,132,132,132,132,132,132,
size:33
[agent] id:5
path:798,797,796,795,794,762,730,729,728,727,726,725,725,725,725,725,725,725,725,725,725,725,725,725,725,725,725,725,725,725,725,725,725,725,725,725,725,725,725,725,725,725,725,
goal:725,725,725,725,725,725,725,725,725,725,725,725,725,725,725,725,725,725,725,725,725,725,725,725,725,725,725,725,725,725,725,725,725,725,725,725,725,725,725,725,725,725,725,
size:11
[agent] id:6
path:489,521,553,552,584,616,648,647,646,645,644,643,642,641,640,640,640,640,640,640,640,640,640,640,640,640,640,640,640,640,640,640,640,640,640,640,640,640,640,640,640,640,640,
goal:640,640,640,640,640,640,640,640,640,640,640,640,640,640,640,640,640,640,640,640,640,640,640,640,640,640,640,640,640,640,640,640,640,640,640,640,640,640,640,640,640,640,640,
size:14
[agent] id:7
path:837,838,839,840,841,842,874,875,876,877,878,878,878,878,878,878,878,878,878,878,878,878,878,878,878,878,878,878,878,878,878,878,878,878,878,878,878,878,878,878,878,878,878,
goal:878,878,878,878,878,878,878,878,878,878,878,878,878,878,878,878,878,878,878,878,878,878,878,878,878,878,878,878,878,878,878,878,878,878,878,878,878,878,878,878,878,878,878,
size:10
[agent] id:8
path:132,133,165,197,229,261,293,294,326,358,390,422,454,453,452,451,451,451,451,451,451,451,451,451,451,451,451,451,451,451,451,451,451,451,451,451,451,451,451,451,451,451,451,
goal:451,451,451,451,451,451,451,451,451,451,451,451,451,451,451,451,451,451,451,451,451,451,451,451,451,451,451,451,451,451,451,451,451,451,451,451,451,451,451,451,451,451,451,
size:15
[agent] id:9
path:728,696,664,632,600,599,598,566,534,535,503,504,472,473,473,473,473,473,473,473,473,473,473,473,473,473,473,473,473,473,473,473,473,473,473,473,473,473,473,473,473,473,473,
goal:473,473,473,473,473,473,473,473,473,473,473,473,473,473,473,473,473,473,473,473,473,473,473,473,473,473,473,473,473,473,473,473,473,473,473,473,473,473,473,473,473,473,473,
size:13
[agent] id:10
path:168,200,201,202,203,204,205,206,207,239,240,241,242,210,211,212,213,245,277,309,341,373,374,375,376,408,409,410,378,378,378,378,378,378,378,378,378,378,378,378,378,378,378,
goal:378,378,378,378,378,378,378,378,378,378,378,378,378,378,378,378,378,378,378,378,378,378,378,378,378,378,378,378,378,378,378,378,378,378,378,378,378,378,378,378,378,378,378,
size:28
[agent] id:11
path:441,473,472,504,536,535,567,599,631,663,662,661,693,692,691,690,689,688,687,686,718,717,716,715,714,713,745,744,743,742,742,742,742,742,742,742,742,742,742,742,742,742,742,
goal:742,742,742,742,742,742,742,742,742,742,742,742,742,742,742,742,742,742,742,742,742,742,742,742,742,742,742,742,742,742,742,742,742,742,742,742,742,742,742,742,742,742,742,
size:29
[agent] id:12
path:681,649,617,618,619,620,621,589,557,525,526,527,528,529,497,465,433,401,369,337,305,273,241,209,177,145,113,81,49,50,51,52,53,54,55,56,56,56,56,56,56,56,56,
goal:56,56,56,56,56,56,56,56,56,56,56,56,56,56,56,56,56,56,56,56,56,56,56,56,56,56,56,56,56,56,56,56,56,56,56,56,56,56,56,56,56,56,56,
size:35
[agent] id:13
path:671,639,607,575,574,574,574,574,574,574,574,574,574,574,574,574,574,574,574,574,574,574,574,574,574,574,574,574,574,574,574,574,574,574,574,574,574,574,574,574,574,574,574,
goal:574,574,574,574,574,574,574,574,574,574,574,574,574,574,574,574,574,574,574,574,574,574,574,574,574,574,574,574,574,574,574,574,574,574,574,574,574,574,574,574,574,574,574,
size:4
[agent] id:14
path:381,380,379,378,377,345,313,312,311,310,309,308,307,306,274,242,241,240,239,207,206,174,173,172,140,139,107,75,74,42,41,40,39,38,37,5,4,3,2,1,1,1,1,
goal:1,1,1,1,1,1,1,1,1,1,1,1,1,1,1,1,1,1,1,1,1,1,1,1,1,1,1,1,1,1,1,1,1,1,1,1,1,1,1,1,1,1,1,
size:39
[agent] id:15
path:956,924,892,860,859,858,857,825,793,792,760,728,696,664,632,600,599,567,566,565,564,563,531,530,529,528,527,526,494,493,461,429,397,396,395,394,393,392,391,390,389,389,389,
goal:389,389,389,389,389,389,389,389,389,389,389,389,389,389,389,389,389,389,389,389,389,389,389,389,389,389,389,389,389,389,389,389,389,389,389,389,389,389,389,389,389,389,389,
size:40
[agent] id:16
path:11,10,42,74,106,138,137,169,201,200,199,231,263,262,294,326,358,390,422,454,486,518,550,582,614,646,678,677,676,676,676,676,676,676,676,676,676,676,676,676,676,676,676,
goal:676,676,676,676,676,676,676,676,676,676,676,676,676,676,676,676,676,676,676,676,676,676,676,676,676,676,676,676,676,676,676,676,676,676,676,676,676,676,676,676,676,676,676,
size:28
[agent] id:17
path:831,799,798,766,734,702,701,700,699,698,697,696,664,663,662,661,660,659,658,657,656,655,654,653,652,651,650,649,648,647,646,645,644,643,642,641,641,641,641,641,641,641,641,
goal:641,641,641,641,641,641,641,641,641,641,641,641,641,641,641,641,641,641,641,641,641,641,641,641,641,641,641,641,641,641,641,641,641,641,641,641,641,641,641,641,641,641,641,
size:35
[agent] id:18
path:762,794,793,825,824,823,855,854,853,852,851,850,850,850,850,850,850,850,850,850,850,850,850,850,850,850,850,850,850,850,850,850,850,850,850,850,850,850,850,850,850,850,850,
goal:850,850,850,850,850,850,850,850,850,850,850,850,850,850,850,850,850,850,850,850,850,850,850,850,850,850,850,850,850,850,850,850,850,850,850,850,850,850,850,850,850,850,850,
size:11
[agent] id:19
path:691,659,627,626,594,562,561,560,559,558,557,525,493,461,460,459,458,457,456,424,423,422,422,422,422,422,422,422,422,422,422,422,422,422,422,422,422,422,422,422,422,422,422,
goal:422,422,422,422,422,422,422,422,422,422,422,422,422,422,422,422,422,422,422,422,422,422,422,422,422,422,422,422,422,422,422,422,422,422,422,422,422,422,422,422,422,422,422,
size:21
[agent] id:20
path:853,852,851,819,818,786,754,722,690,658,657,656,655,623,622,621,620,619,618,617,616,615,614,613,612,611,579,578,577,545,545,545,545,545,545,545,545,545,545,545,545,545,545,
goal:545,545,545,545,545,545,545,545,545,545,545,545,545,545,545,545,545,545,545,545,545,545,545,545,545,545,545,545,545,545,545,545,545,545,545,545,545,545,545,545,545,545,545,
size:29
[agent] id:21
path:738,706,707,708,676,644,612,613,614,582,550,518,486,454,422,390,391,392,393,394,395,396,364,332,300,268,269,270,271,239,207,206,174,142,110,78,79,79,79,79,79,79,79,
goal:79,79,79,79,79,79,79,79,79,79,79,79,79,79,79,79,79,79,79,79,79,79,79,79,79,79,79,79,79,79,79,79,79,79,79,79,79,79,79,79,79,79,79,
size:36
[agent] id:22
path:594,562,530,498,466,434,402,401,400,399,399,399,399,399,399,399,399,399,399,399,399,399,399,399,399,399,399,399,399,399,399,399,399,399,399,399,399,399,399,399,399,399,399,
goal:399,399,399,399,399,399,399,399,399,399,399,399,399,399,399,399,399,399,399,399,399,399,399,399,399,399,399,399,399,399,399,399,399,399,399,399,399,399,399,399,399,399,399,
size:9
[agent] id:23
path:944,912,880,848,849,850,818,786,754,722,690,658,626,594,562,530,498,466,434,435,436,437,405,373,341,309,277,245,213,181,182,183,184,185,185,185,185,185,185,185,185,185,185,
goal:185,185,185,185,185,185,185,185,185,185,185,185,185,185,185,185,185,185,185,185,185,185,185,185,185,185,185,185,185,185,185,185,185,185,185,185,185,185,185,185,185,185,185,
size:33
[agent] id:24
path:578,579,547,548,549,550,551,552,553,554,555,556,557,558,558,558,558,558,558,558,558,558,558,558,558,558,558,558,558,558,558,558,558,558,558,558,558,558,558,558,558,558,558,
goal:558,558,558,558,558,558,558,558,558,558,558,558,558,558,558,558,558,558,558,558,558,558,558,558,558,558,558,558,558,558,558,558,558,558,558,558,558,558,558,558,558,558,558,
size:13
[agent] id:25
path:941,909,877,845,844,843,842,841,840,839,838,837,836,835,835,835,835,835,835,835,835,835,835,835,835,835,835,835,835,835,835,835,835,835,835,835,835,835,835,835,835,835,835,
goal:835,835,835,835,835,835,835,835,835,835,835,835,835,835,835,835,835,835,835,835,835,835,835,835,835,835,835,835,835,835,835,835,835,835,835,835,835,835,835,835,835,835,835,
size:13
[agent] id:26
path:524,525,526,527,528,529,497,465,433,434,435,436,437,405,373,374,375,376,377,377,377,377,377,377,377,377,377,377,377,377,377,377,377,377,377,377,377,377,377,377,377,377,377,
goal:377,377,377,377,377,377,377,377,377,377,377,377,377,377,377,377,377,377,377,377,377,377,377,377,377,377,377,377,377,377,377,377,377,377,377,377,377,377,377,377,377,377,377,
size:18
[agent] id:27
path:228,260,292,293,294,326,358,390,422,454,486,487,519,551,552,553,554,555,556,557,589,621,622,623,655,656,657,658,659,660,661,662,663,695,696,697,698,699,700,701,733,765,766,
goal:766,766,766,766,766,766,766,766,766,766,766,766,766,766,766,766,766,766,766,766,766,766,766,766,766,766,766,766,766,766,766,766,766,766,766,766,766,766,766,766,766,766,766,
size:42
[agent] id:28
path:935,934,902,870,838,806,774,742,710,678,646,614,582,550,518,486,454,422,421,421,421,421,421,421,421,421,421,421,421,421,421,421,421,421,421,421,421,421,421,421,421,421,421,
goal:421,421,421,421,421,421,421,421,421,421,421,421,421,421,421,421,421,421,421,421,421,421,421,421,421,421,421,421,421,421,421,421,421,421,421,421,421,421,421,421,421,421,421,
size:18
[agent] id:29
path:9,41,73,105,137,169,201,233,234,235,236,236,236,236,236,236,236,236,236,236,236,236,236,236,236,236,236,236,236,236,236,236,236,236,236,236,236,236,236,236,236,236,236,
goal:236,236,236,236,236,236,236,236,236,236,236,236,236,236,236,236,236,236,236,236,236,236,236,236,236,236,236,236,236,236,236,236,236,236,236,236,236,236,236,236,236,236,236,
size:10
SolutionCost:646
