[setting] seed:1912
[solver] type:SASB-ECBS
[solver] w:2.000000
[solver] ID:0
[solver] Lowlevelnode:4468
[solver] Highlevelnode:25
[solver] ConflictCount:13
[solver] solved:1
[solver] elapsed:33
[solver] makespan:39
[problem] timesteplimit:15000
[problem] type:MAPF
[problem] agentnum:30
[graph] width:32
[graph] height:32
[graph] filename:./map/32by32_agents10_ex30.map
[task] id:10,start:0,end:0,service time:0,nodes:867,
[task] id:17,start:0,end:0,service time:0,nodes:617,
[task] id:28,start:0,end:0,service time:0,nodes:341,
[task] id:25,start:0,end:0,service time:0,nodes:7,
[task] id:5,start:0,end:0,service time:0,nodes:483,
[task] id:26,start:0,end:0,service time:0,nodes:661,
[task] id:29,start:0,end:0,service time:0,nodes:559,
[task] id:3,start:0,end:0,service time:0,nodes:614,
[task] id:1,start:0,end:0,service time:0,nodes:207,
[task] id:6,start:0,end:0,service time:0,nodes:687,
[task] id:11,start:0,end:0,service time:0,nodes:24,
[task] id:4,start:0,end:0,service time:0,nodes:476,
[task] id:18,start:0,end:0,service time:0,nodes:122,
[task] id:20,start:0,end:0,service time:0,nodes:529,
[task] id:13,start:0,end:0,service time:0,nodes:663,
[task] id:0,start:0,end:0,service time:0,nodes:290,
[task] id:8,start:0,end:0,service time:0,nodes:229,
[task] id:15,start:0,end:0,service time:0,nodes:633,
[task] id:24,start:0,end:0,service time:0,nodes:152,
[task] id:21,start:0,end:0,service time:0,nodes:810,
[task] id:23,start:0,end:0,service time:0,nodes:609,
[task] id:9,start:0,end:0,service time:0,nodes:451,
[task] id:27,start:0,end:0,service time:0,nodes:566,
[task] id:22,start:0,end:0,service time:0,nodes:81,
[task] id:14,start:0,end:0,service time:0,nodes:39,
[task] id:16,start:0,end:0,service time:0,nodes:1015,
[task] id:2,start:0,end:0,service time:0,nodes:987,
[task] id:19,start:0,end:0,service time:0,nodes:159,
[task] id:7,start:0,end:0,service time:0,nodes:259,
[task] id:12,start:0,end:0,service time:0,nodes:123,
[agent] id:0
path:527,526,525,557,556,555,554,522,490,458,457,456,424,392,391,359,358,357,356,355,323,322,290,290,290,290,290,290,290,290,290,290,290,290,290,290,290,290,290,290,
goal:290,290,290,290,290,290,290,290,290,290,290,290,290,290,290,290,290,290,290,290,290,290,290,290,290,290,290,290,290,290,290,290,290,290,290,290,290,290,290,290,
size:22
[agent] id:1
path:487,519,520,521,489,457,458,426,394,395,396,364,332,300,268,236,204,205,206,207,207,207,207,207,207,207,207,207,207,207,207,207,207,207,207,207,207,207,207,207,
goal:207,207,207,207,207,207,207,207,207,207,207,207,207,207,207,207,207,207,207,207,207,207,207,207,207,207,207,207,207,207,207,207,207,207,207,207,207,207,207,207,
size:19
[agent] id:2
path:364,396,428,460,461,493,525,557,589,621,653,685,717,749,781,782,814,846,878,879,880,881,882,883,884,885,886,918,950,982,983,984,985,986,987,987,987,987,987,987,
goal:987,987,987,987,987,987,987,987,987,987,987,987,987,987,987,987,987,987,987,987,987,987,987,987,987,987,987,987,987,987,987,987,987,987,987,987,987,987,987,987,
size:34
[agent] id:3
path:197,229,261,262,262,294,326,358,390,389,421,453,485,517,549,550,582,582,614,614,614,614,614,614,614,614,614,614,614,614,614,614,614,614,614,614,614,614,614,614,
goal:614,614,614,614,614,614,614,614,614,614,614,614,614,614,614,614,614,614,614,614,614,614,614,614,614,614,614,614,614,614,614,614,614,614,614,614,614,614,614,614,
size:18
[agent] id:4
path:786,754,722,690,658,626,594,562,563,564,565,533,534,535,536,537,538,539,507,508,476,476,476,476,476,476,476,476,476,476,476,476,476,476,476,476,476,476,476,476,
goal:476,476,476,476,476,476,476,476,476,476,476,476,476,476,476,476,476,476,476,476,476,476,476,476,476,476,476,476,476,476,476,476,476,476,476,476,476,476,476,476,
size:20
[agent] id:5
path:168,200,199,231,230,262,294,326,358,357,389,421,453,485,484,483,483,483,483,483,483,483,483,483,483,483,483,483,483,483,483,483,483,483,483,483,483,483,483,483,
goal:483,483,483,483,483,483,483,483,483,483,483,483,483,483,483,483,483,483,483,483,483,483,483,483,483,483,483,483,483,483,483,483,483,483,483,483,483,483,483,483,
size:15
[agent] id:6
path:998,966,934,902,870,838,806,774,742,710,711,712,713,714,715,716,717,685,686,687,687,687,687,687,687,687,687,687,687,687,687,687,687,687,687,687,687,687,687,687,
goal:687,687,687,687,687,687,687,687,687,687,687,687,687,687,687,687,687,687,687,687,687,687,687,687,687,687,687,687,687,687,687,687,687,687,687,687,687,687,687,687,
size:19
[agent] id:7
path:824,792,760,728,696,664,632,600,599,567,566,565,564,563,531,530,529,528,527,526,494,493,461,429,397,396,395,394,393,392,391,359,358,326,294,262,261,260,259,259,
goal:259,259,259,259,259,259,259,259,259,259,259,259,259,259,259,259,259,259,259,259,259,259,259,259,259,259,259,259,259,259,259,259,259,259,259,259,259,259,259,259,
size:38
[agent] id:8
path:810,809,808,776,744,712,680,648,616,584,552,520,519,487,486,454,422,390,358,326,294,262,230,229,229,229,229,229,229,229,229,229,229,229,229,229,229,229,229,229,
goal:229,229,229,229,229,229,229,229,229,229,229,229,229,229,229,229,229,229,229,229,229,229,229,229,229,229,229,229,229,229,229,229,229,229,229,229,229,229,229,229,
size:23
[agent] id:9
path:660,659,658,657,656,655,623,622,590,558,557,525,493,461,460,459,458,457,456,424,423,422,454,453,452,451,451,451,451,451,451,451,451,451,451,451,451,451,451,451,
goal:451,451,451,451,451,451,451,451,451,451,451,451,451,451,451,451,451,451,451,451,451,451,451,451,451,451,451,451,451,451,451,451,451,451,451,451,451,451,451,451,
size:25
[agent] id:10
path:961,929,930,898,866,867,867,867,867,867,867,867,867,867,867,867,867,867,867,867,867,867,867,867,867,867,867,867,867,867,867,867,867,867,867,867,867,867,867,867,
goal:867,867,867,867,867,867,867,867,867,867,867,867,867,867,867,867,867,867,867,867,867,867,867,867,867,867,867,867,867,867,867,867,867,867,867,867,867,867,867,867,
size:5
[agent] id:11
path:533,501,469,437,405,373,374,342,310,311,279,247,215,183,151,119,87,55,23,24,24,24,24,24,24,24,24,24,24,24,24,24,24,24,24,24,24,24,24,24,
goal:24,24,24,24,24,24,24,24,24,24,24,24,24,24,24,24,24,24,24,24,24,24,24,24,24,24,24,24,24,24,24,24,24,24,24,24,24,24,24,24,
size:19
[agent] id:12
path:612,613,614,582,550,518,519,520,521,489,490,458,426,394,395,396,364,332,300,268,269,270,271,239,240,241,209,210,211,212,213,181,182,183,184,185,186,187,155,123,
goal:123,123,123,123,123,123,123,123,123,123,123,123,123,123,123,123,123,123,123,123,123,123,123,123,123,123,123,123,123,123,123,123,123,123,123,123,123,123,123,123,
size:39
[agent] id:13
path:906,874,842,843,844,845,846,847,848,849,850,818,786,754,722,723,724,725,726,727,695,663,663,663,663,663,663,663,663,663,663,663,663,663,663,663,663,663,663,663,
goal:663,663,663,663,663,663,663,663,663,663,663,663,663,663,663,663,663,663,663,663,663,663,663,663,663,663,663,663,663,663,663,663,663,663,663,663,663,663,663,663,
size:21
[agent] id:14
path:63,62,61,60,28,27,26,58,57,56,55,54,53,52,51,50,49,48,80,79,78,77,45,44,12,11,10,42,41,40,39,39,39,39,39,39,39,39,39,39,
goal:39,39,39,39,39,39,39,39,39,39,39,39,39,39,39,39,39,39,39,39,39,39,39,39,39,39,39,39,39,39,39,39,39,39,39,39,39,39,39,39,
size:30
[agent] id:15
path:775,743,711,712,713,714,715,716,717,685,686,654,655,656,657,658,626,627,628,629,630,631,632,633,633,633,633,633,633,633,633,633,633,633,633,633,633,633,633,633,
goal:633,633,633,633,633,633,633,633,633,633,633,633,633,633,633,633,633,633,633,633,633,633,633,633,633,633,633,633,633,633,633,633,633,633,633,633,633,633,633,633,
size:23
[agent] id:16
path:614,615,616,617,617,649,681,713,714,715,747,779,811,843,875,876,877,878,879,880,881,882,883,884,885,886,918,950,982,983,1015,1015,1015,1015,1015,1015,1015,1015,1015,1015,
goal:1015,1015,1015,1015,1015,1015,1015,1015,1015,1015,1015,1015,1015,1015,1015,1015,1015,1015,1015,1015,1015,1015,1015,1015,1015,1015,1015,1015,1015,1015,1015,1015,1015,1015,1015,1015,1015,1015,1015,1015,
size:30
[agent] id:17
path:590,622,621,620,619,618,617,617,617,617,617,617,617,617,617,617,617,617,617,617,617,617,617,617,617,617,617,617,617,617,617,617,617,617,617,617,617,617,617,617,
goal:617,617,617,617,617,617,617,617,617,617,617,617,617,617,617,617,617,617,617,617,617,617,617,617,617,617,617,617,617,617,617,617,617,617,617,617,617,617,617,617,
size:6
[agent] id:18
path:566,534,535,503,504,472,473,441,409,377,345,313,281,280,248,216,184,152,120,121,122,122,122,122,122,122,122,122,122,122,122,122,122,122,122,122,122,122,122,122,
goal:122,122,122,122,122,122,122,122,122,122,122,122,122,122,122,122,122,122,122,122,122,122,122,122,122,122,122,122,122,122,122,122,122,122,122,122,122,122,122,122,
size:20
[agent] id:19
path:1023,991,959,927,895,863,831,799,798,766,734,702,670,669,637,605,604,603,571,539,507,508,509,477,478,446,414,413,381,349,317,285,286,287,255,223,191,159,159,159,
goal:159,159,159,159,159,159,159,159,159,159,159,159,159,159,159,159,159,159,159,159,159,159,159,159,159,159,159,159,159,159,159,159,159,159,159,159,159,159,159,159,
size:37
[agent] id:20
path:21,53,52,84,83,115,114,146,178,210,242,274,306,305,337,369,401,433,465,497,529,529,529,529,529,529,529,529,529,529,529,529,529,529,529,529,529,529,529,529,
goal:529,529,529,529,529,529,529,529,529,529,529,529,529,529,529,529,529,529,529,529,529,529,529,529,529,529,529,529,529,529,529,529,529,529,529,529,529,529,529,529,
size:20
[agent] id:21
path:228,260,292,293,294,326,358,390,422,454,486,518,550,582,614,646,678,710,742,774,806,807,808,809,810,810,810,810,810,810,810,810,810,810,810,810,810,810,810,810,
goal:810,810,810,810,810,810,810,810,810,810,810,810,810,810,810,810,810,810,810,810,810,810,810,810,810,810,810,810,810,810,810,810,810,810,810,810,810,810,810,810,
size:24
[agent] id:22
path:853,852,851,819,818,786,754,722,690,658,626,594,562,530,498,466,434,402,401,369,337,305,273,241,209,177,145,113,81,81,81,81,81,81,81,81,81,81,81,81,
goal:81,81,81,81,81,81,81,81,81,81,81,81,81,81,81,81,81,81,81,81,81,81,81,81,81,81,81,81,81,81,81,81,81,81,81,81,81,81,81,81,
size:28
[agent] id:23
path:629,628,627,626,594,593,592,591,623,622,621,620,619,618,650,649,648,647,646,645,613,612,611,610,609,609,609,609,609,609,609,609,609,609,609,609,609,609,609,609,
goal:609,609,609,609,609,609,609,609,609,609,609,609,609,609,609,609,609,609,609,609,609,609,609,609,609,609,609,609,609,609,609,609,609,609,609,609,609,609,609,609,
size:24
[agent] id:24
path:591,559,527,528,529,497,465,433,401,369,337,305,273,241,209,210,211,212,213,181,182,150,151,152,152,152,152,152,152,152,152,152,152,152,152,152,152,152,152,152,
goal:152,152,152,152,152,152,152,152,152,152,152,152,152,152,152,152,152,152,152,152,152,152,152,152,152,152,152,152,152,152,152,152,152,152,152,152,152,152,152,152,
size:23
[agent] id:25
path:328,296,264,263,231,199,167,135,103,71,39,7,7,7,7,7,7,7,7,7,7,7,7,7,7,7,7,7,7,7,7,7,7,7,7,7,7,7,7,7,
goal:7,7,7,7,7,7,7,7,7,7,7,7,7,7,7,7,7,7,7,7,7,7,7,7,7,7,7,7,7,7,7,7,7,7,7,7,7,7,7,7,
size:11
[agent] id:26
path:678,646,647,648,649,650,651,652,653,654,655,656,657,658,659,660,661,661,661,661,661,661,661,661,661,661,661,661,661,661,661,661,661,661,661,661,661,661,661,661,
goal:661,661,661,661,661,661,661,661,661,661,661,661,661,661,661,661,661,661,661,661,661,661,661,661,661,661,661,661,661,661,661,661,661,661,661,661,661,661,661,661,
size:16
[agent] id:27
path:640,641,642,643,644,645,646,647,648,649,650,651,652,620,621,589,590,591,592,560,561,562,563,564,565,566,566,566,566,566,566,566,566,566,566,566,566,566,566,566,
goal:566,566,566,566,566,566,566,566,566,566,566,566,566,566,566,566,566,566,566,566,566,566,566,566,566,566,566,566,566,566,566,566,566,566,566,566,566,566,566,566,
size:25
[agent] id:28
path:273,305,306,307,308,309,341,341,341,341,341,341,341,341,341,341,341,341,341,341,341,341,341,341,341,341,341,341,341,341,341,341,341,341,341,341,341,341,341,341,
goal:341,341,341,341,341,341,341,341,341,341,341,341,341,341,341,341,341,341,341,341,341,341,341,341,341,341,341,341,341,341,341,341,341,341,341,341,341,341,341,341,
size:6
[agent] id:29
path:326,358,390,422,454,486,518,550,551,552,553,554,555,556,557,558,559,559,559,559,559,559,559,559,559,559,559,559,559,559,559,559,559,559,559,559,559,559,559,559,
goal:559,559,559,559,559,559,559,559,559,559,559,559,559,559,559,559,559,559,559,559,559,559,559,559,559,559,559,559,559,559,559,559,559,559,559,559,559,559,559,559,
size:16
SolutionCost:656
