[setting] seed:8570
[solver] type:SASB-ECBS
[solver] w:2.000000
[solver] ID:0
[solver] Lowlevelnode:6917
[solver] Highlevelnode:29
[solver] ConflictCount:15
[solver] solved:1
[solver] elapsed:44
[solver] makespan:44
[problem] timesteplimit:15000
[problem] type:MAPF
[problem] agentnum:30
[graph] width:32
[graph] height:32
[graph] filename:./map/32by32_agents10_ex30.map
[task] id:12,start:0,end:0,service time:0,nodes:632,
[task] id:22,start:0,end:0,service time:0,nodes:135,
[task] id:24,start:0,end:0,service time:0,nodes:710,
[task] id:25,start:0,end:0,service time:0,nodes:715,
[task] id:26,start:0,end:0,service time:0,nodes:77,
[task] id:28,start:0,end:0,service time:0,nodes:292,
[task] id:16,start:0,end:0,service time:0,nodes:583,
[task] id:8,start:0,end:0,service time:0,nodes:459,
[task] id:27,start:0,end:0,service time:0,nodes:691,
[task] id:23,start:0,end:0,service time:0,nodes:671,
[task] id:2,start:0,end:0,service time:0,nodes:162,
[task] id:4,start:0,end:0,service time:0,nodes:120,
[task] id:1,start:0,end:0,service time:0,nodes:429,
[task] id:6,start:0,end:0,service time:0,nodes:705,
[task] id:15,start:0,end:0,service time:0,nodes:336,
[task] id:19,start:0,end:0,service time:0,nodes:261,
[task] id:9,start:0,end:0,service time:0,nodes:987,
[task] id:11,start:0,end:0,service time:0,nodes:74,
[task] id:18,start:0,end:0,service time:0,nodes:801,
[task] id:20,start:0,end:0,service time:0,nodes:807,
[task] id:3,start:0,end:0,service time:0,nodes:33,
[task] id:13,start:0,end:0,service time:0,nodes:678,
[task] id:14,start:0,end:0,service time:0,nodes:707,
[task] id:0,start:0,end:0,service time:0,nodes:824,
[task] id:5,start:0,end:0,service time:0,nodes:372,
[task] id:17,start:0,end:0,service time:0,nodes:39,
[task] id:10,start:0,end:0,service time:0,nodes:264,
[task] id:29,start:0,end:0,service time:0,nodes:409,
[task] id:7,start:0,end:0,service time:0,nodes:538,
[task] id:21,start:0,end:0,service time:0,nodes:762,
[agent] id:0
path:14,13,45,77,78,110,142,174,206,207,239,271,303,304,336,368,400,432,464,465,497,529,561,593,594,626,658,690,722,723,724,725,757,758,759,791,823,824,824,824,824,824,824,824,824,
goal:824,824,824,824,824,824,824,824,824,824,824,824,824,824,824,824,824,824,824,824,824,824,824,824,824,824,824,824,824,824,824,824,824,824,824,824,824,824,824,824,824,824,824,824,824,
size:37
[agent] id:1
path:764,796,795,794,762,730,698,697,696,664,663,631,599,598,566,565,564,563,562,561,560,559,558,557,525,493,461,429,429,429,429,429,429,429,429,429,429,429,429,429,429,429,429,429,429,
goal:429,429,429,429,429,429,429,429,429,429,429,429,429,429,429,429,429,429,429,429,429,429,429,429,429,429,429,429,429,429,429,429,429,429,429,429,429,429,429,429,429,429,429,429,429,
size:27
[agent] id:2
path:649,617,616,584,552,520,519,487,486,454,422,390,358,326,294,262,261,260,259,258,257,225,193,161,162,162,162,162,162,162,162,162,162,162,162,162,162,162,162,162,162,162,162,162,162,
goal:162,162,162,162,162,162,162,162,162,162,162,162,162,162,162,162,162,162,162,162,162,162,162,162,162,162,162,162,162,162,162,162,162,162,162,162,162,162,162,162,162,162,162,162,162,
size:24
[agent] id:3
path:437,405,373,341,309,308,307,306,274,242,241,240,239,207,206,174,173,172,140,139,107,75,74,73,72,71,70,69,68,67,66,65,33,33,33,33,33,33,33,33,33,33,33,33,33,
goal:33,33,33,33,33,33,33,33,33,33,33,33,33,33,33,33,33,33,33,33,33,33,33,33,33,33,33,33,33,33,33,33,33,33,33,33,33,33,33,33,33,33,33,33,33,
size:32
[agent] id:4
path:231,199,200,201,202,203,204,205,173,174,142,110,78,79,80,48,49,50,51,52,53,54,86,87,119,120,120,120,120,120,120,120,120,120,120,120,120,120,120,120,120,120,120,120,120,
goal:120,120,120,120,120,120,120,120,120,120,120,120,120,120,120,120,120,120,120,120,120,120,120,120,120,120,120,120,120,120,120,120,120,120,120,120,120,120,120,120,120,120,120,120,120,
size:25
[agent] id:5
path:1000,999,967,935,936,904,872,840,808,776,744,712,680,648,616,617,618,619,620,621,589,590,591,559,560,561,562,530,498,466,467,468,469,469,437,405,373,372,372,372,372,372,372,372,372,
goal:372,372,372,372,372,372,372,372,372,372,372,372,372,372,372,372,372,372,372,372,372,372,372,372,372,372,372,372,372,372,372,372,372,372,372,372,372,372,372,372,372,372,372,372,372,
size:37
[agent] id:6
path:302,301,301,300,332,364,396,428,460,459,458,490,522,521,520,519,518,517,516,548,547,579,611,643,642,641,673,705,705,705,705,705,705,705,705,705,705,705,705,705,705,705,705,705,705,
goal:705,705,705,705,705,705,705,705,705,705,705,705,705,705,705,705,705,705,705,705,705,705,705,705,705,705,705,705,705,705,705,705,705,705,705,705,705,705,705,705,705,705,705,705,705,
size:27
[agent] id:7
path:864,896,928,929,930,898,866,867,835,803,771,739,707,708,676,644,612,613,614,615,616,584,552,553,554,555,556,557,558,559,560,561,562,563,564,565,533,534,535,536,537,538,538,538,538,
goal:538,538,538,538,538,538,538,538,538,538,538,538,538,538,538,538,538,538,538,538,538,538,538,538,538,538,538,538,538,538,538,538,538,538,538,538,538,538,538,538,538,538,538,538,538,
size:41
[agent] id:8
path:877,845,846,814,782,750,718,686,654,622,590,558,526,494,493,461,460,459,459,459,459,459,459,459,459,459,459,459,459,459,459,459,459,459,459,459,459,459,459,459,459,459,459,459,459,
goal:459,459,459,459,459,459,459,459,459,459,459,459,459,459,459,459,459,459,459,459,459,459,459,459,459,459,459,459,459,459,459,459,459,459,459,459,459,459,459,459,459,459,459,459,459,
size:17
[agent] id:9
path:867,899,900,901,933,934,935,936,937,938,939,940,941,942,943,944,945,946,978,979,980,948,949,950,982,983,984,985,986,987,987,987,987,987,987,987,987,987,987,987,987,987,987,987,987,
goal:987,987,987,987,987,987,987,987,987,987,987,987,987,987,987,987,987,987,987,987,987,987,987,987,987,987,987,987,987,987,987,987,987,987,987,987,987,987,987,987,987,987,987,987,987,
size:29
[agent] id:10
path:606,605,604,603,571,539,538,537,536,535,534,533,501,469,437,405,373,341,309,308,307,306,305,304,303,271,270,269,268,236,235,234,233,201,200,199,231,263,264,264,264,264,264,264,264,
goal:264,264,264,264,264,264,264,264,264,264,264,264,264,264,264,264,264,264,264,264,264,264,264,264,264,264,264,264,264,264,264,264,264,264,264,264,264,264,264,264,264,264,264,264,264,
size:38
[agent] id:11
path:127,95,94,93,92,91,90,58,57,56,55,54,53,52,84,83,82,81,80,79,78,110,142,174,173,172,140,139,107,75,74,74,74,74,74,74,74,74,74,74,74,74,74,74,74,
goal:74,74,74,74,74,74,74,74,74,74,74,74,74,74,74,74,74,74,74,74,74,74,74,74,74,74,74,74,74,74,74,74,74,74,74,74,74,74,74,74,74,74,74,74,74,
size:30
[agent] id:12
path:629,630,631,632,632,632,632,632,632,632,632,632,632,632,632,632,632,632,632,632,632,632,632,632,632,632,632,632,632,632,632,632,632,632,632,632,632,632,632,632,632,632,632,632,632,
goal:632,632,632,632,632,632,632,632,632,632,632,632,632,632,632,632,632,632,632,632,632,632,632,632,632,632,632,632,632,632,632,632,632,632,632,632,632,632,632,632,632,632,632,632,632,
size:3
[agent] id:13
path:51,83,115,114,146,178,210,242,241,273,305,337,369,401,433,465,497,529,561,593,592,591,623,622,621,620,619,618,650,682,681,680,679,678,678,678,678,678,678,678,678,678,678,678,678,
goal:678,678,678,678,678,678,678,678,678,678,678,678,678,678,678,678,678,678,678,678,678,678,678,678,678,678,678,678,678,678,678,678,678,678,678,678,678,678,678,678,678,678,678,678,678,
size:33
[agent] id:14
path:12,11,10,42,74,106,138,137,169,201,200,199,231,263,262,263,262,294,326,358,390,422,454,486,518,550,582,614,646,678,677,709,708,707,707,707,707,707,707,707,707,707,707,707,707,
goal:707,707,707,707,707,707,707,707,707,707,707,707,707,707,707,707,707,707,707,707,707,707,707,707,707,707,707,707,707,707,707,707,707,707,707,707,707,707,707,707,707,707,707,707,707,
size:33
[agent] id:15
path:953,921,920,888,887,855,823,791,759,727,695,663,631,599,567,535,534,533,501,469,437,436,435,403,402,401,369,337,336,336,336,336,336,336,336,336,336,336,336,336,336,336,336,336,336,
goal:336,336,336,336,336,336,336,336,336,336,336,336,336,336,336,336,336,336,336,336,336,336,336,336,336,336,336,336,336,336,336,336,336,336,336,336,336,336,336,336,336,336,336,336,336,
size:28
[agent] id:16
path:997,965,933,934,902,870,838,806,774,742,743,711,679,647,615,583,583,583,583,583,583,583,583,583,583,583,583,583,583,583,583,583,583,583,583,583,583,583,583,583,583,583,583,583,583,
goal:583,583,583,583,583,583,583,583,583,583,583,583,583,583,583,583,583,583,583,583,583,583,583,583,583,583,583,583,583,583,583,583,583,583,583,583,583,583,583,583,583,583,583,583,583,
size:15
[agent] id:17
path:696,664,632,600,599,567,535,534,533,501,469,437,405,373,341,309,308,307,306,274,242,241,240,239,207,206,174,173,172,140,139,107,106,105,73,41,40,39,39,39,39,39,39,39,39,
goal:39,39,39,39,39,39,39,39,39,39,39,39,39,39,39,39,39,39,39,39,39,39,39,39,39,39,39,39,39,39,39,39,39,39,39,39,39,39,39,39,39,39,39,39,39,
size:37
[agent] id:18
path:199,167,167,199,231,263,262,294,326,358,390,389,421,453,485,517,549,548,547,579,611,643,642,641,673,705,737,736,768,800,801,801,801,801,801,801,801,801,801,801,801,801,801,801,801,
goal:801,801,801,801,801,801,801,801,801,801,801,801,801,801,801,801,801,801,801,801,801,801,801,801,801,801,801,801,801,801,801,801,801,801,801,801,801,801,801,801,801,801,801,801,801,
size:30
[agent] id:19
path:847,846,814,782,750,718,686,654,622,590,558,526,494,493,461,429,397,396,395,394,393,392,391,359,358,326,294,262,261,261,261,261,261,261,261,261,261,261,261,261,261,261,261,261,261,
goal:261,261,261,261,261,261,261,261,261,261,261,261,261,261,261,261,261,261,261,261,261,261,261,261,261,261,261,261,261,261,261,261,261,261,261,261,261,261,261,261,261,261,261,261,261,
size:28
[agent] id:20
path:310,342,374,406,438,470,469,501,500,499,531,563,562,594,626,658,657,656,655,654,653,652,651,683,682,714,713,745,744,776,808,807,807,807,807,807,807,807,807,807,807,807,807,807,807,
goal:807,807,807,807,807,807,807,807,807,807,807,807,807,807,807,807,807,807,807,807,807,807,807,807,807,807,807,807,807,807,807,807,807,807,807,807,807,807,807,807,807,807,807,807,807,
size:31
[agent] id:21
path:162,161,193,225,257,258,290,322,354,355,356,357,389,421,453,485,517,549,550,582,614,646,647,648,649,650,651,652,653,685,686,687,688,720,721,722,723,724,725,726,727,728,729,730,762,
goal:762,762,762,762,762,762,762,762,762,762,762,762,762,762,762,762,762,762,762,762,762,762,762,762,762,762,762,762,762,762,762,762,762,762,762,762,762,762,762,762,762,762,762,762,762,
size:44
[agent] id:22
path:70,71,103,135,135,135,135,135,135,135,135,135,135,135,135,135,135,135,135,135,135,135,135,135,135,135,135,135,135,135,135,135,135,135,135,135,135,135,135,135,135,135,135,135,135,
goal:135,135,135,135,135,135,135,135,135,135,135,135,135,135,135,135,135,135,135,135,135,135,135,135,135,135,135,135,135,135,135,135,135,135,135,135,135,135,135,135,135,135,135,135,135,
size:3
[agent] id:23
path:620,652,653,654,655,656,657,658,659,660,661,662,663,695,696,697,698,699,667,668,669,670,671,671,671,671,671,671,671,671,671,671,671,671,671,671,671,671,671,671,671,671,671,671,671,
goal:671,671,671,671,671,671,671,671,671,671,671,671,671,671,671,671,671,671,671,671,671,671,671,671,671,671,671,671,671,671,671,671,671,671,671,671,671,671,671,671,671,671,671,671,671,
size:22
[agent] id:24
path:609,641,673,705,706,707,708,709,710,710,710,710,710,710,710,710,710,710,710,710,710,710,710,710,710,710,710,710,710,710,710,710,710,710,710,710,710,710,710,710,710,710,710,710,710,
goal:710,710,710,710,710,710,710,710,710,710,710,710,710,710,710,710,710,710,710,710,710,710,710,710,710,710,710,710,710,710,710,710,710,710,710,710,710,710,710,710,710,710,710,710,710,
size:8
[agent] id:25
path:838,806,774,742,710,711,712,713,714,715,715,715,715,715,715,715,715,715,715,715,715,715,715,715,715,715,715,715,715,715,715,715,715,715,715,715,715,715,715,715,715,715,715,715,715,
goal:715,715,715,715,715,715,715,715,715,715,715,715,715,715,715,715,715,715,715,715,715,715,715,715,715,715,715,715,715,715,715,715,715,715,715,715,715,715,715,715,715,715,715,715,715,
size:9
[agent] id:26
path:364,332,300,268,236,204,172,173,174,142,110,78,77,77,77,77,77,77,77,77,77,77,77,77,77,77,77,77,77,77,77,77,77,77,77,77,77,77,77,77,77,77,77,77,77,
goal:77,77,77,77,77,77,77,77,77,77,77,77,77,77,77,77,77,77,77,77,77,77,77,77,77,77,77,77,77,77,77,77,77,77,77,77,77,77,77,77,77,77,77,77,77,
size:12
[agent] id:27
path:348,380,379,378,410,442,474,473,472,504,536,535,567,566,565,597,629,661,693,692,691,691,691,691,691,691,691,691,691,691,691,691,691,691,691,691,691,691,691,691,691,691,691,691,691,
goal:691,691,691,691,691,691,691,691,691,691,691,691,691,691,691,691,691,691,691,691,691,691,691,691,691,691,691,691,691,691,691,691,691,691,691,691,691,691,691,691,691,691,691,691,691,
size:20
[agent] id:28
path:268,236,235,234,233,201,200,199,231,263,262,294,293,292,292,292,292,292,292,292,292,292,292,292,292,292,292,292,292,292,292,292,292,292,292,292,292,292,292,292,292,292,292,292,292,
goal:292,292,292,292,292,292,292,292,292,292,292,292,292,292,292,292,292,292,292,292,292,292,292,292,292,292,292,292,292,292,292,292,292,292,292,292,292,292,292,292,292,292,292,292,292,
size:13
[agent] id:29
path:800,768,736,737,705,673,641,609,577,578,579,547,548,549,550,551,552,553,554,555,556,524,525,526,527,528,529,497,465,433,434,435,436,437,405,406,407,408,409,409,409,409,409,409,409,
goal:409,409,409,409,409,409,409,409,409,409,409,409,409,409,409,409,409,409,409,409,409,409,409,409,409,409,409,409,409,409,409,409,409,409,409,409,409,409,409,409,409,409,409,409,409,
size:38
SolutionCost:771
