[setting] seed:26319
[solver] type:SASB-ECBS
[solver] w:2.000000
[solver] ID:0
[solver] Lowlevelnode:2150
[solver] Highlevelnode:13
[solver] ConflictCount:7
[solver] solved:1
[solver] elapsed:26
[solver] makespan:37
[problem] timesteplimit:15000
[problem] type:MAPF
[problem] agentnum:30
[graph] width:32
[graph] height:32
[graph] filename:./map/32by32_agents10_ex30.map
[task] id:23,start:0,end:0,service time:0,nodes:427,
[task] id:6,start:0,end:0,service time:0,nodes:844,
[task] id:11,start:0,end:0,service time:0,nodes:521,
[task] id:18,start:0,end:0,service time:0,nodes:512,
[task] id:1,start:0,end:0,service time:0,nodes:888,
[task] id:21,start:0,end:0,service time:0,nodes:162,
[task] id:26,start:0,end:0,service time:0,nodes:421,
[task] id:0,start:0,end:0,service time:0,nodes:28,
[task] id:15,start:0,end:0,service time:0,nodes:82,
[task] id:19,start:0,end:0,service time:0,nodes:821,
[task] id:8,start:0,end:0,service time:0,nodes:233,
[task] id:14,start:0,end:0,service time:0,nodes:524,
[task] id:17,start:0,end:0,service time:0,nodes:623,
[task] id:22,start:0,end:0,service time:0,nodes:212,
[task] id:28,start:0,end:0,service time:0,nodes:823,
[task] id:5,start:0,end:0,service time:0,nodes:714,
[task] id:20,start:0,end:0,service time:0,nodes:361,
[task] id:25,start:0,end:0,service time:0,nodes:377,
[task] id:27,start:0,end:0,service time:0,nodes:464,
[task] id:2,start:0,end:0,service time:0,nodes:22,
[task] id:4,start:0,end:0,service time:0,nodes:320,
[task] id:13,start:0,end:0,service time:0,nodes:138,
[task] id:10,start:0,end:0,service time:0,nodes:593,
[task] id:7,start:0,end:0,service time:0,nodes:412,
[task] id:12,start:0,end:0,service time:0,nodes:90,
[task] id:3,start:0,end:0,service time:0,nodes:860,
[task] id:9,start:0,end:0,service time:0,nodes:929,
[task] id:16,start:0,end:0,service time:0,nodes:184,
[task] id:24,start:0,end:0,service time:0,nodes:959,
[task] id:29,start:0,end:0,service time:0,nodes:276,
[agent] id:0
path:285,286,287,255,223,191,159,127,95,63,31,30,29,28,28,28,28,28,28,28,28,28,28,28,28,28,28,28,28,28,28,28,28,28,28,28,28,28,
goal:28,28,28,28,28,28,28,28,28,28,28,28,28,28,28,28,28,28,28,28,28,28,28,28,28,28,28,28,28,28,28,28,28,28,28,28,28,28,
size:13
[agent] id:1
path:600,632,664,696,728,760,792,824,823,855,887,888,888,888,888,888,888,888,888,888,888,888,888,888,888,888,888,888,888,888,888,888,888,888,888,888,888,888,
goal:888,888,888,888,888,888,888,888,888,888,888,888,888,888,888,888,888,888,888,888,888,888,888,888,888,888,888,888,888,888,888,888,888,888,888,888,888,888,
size:11
[agent] id:2
path:229,230,231,199,200,201,202,203,171,172,173,174,142,110,78,79,80,48,49,17,18,19,20,21,22,22,22,22,22,22,22,22,22,22,22,22,22,22,
goal:22,22,22,22,22,22,22,22,22,22,22,22,22,22,22,22,22,22,22,22,22,22,22,22,22,22,22,22,22,22,22,22,22,22,22,22,22,22,
size:24
[agent] id:3
path:552,584,616,648,649,650,651,652,653,685,686,687,688,720,721,722,723,724,725,757,758,759,791,792,824,825,857,858,859,860,860,860,860,860,860,860,860,860,
goal:860,860,860,860,860,860,860,860,860,860,860,860,860,860,860,860,860,860,860,860,860,860,860,860,860,860,860,860,860,860,860,860,860,860,860,860,860,860,
size:29
[agent] id:4
path:14,13,12,11,10,42,74,106,138,137,169,201,200,199,231,263,262,261,260,259,258,257,256,288,320,320,320,320,320,320,320,320,320,320,320,320,320,320,
goal:320,320,320,320,320,320,320,320,320,320,320,320,320,320,320,320,320,320,320,320,320,320,320,320,320,320,320,320,320,320,320,320,320,320,320,320,320,320,
size:24
[agent] id:5
path:271,303,302,301,300,332,364,396,428,460,461,493,525,557,589,621,653,685,717,716,715,714,714,714,714,714,714,714,714,714,714,714,714,714,714,714,714,714,
goal:714,714,714,714,714,714,714,714,714,714,714,714,714,714,714,714,714,714,714,714,714,714,714,714,714,714,714,714,714,714,714,714,714,714,714,714,714,714,
size:21
[agent] id:6
path:808,840,841,842,843,844,844,844,844,844,844,844,844,844,844,844,844,844,844,844,844,844,844,844,844,844,844,844,844,844,844,844,844,844,844,844,844,844,
goal:844,844,844,844,844,844,844,844,844,844,844,844,844,844,844,844,844,844,844,844,844,844,844,844,844,844,844,844,844,844,844,844,844,844,844,844,844,844,
size:5
[agent] id:7
path:984,952,920,888,887,855,823,791,759,727,695,663,631,599,567,535,503,504,472,473,441,409,410,378,379,380,412,412,412,412,412,412,412,412,412,412,412,412,
goal:412,412,412,412,412,412,412,412,412,412,412,412,412,412,412,412,412,412,412,412,412,412,412,412,412,412,412,412,412,412,412,412,412,412,412,412,412,412,
size:26
[agent] id:8
path:279,311,310,309,308,307,306,305,304,303,271,270,269,268,236,235,234,233,233,233,233,233,233,233,233,233,233,233,233,233,233,233,233,233,233,233,233,233,
goal:233,233,233,233,233,233,233,233,233,233,233,233,233,233,233,233,233,233,233,233,233,233,233,233,233,233,233,233,233,233,233,233,233,233,233,233,233,233,
size:17
[agent] id:9
path:227,259,260,292,293,294,326,358,390,422,454,486,518,550,549,548,547,579,611,643,644,676,708,707,739,771,803,835,867,899,931,930,929,929,929,929,929,929,
goal:929,929,929,929,929,929,929,929,929,929,929,929,929,929,929,929,929,929,929,929,929,929,929,929,929,929,929,929,929,929,929,929,929,929,929,929,929,929,
size:32
[agent] id:10
path:73,74,75,75,107,139,171,172,204,236,268,300,332,364,396,428,460,461,493,525,557,589,590,591,592,593,593,593,593,593,593,593,593,593,593,593,593,593,
goal:593,593,593,593,593,593,593,593,593,593,593,593,593,593,593,593,593,593,593,593,593,593,593,593,593,593,593,593,593,593,593,593,593,593,593,593,593,593,
size:25
[agent] id:11
path:682,650,618,617,616,584,552,520,521,521,521,521,521,521,521,521,521,521,521,521,521,521,521,521,521,521,521,521,521,521,521,521,521,521,521,521,521,521,
goal:521,521,521,521,521,521,521,521,521,521,521,521,521,521,521,521,521,521,521,521,521,521,521,521,521,521,521,521,521,521,521,521,521,521,521,521,521,521,
size:8
[agent] id:12
path:759,727,695,663,631,599,567,535,503,504,472,473,441,409,377,345,313,281,280,248,216,184,152,120,88,89,90,90,90,90,90,90,90,90,90,90,90,90,
goal:90,90,90,90,90,90,90,90,90,90,90,90,90,90,90,90,90,90,90,90,90,90,90,90,90,90,90,90,90,90,90,90,90,90,90,90,90,90,
size:26
[agent] id:13
path:576,544,512,480,448,416,384,352,320,288,256,257,258,259,227,228,196,197,165,133,134,135,136,137,138,138,138,138,138,138,138,138,138,138,138,138,138,138,
goal:138,138,138,138,138,138,138,138,138,138,138,138,138,138,138,138,138,138,138,138,138,138,138,138,138,138,138,138,138,138,138,138,138,138,138,138,138,138,
size:24
[agent] id:14
path:230,262,294,326,358,390,422,454,486,518,550,551,552,553,554,555,556,524,524,524,524,524,524,524,524,524,524,524,524,524,524,524,524,524,524,524,524,524,
goal:524,524,524,524,524,524,524,524,524,524,524,524,524,524,524,524,524,524,524,524,524,524,524,524,524,524,524,524,524,524,524,524,524,524,524,524,524,524,
size:17
[agent] id:15
path:104,105,106,107,139,140,172,173,174,142,110,78,79,80,81,82,82,82,82,82,82,82,82,82,82,82,82,82,82,82,82,82,82,82,82,82,82,82,
goal:82,82,82,82,82,82,82,82,82,82,82,82,82,82,82,82,82,82,82,82,82,82,82,82,82,82,82,82,82,82,82,82,82,82,82,82,82,82,
size:15
[agent] id:16
path:942,943,911,879,847,848,849,850,818,786,754,722,690,658,626,594,562,530,498,466,434,435,436,437,405,373,341,309,277,245,213,181,182,183,184,184,184,184,
goal:184,184,184,184,184,184,184,184,184,184,184,184,184,184,184,184,184,184,184,184,184,184,184,184,184,184,184,184,184,184,184,184,184,184,184,184,184,184,
size:34
[agent] id:17
path:211,243,242,274,306,305,337,369,401,433,465,497,529,561,593,592,591,623,623,623,623,623,623,623,623,623,623,623,623,623,623,623,623,623,623,623,623,623,
goal:623,623,623,623,623,623,623,623,623,623,623,623,623,623,623,623,623,623,623,623,623,623,623,623,623,623,623,623,623,623,623,623,623,623,623,623,623,623,
size:17
[agent] id:18
path:645,613,612,611,579,547,515,514,513,512,512,512,512,512,512,512,512,512,512,512,512,512,512,512,512,512,512,512,512,512,512,512,512,512,512,512,512,512,
goal:512,512,512,512,512,512,512,512,512,512,512,512,512,512,512,512,512,512,512,512,512,512,512,512,512,512,512,512,512,512,512,512,512,512,512,512,512,512,
size:9
[agent] id:19
path:605,637,669,701,733,765,797,796,795,794,793,825,824,823,822,821,821,821,821,821,821,821,821,821,821,821,821,821,821,821,821,821,821,821,821,821,821,821,
goal:821,821,821,821,821,821,821,821,821,821,821,821,821,821,821,821,821,821,821,821,821,821,821,821,821,821,821,821,821,821,821,821,821,821,821,821,821,821,
size:15
[agent] id:20
path:725,693,661,629,597,565,564,563,531,530,529,528,527,526,494,493,461,429,397,396,395,394,393,361,361,361,361,361,361,361,361,361,361,361,361,361,361,361,
goal:361,361,361,361,361,361,361,361,361,361,361,361,361,361,361,361,361,361,361,361,361,361,361,361,361,361,361,361,361,361,361,361,361,361,361,361,361,361,
size:23
[agent] id:21
path:357,356,355,323,322,290,258,257,225,193,161,162,162,162,162,162,162,162,162,162,162,162,162,162,162,162,162,162,162,162,162,162,162,162,162,162,162,162,
goal:162,162,162,162,162,162,162,162,162,162,162,162,162,162,162,162,162,162,162,162,162,162,162,162,162,162,162,162,162,162,162,162,162,162,162,162,162,162,
size:11
[agent] id:22
path:297,296,264,263,231,199,200,201,202,203,204,205,206,207,239,240,241,209,210,211,212,212,212,212,212,212,212,212,212,212,212,212,212,212,212,212,212,212,
goal:212,212,212,212,212,212,212,212,212,212,212,212,212,212,212,212,212,212,212,212,212,212,212,212,212,212,212,212,212,212,212,212,212,212,212,212,212,212,
size:20
[agent] id:23
path:364,396,428,427,427,427,427,427,427,427,427,427,427,427,427,427,427,427,427,427,427,427,427,427,427,427,427,427,427,427,427,427,427,427,427,427,427,427,
goal:427,427,427,427,427,427,427,427,427,427,427,427,427,427,427,427,427,427,427,427,427,427,427,427,427,427,427,427,427,427,427,427,427,427,427,427,427,427,
size:3
[agent] id:24
path:867,835,836,837,838,839,840,841,842,874,875,876,877,878,879,880,881,882,883,884,885,886,918,919,920,952,953,985,986,987,955,956,957,958,959,959,959,959,
goal:959,959,959,959,959,959,959,959,959,959,959,959,959,959,959,959,959,959,959,959,959,959,959,959,959,959,959,959,959,959,959,959,959,959,959,959,959,959,
size:34
[agent] id:25
path:106,138,139,171,203,235,236,268,300,301,302,303,304,305,306,307,308,309,341,373,374,375,376,377,377,377,377,377,377,377,377,377,377,377,377,377,377,377,
goal:377,377,377,377,377,377,377,377,377,377,377,377,377,377,377,377,377,377,377,377,377,377,377,377,377,377,377,377,377,377,377,377,377,377,377,377,377,377,
size:23
[agent] id:26
path:300,332,364,396,395,394,393,392,424,423,422,421,421,421,421,421,421,421,421,421,421,421,421,421,421,421,421,421,421,421,421,421,421,421,421,421,421,421,
goal:421,421,421,421,421,421,421,421,421,421,421,421,421,421,421,421,421,421,421,421,421,421,421,421,421,421,421,421,421,421,421,421,421,421,421,421,421,421,
size:11
[agent] id:27
path:38,70,71,103,135,167,199,200,201,202,203,204,205,206,207,239,271,303,304,336,368,400,432,464,464,464,464,464,464,464,464,464,464,464,464,464,464,464,
goal:464,464,464,464,464,464,464,464,464,464,464,464,464,464,464,464,464,464,464,464,464,464,464,464,464,464,464,464,464,464,464,464,464,464,464,464,464,464,
size:23
[agent] id:28
path:447,446,478,477,509,508,540,539,571,603,635,667,699,731,730,762,794,793,825,824,823,823,823,823,823,823,823,823,823,823,823,823,823,823,823,823,823,823,
goal:823,823,823,823,823,823,823,823,823,823,823,823,823,823,823,823,823,823,823,823,823,823,823,823,823,823,823,823,823,823,823,823,823,823,823,823,823,823,
size:20
[agent] id:29
path:965,933,901,869,837,805,773,741,709,677,645,613,614,582,550,551,552,553,554,522,490,458,426,394,395,396,364,332,300,301,302,303,304,305,306,307,308,276,
goal:276,276,276,276,276,276,276,276,276,276,276,276,276,276,276,276,276,276,276,276,276,276,276,276,276,276,276,276,276,276,276,276,276,276,276,276,276,276,
size:37
SolutionCost:597
