[setting] seed:8353
[solver] type:SASB-ECBS
[solver] w:2.000000
[solver] ID:0
[solver] Lowlevelnode:3312
[solver] Highlevelnode:17
[solver] ConflictCount:9
[solver] solved:1
[solver] elapsed:27
[solver] makespan:50
[problem] timesteplimit:15000
[problem] type:MAPF
[problem] agentnum:30
[graph] width:32
[graph] height:32
[graph] filename:./map/32by32_agents10_ex30.map
[task] id:25,start:0,end:0,service time:0,nodes:490,
[task] id:9,start:0,end:0,service time:0,nodes:722,
[task] id:29,start:0,end:0,service time:0,nodes:83,
[task] id:7,start:0,end:0,service time:0,nodes:377,
[task] id:17,start:0,end:0,service time:0,nodes:211,
[task] id:24,start:0,end:0,service time:0,nodes:521,
[task] id:21,start:0,end:0,service time:0,nodes:538,
[task] id:3,start:0,end:0,service time:0,nodes:850,
[task] id:8,start:0,end:0,service time:0,nodes:861,
[task] id:1,start:0,end:0,service time:0,nodes:402,
[task] id:28,start:0,end:0,service time:0,nodes:276,
[task] id:14,start:0,end:0,service time:0,nodes:654,
[task] id:22,start:0,end:0,service time:0,nodes:646,
[task] id:0,start:0,end:0,service time:0,nodes:104,
[task] id:10,start:0,end:0,service time:0,nodes:606,
[task] id:19,start:0,end:0,service time:0,nodes:691,
[task] id:15,start:0,end:0,service time:0,nodes:203,
[task] id:12,start:0,end:0,service time:0,nodes:23,
[task] id:26,start:0,end:0,service time:0,nodes:1006,
[task] id:16,start:0,end:0,service time:0,nodes:281,
[task] id:6,start:0,end:0,service time:0,nodes:39,
[task] id:5,start:0,end:0,service time:0,nodes:48,
[task] id:18,start:0,end:0,service time:0,nodes:636,
[task] id:2,start:0,end:0,service time:0,nodes:90,
[task] id:4,start:0,end:0,service time:0,nodes:963,
[task] id:20,start:0,end:0,service time:0,nodes:576,
[task] id:13,start:0,end:0,service time:0,nodes:982,
[task] id:23,start:0,end:0,service time:0,nodes:953,
[task] id:11,start:0,end:0,service time:0,nodes:52,
[task] id:27,start:0,end:0,service time:0,nodes:703,
[agent] id:0
path:89,57,56,55,54,53,52,51,50,82,114,146,145,144,143,142,174,173,172,140,139,107,106,105,104,104,104,104,104,104,104,104,104,104,104,104,104,104,104,104,104,104,104,104,104,104,104,104,104,104,104,
goal:104,104,104,104,104,104,104,104,104,104,104,104,104,104,104,104,104,104,104,104,104,104,104,104,104,104,104,104,104,104,104,104,104,104,104,104,104,104,104,104,104,104,104,104,104,104,104,104,104,104,104,
size:24
[agent] id:1
path:604,603,571,539,538,537,536,535,534,533,501,469,437,436,435,403,402,402,402,402,402,402,402,402,402,402,402,402,402,402,402,402,402,402,402,402,402,402,402,402,402,402,402,402,402,402,402,402,402,402,402,
goal:402,402,402,402,402,402,402,402,402,402,402,402,402,402,402,402,402,402,402,402,402,402,402,402,402,402,402,402,402,402,402,402,402,402,402,402,402,402,402,402,402,402,402,402,402,402,402,402,402,402,402,
size:16
[agent] id:2
path:518,486,454,422,423,391,392,393,394,395,396,364,332,300,301,302,303,304,305,306,307,308,309,277,245,213,181,182,150,151,119,87,88,89,90,90,90,90,90,90,90,90,90,90,90,90,90,90,90,90,90,
goal:90,90,90,90,90,90,90,90,90,90,90,90,90,90,90,90,90,90,90,90,90,90,90,90,90,90,90,90,90,90,90,90,90,90,90,90,90,90,90,90,90,90,90,90,90,90,90,90,90,90,90,
size:34
[agent] id:3
path:623,655,687,688,720,752,753,785,786,818,850,850,850,850,850,850,850,850,850,850,850,850,850,850,850,850,850,850,850,850,850,850,850,850,850,850,850,850,850,850,850,850,850,850,850,850,850,850,850,850,850,
goal:850,850,850,850,850,850,850,850,850,850,850,850,850,850,850,850,850,850,850,850,850,850,850,850,850,850,850,850,850,850,850,850,850,850,850,850,850,850,850,850,850,850,850,850,850,850,850,850,850,850,850,
size:10
[agent] id:4
path:99,67,68,69,101,133,165,197,229,261,293,294,326,358,390,422,454,486,518,550,582,614,646,678,710,742,774,806,838,870,902,934,966,965,964,963,963,963,963,963,963,963,963,963,963,963,963,963,963,963,963,
goal:963,963,963,963,963,963,963,963,963,963,963,963,963,963,963,963,963,963,963,963,963,963,963,963,963,963,963,963,963,963,963,963,963,963,963,963,963,963,963,963,963,963,963,963,963,963,963,963,963,963,963,
size:35
[agent] id:5
path:908,876,844,845,846,814,782,750,718,686,654,622,590,558,526,527,528,529,497,465,433,401,369,337,305,273,241,209,177,145,113,81,49,48,48,48,48,48,48,48,48,48,48,48,48,48,48,48,48,48,48,
goal:48,48,48,48,48,48,48,48,48,48,48,48,48,48,48,48,48,48,48,48,48,48,48,48,48,48,48,48,48,48,48,48,48,48,48,48,48,48,48,48,48,48,48,48,48,48,48,48,48,48,48,
size:33
[agent] id:6
path:567,535,534,533,501,469,437,405,373,341,309,308,307,306,274,242,241,240,239,207,206,174,173,172,140,139,107,75,74,42,41,40,39,39,39,39,39,39,39,39,39,39,39,39,39,39,39,39,39,39,39,
goal:39,39,39,39,39,39,39,39,39,39,39,39,39,39,39,39,39,39,39,39,39,39,39,39,39,39,39,39,39,39,39,39,39,39,39,39,39,39,39,39,39,39,39,39,39,39,39,39,39,39,39,
size:32
[agent] id:7
path:184,216,248,280,312,344,376,377,377,377,377,377,377,377,377,377,377,377,377,377,377,377,377,377,377,377,377,377,377,377,377,377,377,377,377,377,377,377,377,377,377,377,377,377,377,377,377,377,377,377,377,
goal:377,377,377,377,377,377,377,377,377,377,377,377,377,377,377,377,377,377,377,377,377,377,377,377,377,377,377,377,377,377,377,377,377,377,377,377,377,377,377,377,377,377,377,377,377,377,377,377,377,377,377,
size:7
[agent] id:8
path:600,632,664,696,728,760,792,824,825,857,858,859,860,861,861,861,861,861,861,861,861,861,861,861,861,861,861,861,861,861,861,861,861,861,861,861,861,861,861,861,861,861,861,861,861,861,861,861,861,861,861,
goal:861,861,861,861,861,861,861,861,861,861,861,861,861,861,861,861,861,861,861,861,861,861,861,861,861,861,861,861,861,861,861,861,861,861,861,861,861,861,861,861,861,861,861,861,861,861,861,861,861,861,861,
size:13
[agent] id:9
path:692,724,723,722,722,722,722,722,722,722,722,722,722,722,722,722,722,722,722,722,722,722,722,722,722,722,722,722,722,722,722,722,722,722,722,722,722,722,722,722,722,722,722,722,722,722,722,722,722,722,722,
goal:722,722,722,722,722,722,722,722,722,722,722,722,722,722,722,722,722,722,722,722,722,722,722,722,722,722,722,722,722,722,722,722,722,722,722,722,722,722,722,722,722,722,722,722,722,722,722,722,722,722,722,
size:3
[agent] id:10
path:553,554,555,556,557,558,559,560,561,562,563,564,596,597,598,599,600,632,633,634,602,603,604,605,606,606,606,606,606,606,606,606,606,606,606,606,606,606,606,606,606,606,606,606,606,606,606,606,606,606,606,
goal:606,606,606,606,606,606,606,606,606,606,606,606,606,606,606,606,606,606,606,606,606,606,606,606,606,606,606,606,606,606,606,606,606,606,606,606,606,606,606,606,606,606,606,606,606,606,606,606,606,606,606,
size:24
[agent] id:11
path:953,921,920,888,887,855,823,791,759,727,695,663,631,599,567,566,565,564,563,531,499,467,435,434,433,401,369,337,305,273,241,209,177,145,113,81,49,50,51,52,52,52,52,52,52,52,52,52,52,52,52,
goal:52,52,52,52,52,52,52,52,52,52,52,52,52,52,52,52,52,52,52,52,52,52,52,52,52,52,52,52,52,52,52,52,52,52,52,52,52,52,52,52,52,52,52,52,52,52,52,52,52,52,52,
size:39
[agent] id:12
path:687,688,656,657,658,626,594,562,530,498,466,467,468,469,437,405,373,341,309,277,245,213,181,182,150,151,119,87,55,23,23,23,23,23,23,23,23,23,23,23,23,23,23,23,23,23,23,23,23,23,23,
goal:23,23,23,23,23,23,23,23,23,23,23,23,23,23,23,23,23,23,23,23,23,23,23,23,23,23,23,23,23,23,23,23,23,23,23,23,23,23,23,23,23,23,23,23,23,23,23,23,23,23,23,
size:29
[agent] id:13
path:262,294,326,358,390,422,454,486,518,550,582,614,646,678,710,742,774,806,838,839,840,841,842,874,875,876,877,878,879,880,881,882,883,884,885,886,918,950,982,982,982,982,982,982,982,982,982,982,982,982,982,
goal:982,982,982,982,982,982,982,982,982,982,982,982,982,982,982,982,982,982,982,982,982,982,982,982,982,982,982,982,982,982,982,982,982,982,982,982,982,982,982,982,982,982,982,982,982,982,982,982,982,982,982,
size:38
[agent] id:14
path:234,235,236,268,269,270,302,303,304,336,368,400,432,464,465,497,529,561,593,592,591,623,655,654,654,654,654,654,654,654,654,654,654,654,654,654,654,654,654,654,654,654,654,654,654,654,654,654,654,654,654,
goal:654,654,654,654,654,654,654,654,654,654,654,654,654,654,654,654,654,654,654,654,654,654,654,654,654,654,654,654,654,654,654,654,654,654,654,654,654,654,654,654,654,654,654,654,654,654,654,654,654,654,654,
size:23
[agent] id:15
path:876,844,812,811,779,747,715,683,651,619,620,621,589,557,525,493,461,429,397,396,364,332,300,268,236,204,203,203,203,203,203,203,203,203,203,203,203,203,203,203,203,203,203,203,203,203,203,203,203,203,203,
goal:203,203,203,203,203,203,203,203,203,203,203,203,203,203,203,203,203,203,203,203,203,203,203,203,203,203,203,203,203,203,203,203,203,203,203,203,203,203,203,203,203,203,203,203,203,203,203,203,203,203,203,
size:26
[agent] id:16
path:860,859,858,857,825,793,793,792,760,728,696,664,632,600,599,567,535,535,534,533,501,469,437,405,373,341,309,310,311,279,280,281,281,281,281,281,281,281,281,281,281,281,281,281,281,281,281,281,281,281,281,
goal:281,281,281,281,281,281,281,281,281,281,281,281,281,281,281,281,281,281,281,281,281,281,281,281,281,281,281,281,281,281,281,281,281,281,281,281,281,281,281,281,281,281,281,281,281,281,281,281,281,281,281,
size:31
[agent] id:17
path:311,279,247,215,214,213,212,211,211,211,211,211,211,211,211,211,211,211,211,211,211,211,211,211,211,211,211,211,211,211,211,211,211,211,211,211,211,211,211,211,211,211,211,211,211,211,211,211,211,211,211,
goal:211,211,211,211,211,211,211,211,211,211,211,211,211,211,211,211,211,211,211,211,211,211,211,211,211,211,211,211,211,211,211,211,211,211,211,211,211,211,211,211,211,211,211,211,211,211,211,211,211,211,211,
size:7
[agent] id:18
path:966,934,902,870,838,806,774,742,710,678,646,647,648,649,650,651,652,653,654,655,656,657,658,626,627,628,629,630,631,632,633,634,635,636,636,636,636,636,636,636,636,636,636,636,636,636,636,636,636,636,636,
goal:636,636,636,636,636,636,636,636,636,636,636,636,636,636,636,636,636,636,636,636,636,636,636,636,636,636,636,636,636,636,636,636,636,636,636,636,636,636,636,636,636,636,636,636,636,636,636,636,636,636,636,
size:33
[agent] id:19
path:122,121,153,185,217,216,248,280,312,344,376,408,407,439,438,470,469,501,533,565,597,629,661,693,692,691,691,691,691,691,691,691,691,691,691,691,691,691,691,691,691,691,691,691,691,691,691,691,691,691,691,
goal:691,691,691,691,691,691,691,691,691,691,691,691,691,691,691,691,691,691,691,691,691,691,691,691,691,691,691,691,691,691,691,691,691,691,691,691,691,691,691,691,691,691,691,691,691,691,691,691,691,691,691,
size:25
[agent] id:20
path:764,796,795,794,762,730,698,697,696,664,663,662,661,660,659,658,657,656,655,623,622,621,620,619,618,617,616,615,614,613,612,611,579,578,577,576,576,576,576,576,576,576,576,576,576,576,576,576,576,576,576,
goal:576,576,576,576,576,576,576,576,576,576,576,576,576,576,576,576,576,576,576,576,576,576,576,576,576,576,576,576,576,576,576,576,576,576,576,576,576,576,576,576,576,576,576,576,576,576,576,576,576,576,576,
size:35
[agent] id:21
path:447,446,478,477,509,508,540,539,538,538,538,538,538,538,538,538,538,538,538,538,538,538,538,538,538,538,538,538,538,538,538,538,538,538,538,538,538,538,538,538,538,538,538,538,538,538,538,538,538,538,538,
goal:538,538,538,538,538,538,538,538,538,538,538,538,538,538,538,538,538,538,538,538,538,538,538,538,538,538,538,538,538,538,538,538,538,538,538,538,538,538,538,538,538,538,538,538,538,538,538,538,538,538,538,
size:8
[agent] id:22
path:207,206,205,204,203,202,201,200,199,231,263,262,294,326,358,390,422,454,486,518,550,582,614,646,646,646,646,646,646,646,646,646,646,646,646,646,646,646,646,646,646,646,646,646,646,646,646,646,646,646,646,
goal:646,646,646,646,646,646,646,646,646,646,646,646,646,646,646,646,646,646,646,646,646,646,646,646,646,646,646,646,646,646,646,646,646,646,646,646,646,646,646,646,646,646,646,646,646,646,646,646,646,646,646,
size:23
[agent] id:23
path:61,93,92,91,123,155,187,219,218,217,216,248,280,312,344,376,408,409,441,473,472,504,536,535,567,599,631,663,695,727,759,791,823,855,887,919,920,952,953,953,953,953,953,953,953,953,953,953,953,953,953,
goal:953,953,953,953,953,953,953,953,953,953,953,953,953,953,953,953,953,953,953,953,953,953,953,953,953,953,953,953,953,953,953,953,953,953,953,953,953,953,953,953,953,953,953,953,953,953,953,953,953,953,953,
size:38
[agent] id:24
path:712,680,648,616,584,552,520,521,521,521,521,521,521,521,521,521,521,521,521,521,521,521,521,521,521,521,521,521,521,521,521,521,521,521,521,521,521,521,521,521,521,521,521,521,521,521,521,521,521,521,521,
goal:521,521,521,521,521,521,521,521,521,521,521,521,521,521,521,521,521,521,521,521,521,521,521,521,521,521,521,521,521,521,521,521,521,521,521,521,521,521,521,521,521,521,521,521,521,521,521,521,521,521,521,
size:7
[agent] id:25
path:459,458,490,490,490,490,490,490,490,490,490,490,490,490,490,490,490,490,490,490,490,490,490,490,490,490,490,490,490,490,490,490,490,490,490,490,490,490,490,490,490,490,490,490,490,490,490,490,490,490,490,
goal:490,490,490,490,490,490,490,490,490,490,490,490,490,490,490,490,490,490,490,490,490,490,490,490,490,490,490,490,490,490,490,490,490,490,490,490,490,490,490,490,490,490,490,490,490,490,490,490,490,490,490,
size:2
[agent] id:26
path:209,241,273,305,337,369,401,433,465,497,529,561,593,592,591,623,655,687,686,718,750,782,814,846,878,877,909,941,973,1005,1006,1006,1006,1006,1006,1006,1006,1006,1006,1006,1006,1006,1006,1006,1006,1006,1006,1006,1006,1006,1006,
goal:1006,1006,1006,1006,1006,1006,1006,1006,1006,1006,1006,1006,1006,1006,1006,1006,1006,1006,1006,1006,1006,1006,1006,1006,1006,1006,1006,1006,1006,1006,1006,1006,1006,1006,1006,1006,1006,1006,1006,1006,1006,1006,1006,1006,1006,1006,1006,1006,1006,1006,1006,
size:30
[agent] id:27
path:33,65,66,67,68,69,101,133,165,197,229,261,293,294,326,358,390,422,454,486,518,550,551,552,553,554,555,556,557,589,621,622,623,655,656,657,658,659,660,661,662,663,695,696,697,698,699,700,701,702,703,
goal:703,703,703,703,703,703,703,703,703,703,703,703,703,703,703,703,703,703,703,703,703,703,703,703,703,703,703,703,703,703,703,703,703,703,703,703,703,703,703,703,703,703,703,703,703,703,703,703,703,703,703,
size:50
[agent] id:28
path:456,424,392,393,394,395,396,364,332,300,301,302,303,304,305,306,307,308,276,276,276,276,276,276,276,276,276,276,276,276,276,276,276,276,276,276,276,276,276,276,276,276,276,276,276,276,276,276,276,276,276,
goal:276,276,276,276,276,276,276,276,276,276,276,276,276,276,276,276,276,276,276,276,276,276,276,276,276,276,276,276,276,276,276,276,276,276,276,276,276,276,276,276,276,276,276,276,276,276,276,276,276,276,276,
size:18
[agent] id:29
path:211,210,178,146,114,82,83,83,83,83,83,83,83,83,83,83,83,83,83,83,83,83,83,83,83,83,83,83,83,83,83,83,83,83,83,83,83,83,83,83,83,83,83,83,83,83,83,83,83,83,83,
goal:83,83,83,83,83,83,83,83,83,83,83,83,83,83,83,83,83,83,83,83,83,83,83,83,83,83,83,83,83,83,83,83,83,83,83,83,83,83,83,83,83,83,83,83,83,83,83,83,83,83,83,
size:6
SolutionCost:699
