[setting] seed:21722
[solver] type:SASB-ECBS
[solver] w:2.000000
[solver] ID:0
[solver] Lowlevelnode:7942
[solver] Highlevelnode:25
[solver] ConflictCount:13
[solver] solved:1
[solver] elapsed:42
[solver] makespan:50
[problem] timesteplimit:15000
[problem] type:MAPF
[problem] agentnum:30
[graph] width:32
[graph] height:32
[graph] filename:./map/32by32_agents10_ex30.map
[task] id:12,start:0,end:0,service time:0,nodes:904,
[task] id:10,start:0,end:0,service time:0,nodes:521,
[task] id:8,start:0,end:0,service time:0,nodes:647,
[task] id:13,start:0,end:0,service time:0,nodes:336,
[task] id:3,start:0,end:0,service time:0,nodes:235,
[task] id:11,start:0,end:0,service time:0,nodes:144,
[task] id:7,start:0,end:0,service time:0,nodes:989,
[task] id:4,start:0,end:0,service time:0,nodes:755,
[task] id:20,start:0,end:0,service time:0,nodes:205,
[task] id:23,start:0,end:0,service time:0,nodes:941,
[task] id:0,start:0,end:0,service time:0,nodes:133,
[task] id:28,start:0,end:0,service time:0,nodes:381,
[task] id:2,start:0,end:0,service time:0,nodes:294,
[task] id:25,start:0,end:0,service time:0,nodes:30,
[task] id:24,start:0,end:0,service time:0,nodes:683,
[task] id:14,start:0,end:0,service time:0,nodes:633,
[task] id:21,start:0,end:0,service time:0,nodes:747,
[task] id:9,start:0,end:0,service time:0,nodes:166,
[task] id:16,start:0,end:0,service time:0,nodes:867,
[task] id:5,start:0,end:0,service time:0,nodes:560,
[task] id:26,start:0,end:0,service time:0,nodes:1012,
[task] id:15,start:0,end:0,service time:0,nodes:107,
[task] id:27,start:0,end:0,service time:0,nodes:879,
[task] id:17,start:0,end:0,service time:0,nodes:486,
[task] id:18,start:0,end:0,service time:0,nodes:644,
[task] id:6,start:0,end:0,service time:0,nodes:484,
[task] id:19,start:0,end:0,service time:0,nodes:929,
[task] id:22,start:0,end:0,service time:0,nodes:861,
[task] id:29,start:0,end:0,service time:0,nodes:62,
[task] id:1,start:0,end:0,service time:0,nodes:958,
[agent] id:0
path:480,448,416,384,352,320,288,256,257,258,259,227,228,196,197,165,133,133,133,133,133,133,133,133,133,133,133,133,133,133,133,133,133,133,133,133,133,133,133,133,133,133,133,133,133,133,133,133,133,133,133,
goal:133,133,133,133,133,133,133,133,133,133,133,133,133,133,133,133,133,133,133,133,133,133,133,133,133,133,133,133,133,133,133,133,133,133,133,133,133,133,133,133,133,133,133,133,133,133,133,133,133,133,133,
size:16
[agent] id:1
path:297,296,264,264,263,262,294,326,358,390,422,423,424,456,457,458,459,460,461,493,525,557,589,621,653,685,686,687,688,720,721,722,723,724,725,757,758,759,791,823,824,825,857,858,859,860,892,924,956,957,958,
goal:958,958,958,958,958,958,958,958,958,958,958,958,958,958,958,958,958,958,958,958,958,958,958,958,958,958,958,958,958,958,958,958,958,958,958,958,958,958,958,958,958,958,958,958,958,958,958,958,958,958,958,
size:50
[agent] id:2
path:806,774,742,710,678,646,614,582,583,551,519,487,486,454,422,390,358,326,294,294,294,294,294,294,294,294,294,294,294,294,294,294,294,294,294,294,294,294,294,294,294,294,294,294,294,294,294,294,294,294,294,
goal:294,294,294,294,294,294,294,294,294,294,294,294,294,294,294,294,294,294,294,294,294,294,294,294,294,294,294,294,294,294,294,294,294,294,294,294,294,294,294,294,294,294,294,294,294,294,294,294,294,294,294,
size:18
[agent] id:3
path:274,242,241,240,239,207,206,205,204,236,235,235,235,235,235,235,235,235,235,235,235,235,235,235,235,235,235,235,235,235,235,235,235,235,235,235,235,235,235,235,235,235,235,235,235,235,235,235,235,235,235,
goal:235,235,235,235,235,235,235,235,235,235,235,235,235,235,235,235,235,235,235,235,235,235,235,235,235,235,235,235,235,235,235,235,235,235,235,235,235,235,235,235,235,235,235,235,235,235,235,235,235,235,235,
size:10
[agent] id:4
path:537,536,535,567,599,631,663,695,727,726,725,724,723,755,755,755,755,755,755,755,755,755,755,755,755,755,755,755,755,755,755,755,755,755,755,755,755,755,755,755,755,755,755,755,755,755,755,755,755,755,755,
goal:755,755,755,755,755,755,755,755,755,755,755,755,755,755,755,755,755,755,755,755,755,755,755,755,755,755,755,755,755,755,755,755,755,755,755,755,755,755,755,755,755,755,755,755,755,755,755,755,755,755,755,
size:13
[agent] id:5
path:11,10,42,74,106,138,139,171,203,204,204,236,268,300,299,331,332,364,396,428,460,461,493,525,557,558,559,560,560,560,560,560,560,560,560,560,560,560,560,560,560,560,560,560,560,560,560,560,560,560,560,
goal:560,560,560,560,560,560,560,560,560,560,560,560,560,560,560,560,560,560,560,560,560,560,560,560,560,560,560,560,560,560,560,560,560,560,560,560,560,560,560,560,560,560,560,560,560,560,560,560,560,560,560,
size:27
[agent] id:6
path:477,509,508,540,539,538,537,536,535,567,566,565,564,563,562,561,560,559,558,557,556,555,554,553,552,520,519,487,486,485,484,484,484,484,484,484,484,484,484,484,484,484,484,484,484,484,484,484,484,484,484,
goal:484,484,484,484,484,484,484,484,484,484,484,484,484,484,484,484,484,484,484,484,484,484,484,484,484,484,484,484,484,484,484,484,484,484,484,484,484,484,484,484,484,484,484,484,484,484,484,484,484,484,484,
size:30
[agent] id:7
path:760,792,824,825,857,858,859,860,892,924,956,988,989,989,989,989,989,989,989,989,989,989,989,989,989,989,989,989,989,989,989,989,989,989,989,989,989,989,989,989,989,989,989,989,989,989,989,989,989,989,989,
goal:989,989,989,989,989,989,989,989,989,989,989,989,989,989,989,989,989,989,989,989,989,989,989,989,989,989,989,989,989,989,989,989,989,989,989,989,989,989,989,989,989,989,989,989,989,989,989,989,989,989,989,
size:12
[agent] id:8
path:811,779,747,715,683,651,650,649,648,647,647,647,647,647,647,647,647,647,647,647,647,647,647,647,647,647,647,647,647,647,647,647,647,647,647,647,647,647,647,647,647,647,647,647,647,647,647,647,647,647,647,
goal:647,647,647,647,647,647,647,647,647,647,647,647,647,647,647,647,647,647,647,647,647,647,647,647,647,647,647,647,647,647,647,647,647,647,647,647,647,647,647,647,647,647,647,647,647,647,647,647,647,647,647,
size:9
[agent] id:9
path:717,685,653,621,589,557,525,493,461,429,397,396,364,332,300,268,236,204,203,202,201,169,168,167,166,166,166,166,166,166,166,166,166,166,166,166,166,166,166,166,166,166,166,166,166,166,166,166,166,166,166,
goal:166,166,166,166,166,166,166,166,166,166,166,166,166,166,166,166,166,166,166,166,166,166,166,166,166,166,166,166,166,166,166,166,166,166,166,166,166,166,166,166,166,166,166,166,166,166,166,166,166,166,166,
size:24
[agent] id:10
path:420,452,484,516,517,518,519,520,521,521,521,521,521,521,521,521,521,521,521,521,521,521,521,521,521,521,521,521,521,521,521,521,521,521,521,521,521,521,521,521,521,521,521,521,521,521,521,521,521,521,521,
goal:521,521,521,521,521,521,521,521,521,521,521,521,521,521,521,521,521,521,521,521,521,521,521,521,521,521,521,521,521,521,521,521,521,521,521,521,521,521,521,521,521,521,521,521,521,521,521,521,521,521,521,
size:8
[agent] id:11
path:73,105,137,138,139,140,172,173,174,142,143,144,144,144,144,144,144,144,144,144,144,144,144,144,144,144,144,144,144,144,144,144,144,144,144,144,144,144,144,144,144,144,144,144,144,144,144,144,144,144,144,
goal:144,144,144,144,144,144,144,144,144,144,144,144,144,144,144,144,144,144,144,144,144,144,144,144,144,144,144,144,144,144,144,144,144,144,144,144,144,144,144,144,144,144,144,144,144,144,144,144,144,144,144,
size:11
[agent] id:12
path:964,965,933,934,935,936,904,904,904,904,904,904,904,904,904,904,904,904,904,904,904,904,904,904,904,904,904,904,904,904,904,904,904,904,904,904,904,904,904,904,904,904,904,904,904,904,904,904,904,904,904,
goal:904,904,904,904,904,904,904,904,904,904,904,904,904,904,904,904,904,904,904,904,904,904,904,904,904,904,904,904,904,904,904,904,904,904,904,904,904,904,904,904,904,904,904,904,904,904,904,904,904,904,904,
size:6
[agent] id:13
path:114,146,178,210,242,274,306,305,337,336,336,336,336,336,336,336,336,336,336,336,336,336,336,336,336,336,336,336,336,336,336,336,336,336,336,336,336,336,336,336,336,336,336,336,336,336,336,336,336,336,336,
goal:336,336,336,336,336,336,336,336,336,336,336,336,336,336,336,336,336,336,336,336,336,336,336,336,336,336,336,336,336,336,336,336,336,336,336,336,336,336,336,336,336,336,336,336,336,336,336,336,336,336,336,
size:9
[agent] id:14
path:743,711,712,713,714,715,716,717,685,686,687,688,689,690,691,659,627,628,629,630,631,632,633,633,633,633,633,633,633,633,633,633,633,633,633,633,633,633,633,633,633,633,633,633,633,633,633,633,633,633,633,
goal:633,633,633,633,633,633,633,633,633,633,633,633,633,633,633,633,633,633,633,633,633,633,633,633,633,633,633,633,633,633,633,633,633,633,633,633,633,633,633,633,633,633,633,633,633,633,633,633,633,633,633,
size:22
[agent] id:15
path:538,537,536,535,534,533,501,469,437,405,373,341,309,308,307,306,274,242,241,240,239,207,206,174,173,172,140,139,107,107,107,107,107,107,107,107,107,107,107,107,107,107,107,107,107,107,107,107,107,107,107,
goal:107,107,107,107,107,107,107,107,107,107,107,107,107,107,107,107,107,107,107,107,107,107,107,107,107,107,107,107,107,107,107,107,107,107,107,107,107,107,107,107,107,107,107,107,107,107,107,107,107,107,107,
size:28
[agent] id:16
path:167,199,231,263,262,294,326,358,390,422,454,486,518,550,582,614,646,678,710,742,774,806,838,837,836,835,867,867,867,867,867,867,867,867,867,867,867,867,867,867,867,867,867,867,867,867,867,867,867,867,867,
goal:867,867,867,867,867,867,867,867,867,867,867,867,867,867,867,867,867,867,867,867,867,867,867,867,867,867,867,867,867,867,867,867,867,867,867,867,867,867,867,867,867,867,867,867,867,867,867,867,867,867,867,
size:26
[agent] id:17
path:182,214,213,245,277,309,308,307,306,305,304,303,302,301,301,301,300,332,364,396,395,394,393,392,424,423,422,454,454,486,486,486,486,486,486,486,486,486,486,486,486,486,486,486,486,486,486,486,486,486,486,
goal:486,486,486,486,486,486,486,486,486,486,486,486,486,486,486,486,486,486,486,486,486,486,486,486,486,486,486,486,486,486,486,486,486,486,486,486,486,486,486,486,486,486,486,486,486,486,486,486,486,486,486,
size:29
[agent] id:18
path:473,472,504,536,535,567,599,631,663,662,661,660,659,658,657,656,655,654,653,652,651,650,649,648,680,679,678,646,645,644,644,644,644,644,644,644,644,644,644,644,644,644,644,644,644,644,644,644,644,644,644,
goal:644,644,644,644,644,644,644,644,644,644,644,644,644,644,644,644,644,644,644,644,644,644,644,644,644,644,644,644,644,644,644,644,644,644,644,644,644,644,644,644,644,644,644,644,644,644,644,644,644,644,644,
size:29
[agent] id:19
path:269,301,300,332,364,396,428,460,459,458,490,522,554,553,552,584,616,648,680,712,744,776,808,840,872,871,870,902,901,900,899,931,930,929,929,929,929,929,929,929,929,929,929,929,929,929,929,929,929,929,929,
goal:929,929,929,929,929,929,929,929,929,929,929,929,929,929,929,929,929,929,929,929,929,929,929,929,929,929,929,929,929,929,929,929,929,929,929,929,929,929,929,929,929,929,929,929,929,929,929,929,929,929,929,
size:33
[agent] id:20
path:258,259,227,228,229,230,231,199,200,201,202,203,204,205,205,205,205,205,205,205,205,205,205,205,205,205,205,205,205,205,205,205,205,205,205,205,205,205,205,205,205,205,205,205,205,205,205,205,205,205,205,
goal:205,205,205,205,205,205,205,205,205,205,205,205,205,205,205,205,205,205,205,205,205,205,205,205,205,205,205,205,205,205,205,205,205,205,205,205,205,205,205,205,205,205,205,205,205,205,205,205,205,205,205,
size:13
[agent] id:21
path:384,416,417,449,450,482,514,515,547,579,611,643,644,676,708,709,710,711,712,713,714,715,747,747,747,747,747,747,747,747,747,747,747,747,747,747,747,747,747,747,747,747,747,747,747,747,747,747,747,747,747,
goal:747,747,747,747,747,747,747,747,747,747,747,747,747,747,747,747,747,747,747,747,747,747,747,747,747,747,747,747,747,747,747,747,747,747,747,747,747,747,747,747,747,747,747,747,747,747,747,747,747,747,747,
size:22
[agent] id:22
path:326,358,390,422,454,486,518,550,582,614,615,616,648,649,650,651,652,653,685,686,687,688,720,721,722,723,724,725,757,758,759,791,823,824,825,857,858,859,860,861,861,861,861,861,861,861,861,861,861,861,861,
goal:861,861,861,861,861,861,861,861,861,861,861,861,861,861,861,861,861,861,861,861,861,861,861,861,861,861,861,861,861,861,861,861,861,861,861,861,861,861,861,861,861,861,861,861,861,861,861,861,861,861,861,
size:39
[agent] id:23
path:802,803,835,867,899,900,901,933,934,935,936,937,938,939,940,941,941,941,941,941,941,941,941,941,941,941,941,941,941,941,941,941,941,941,941,941,941,941,941,941,941,941,941,941,941,941,941,941,941,941,941,
goal:941,941,941,941,941,941,941,941,941,941,941,941,941,941,941,941,941,941,941,941,941,941,941,941,941,941,941,941,941,941,941,941,941,941,941,941,941,941,941,941,941,941,941,941,941,941,941,941,941,941,941,
size:15
[agent] id:24
path:261,293,294,326,358,390,422,454,486,518,550,582,614,646,678,679,680,681,682,683,683,683,683,683,683,683,683,683,683,683,683,683,683,683,683,683,683,683,683,683,683,683,683,683,683,683,683,683,683,683,683,
goal:683,683,683,683,683,683,683,683,683,683,683,683,683,683,683,683,683,683,683,683,683,683,683,683,683,683,683,683,683,683,683,683,683,683,683,683,683,683,683,683,683,683,683,683,683,683,683,683,683,683,683,
size:19
[agent] id:25
path:177,145,113,81,49,17,18,19,20,21,22,23,24,25,26,27,28,29,30,30,30,30,30,30,30,30,30,30,30,30,30,30,30,30,30,30,30,30,30,30,30,30,30,30,30,30,30,30,30,30,30,
goal:30,30,30,30,30,30,30,30,30,30,30,30,30,30,30,30,30,30,30,30,30,30,30,30,30,30,30,30,30,30,30,30,30,30,30,30,30,30,30,30,30,30,30,30,30,30,30,30,30,30,30,
size:18
[agent] id:26
path:407,439,438,470,469,501,500,499,531,563,562,594,626,626,658,690,722,754,786,818,850,882,914,946,978,979,980,1012,1012,1012,1012,1012,1012,1012,1012,1012,1012,1012,1012,1012,1012,1012,1012,1012,1012,1012,1012,1012,1012,1012,1012,
goal:1012,1012,1012,1012,1012,1012,1012,1012,1012,1012,1012,1012,1012,1012,1012,1012,1012,1012,1012,1012,1012,1012,1012,1012,1012,1012,1012,1012,1012,1012,1012,1012,1012,1012,1012,1012,1012,1012,1012,1012,1012,1012,1012,1012,1012,1012,1012,1012,1012,1012,1012,
size:27
[agent] id:27
path:138,139,171,203,235,236,268,300,332,364,396,428,460,461,493,525,557,589,621,653,685,717,749,781,782,814,846,878,879,879,879,879,879,879,879,879,879,879,879,879,879,879,879,879,879,879,879,879,879,879,879,
goal:879,879,879,879,879,879,879,879,879,879,879,879,879,879,879,879,879,879,879,879,879,879,879,879,879,879,879,879,879,879,879,879,879,879,879,879,879,879,879,879,879,879,879,879,879,879,879,879,879,879,879,
size:28
[agent] id:28
path:600,632,633,634,602,570,538,539,507,508,476,477,478,446,414,413,381,381,381,381,381,381,381,381,381,381,381,381,381,381,381,381,381,381,381,381,381,381,381,381,381,381,381,381,381,381,381,381,381,381,381,
goal:381,381,381,381,381,381,381,381,381,381,381,381,381,381,381,381,381,381,381,381,381,381,381,381,381,381,381,381,381,381,381,381,381,381,381,381,381,381,381,381,381,381,381,381,381,381,381,381,381,381,381,
size:16
[agent] id:29
path:550,551,552,553,554,555,556,524,525,526,527,528,529,497,465,433,401,369,337,305,273,241,209,210,211,212,213,181,182,150,151,119,87,88,89,90,91,92,60,61,62,62,62,62,62,62,62,62,62,62,62,
goal:62,62,62,62,62,62,62,62,62,62,62,62,62,62,62,62,62,62,62,62,62,62,62,62,62,62,62,62,62,62,62,62,62,62,62,62,62,62,62,62,62,62,62,62,62,62,62,62,62,62,62,
size:40
SolutionCost:647
