[setting] seed:16621
[solver] type:SASB-ECBS
[solver] w:2.000000
[solver] ID:0
[solver] Lowlevelnode:4353
[solver] Highlevelnode:21
[solver] ConflictCount:11
[solver] solved:1
[solver] elapsed:41
[solver] makespan:55
[problem] timesteplimit:15000
[problem] type:MAPF
[problem] agentnum:30
[graph] width:32
[graph] height:32
[graph] filename:./map/32by32_agents10_ex30.map
[task] id:19,start:0,end:0,service time:0,nodes:515,
[task] id:4,start:0,end:0,service time:0,nodes:904,
[task] id:24,start:0,end:0,service time:0,nodes:529,
[task] id:28,start:0,end:0,service time:0,nodes:17,
[task] id:21,start:0,end:0,service time:0,nodes:67,
[task] id:25,start:0,end:0,service time:0,nodes:155,
[task] id:11,start:0,end:0,service time:0,nodes:915,
[task] id:13,start:0,end:0,service time:0,nodes:143,
[task] id:18,start:0,end:0,service time:0,nodes:561,
[task] id:23,start:0,end:0,service time:0,nodes:762,
[task] id:22,start:0,end:0,service time:0,nodes:617,
[task] id:12,start:0,end:0,service time:0,nodes:677,
[task] id:0,start:0,end:0,service time:0,nodes:838,
[task] id:3,start:0,end:0,service time:0,nodes:639,
[task] id:20,start:0,end:0,service time:0,nodes:68,
[task] id:27,start:0,end:0,service time:0,nodes:281,
[task] id:29,start:0,end:0,service time:0,nodes:245,
[task] id:15,start:0,end:0,service time:0,nodes:631,
[task] id:26,start:0,end:0,service time:0,nodes:474,
[task] id:1,start:0,end:0,service time:0,nodes:930,
[task] id:7,start:0,end:0,service time:0,nodes:463,
[task] id:10,start:0,end:0,service time:0,nodes:477,
[task] id:14,start:0,end:0,service time:0,nodes:476,
[task] id:6,start:0,end:0,service time:0,nodes:507,
[task] id:5,start:0,end:0,service time:0,nodes:886,
[task] id:8,start:0,end:0,service time:0,nodes:892,
[task] id:16,start:0,end:0,service time:0,nodes:801,
[task] id:17,start:0,end:0,service time:0,nodes:54,
[task] id:2,start:0,end:0,service time:0,nodes:768,
[task] id:9,start:0,end:0,service time:0,nodes:1021,
[agent] id:0
path:450,482,514,515,547,579,611,643,644,676,708,709,741,773,805,837,838,838,838,838,838,838,838,838,838,838,838,838,838,838,838,838,838,838,838,838,838,838,838,838,838,838,838,838,838,838,838,838,838,838,838,838,838,838,838,838,
goal:838,838,838,838,838,838,838,838,838,838,838,838,838,838,838,838,838,838,838,838,838,838,838,838,838,838,838,838,838,838,838,838,838,838,838,838,838,838,838,838,838,838,838,838,838,838,838,838,838,838,838,838,838,838,838,838,
size:16
[agent] id:1
path:422,454,486,518,550,582,614,646,678,710,742,774,806,838,870,902,901,900,899,931,930,930,930,930,930,930,930,930,930,930,930,930,930,930,930,930,930,930,930,930,930,930,930,930,930,930,930,930,930,930,930,930,930,930,930,930,
goal:930,930,930,930,930,930,930,930,930,930,930,930,930,930,930,930,930,930,930,930,930,930,930,930,930,930,930,930,930,930,930,930,930,930,930,930,930,930,930,930,930,930,930,930,930,930,930,930,930,930,930,930,930,930,930,930,
size:20
[agent] id:2
path:44,12,11,10,42,74,106,138,137,169,201,200,199,231,263,262,294,326,358,390,422,454,486,518,550,582,614,646,678,710,709,708,707,739,738,737,736,768,768,768,768,768,768,768,768,768,768,768,768,768,768,768,768,768,768,768,
goal:768,768,768,768,768,768,768,768,768,768,768,768,768,768,768,768,768,768,768,768,768,768,768,768,768,768,768,768,768,768,768,768,768,768,768,768,768,768,768,768,768,768,768,768,768,768,768,768,768,768,768,768,768,768,768,768,
size:37
[agent] id:3
path:376,408,409,441,473,472,504,536,537,569,570,602,603,604,605,606,607,639,639,639,639,639,639,639,639,639,639,639,639,639,639,639,639,639,639,639,639,639,639,639,639,639,639,639,639,639,639,639,639,639,639,639,639,639,639,639,
goal:639,639,639,639,639,639,639,639,639,639,639,639,639,639,639,639,639,639,639,639,639,639,639,639,639,639,639,639,639,639,639,639,639,639,639,639,639,639,639,639,639,639,639,639,639,639,639,639,639,639,639,639,639,639,639,639,
size:17
[agent] id:4
path:941,940,939,938,937,936,904,904,904,904,904,904,904,904,904,904,904,904,904,904,904,904,904,904,904,904,904,904,904,904,904,904,904,904,904,904,904,904,904,904,904,904,904,904,904,904,904,904,904,904,904,904,904,904,904,904,
goal:904,904,904,904,904,904,904,904,904,904,904,904,904,904,904,904,904,904,904,904,904,904,904,904,904,904,904,904,904,904,904,904,904,904,904,904,904,904,904,904,904,904,904,904,904,904,904,904,904,904,904,904,904,904,904,904,
size:6
[agent] id:5
path:235,236,268,269,301,302,334,366,367,399,431,463,464,465,497,498,530,562,594,626,658,690,722,754,786,818,850,882,883,884,885,886,886,886,886,886,886,886,886,886,886,886,886,886,886,886,886,886,886,886,886,886,886,886,886,886,
goal:886,886,886,886,886,886,886,886,886,886,886,886,886,886,886,886,886,886,886,886,886,886,886,886,886,886,886,886,886,886,886,886,886,886,886,886,886,886,886,886,886,886,886,886,886,886,886,886,886,886,886,886,886,886,886,886,
size:31
[agent] id:6
path:775,743,711,679,647,648,649,650,651,652,653,654,655,656,657,658,626,627,628,596,564,565,533,534,535,536,537,538,539,507,507,507,507,507,507,507,507,507,507,507,507,507,507,507,507,507,507,507,507,507,507,507,507,507,507,507,
goal:507,507,507,507,507,507,507,507,507,507,507,507,507,507,507,507,507,507,507,507,507,507,507,507,507,507,507,507,507,507,507,507,507,507,507,507,507,507,507,507,507,507,507,507,507,507,507,507,507,507,507,507,507,507,507,507,
size:29
[agent] id:7
path:38,70,71,103,135,167,199,200,201,233,234,235,236,268,300,301,302,334,366,367,399,431,463,463,463,463,463,463,463,463,463,463,463,463,463,463,463,463,463,463,463,463,463,463,463,463,463,463,463,463,463,463,463,463,463,463,
goal:463,463,463,463,463,463,463,463,463,463,463,463,463,463,463,463,463,463,463,463,463,463,463,463,463,463,463,463,463,463,463,463,463,463,463,463,463,463,463,463,463,463,463,463,463,463,463,463,463,463,463,463,463,463,463,463,
size:22
[agent] id:8
path:965,933,901,869,837,838,839,840,841,842,843,844,845,846,847,848,816,848,849,850,851,852,853,821,822,823,824,825,857,858,859,860,892,892,892,892,892,892,892,892,892,892,892,892,892,892,892,892,892,892,892,892,892,892,892,892,
goal:892,892,892,892,892,892,892,892,892,892,892,892,892,892,892,892,892,892,892,892,892,892,892,892,892,892,892,892,892,892,892,892,892,892,892,892,892,892,892,892,892,892,892,892,892,892,892,892,892,892,892,892,892,892,892,892,
size:32
[agent] id:9
path:162,161,193,225,257,258,290,322,354,355,356,357,389,421,453,485,517,549,550,582,614,646,678,710,742,774,775,776,808,840,841,842,843,844,845,846,847,848,849,850,851,852,853,854,855,887,919,920,952,984,985,986,987,1019,1020,1021,
goal:1021,1021,1021,1021,1021,1021,1021,1021,1021,1021,1021,1021,1021,1021,1021,1021,1021,1021,1021,1021,1021,1021,1021,1021,1021,1021,1021,1021,1021,1021,1021,1021,1021,1021,1021,1021,1021,1021,1021,1021,1021,1021,1021,1021,1021,1021,1021,1021,1021,1021,1021,1021,1021,1021,1021,1021,
size:55
[agent] id:10
path:583,551,552,553,554,555,556,557,558,559,560,561,562,563,564,565,533,534,535,536,537,538,539,507,508,476,477,477,477,477,477,477,477,477,477,477,477,477,477,477,477,477,477,477,477,477,477,477,477,477,477,477,477,477,477,477,
goal:477,477,477,477,477,477,477,477,477,477,477,477,477,477,477,477,477,477,477,477,477,477,477,477,477,477,477,477,477,477,477,477,477,477,477,477,477,477,477,477,477,477,477,477,477,477,477,477,477,477,477,477,477,477,477,477,
size:26
[agent] id:11
path:658,690,722,754,786,818,850,882,914,915,915,915,915,915,915,915,915,915,915,915,915,915,915,915,915,915,915,915,915,915,915,915,915,915,915,915,915,915,915,915,915,915,915,915,915,915,915,915,915,915,915,915,915,915,915,915,
goal:915,915,915,915,915,915,915,915,915,915,915,915,915,915,915,915,915,915,915,915,915,915,915,915,915,915,915,915,915,915,915,915,915,915,915,915,915,915,915,915,915,915,915,915,915,915,915,915,915,915,915,915,915,915,915,915,
size:9
[agent] id:12
path:896,928,929,930,898,866,867,835,803,771,739,707,708,676,677,677,677,677,677,677,677,677,677,677,677,677,677,677,677,677,677,677,677,677,677,677,677,677,677,677,677,677,677,677,677,677,677,677,677,677,677,677,677,677,677,677,
goal:677,677,677,677,677,677,677,677,677,677,677,677,677,677,677,677,677,677,677,677,677,677,677,677,677,677,677,677,677,677,677,677,677,677,677,677,677,677,677,677,677,677,677,677,677,677,677,677,677,677,677,677,677,677,677,677,
size:14
[agent] id:13
path:9,10,42,74,106,138,139,171,172,173,174,142,143,143,143,143,143,143,143,143,143,143,143,143,143,143,143,143,143,143,143,143,143,143,143,143,143,143,143,143,143,143,143,143,143,143,143,143,143,143,143,143,143,143,143,143,
goal:143,143,143,143,143,143,143,143,143,143,143,143,143,143,143,143,143,143,143,143,143,143,143,143,143,143,143,143,143,143,143,143,143,143,143,143,143,143,143,143,143,143,143,143,143,143,143,143,143,143,143,143,143,143,143,143,
size:12
[agent] id:14
path:144,145,177,209,241,273,305,306,307,308,309,341,373,405,437,469,501,533,534,535,536,537,538,539,507,508,476,476,476,476,476,476,476,476,476,476,476,476,476,476,476,476,476,476,476,476,476,476,476,476,476,476,476,476,476,476,
goal:476,476,476,476,476,476,476,476,476,476,476,476,476,476,476,476,476,476,476,476,476,476,476,476,476,476,476,476,476,476,476,476,476,476,476,476,476,476,476,476,476,476,476,476,476,476,476,476,476,476,476,476,476,476,476,476,
size:26
[agent] id:15
path:120,152,184,216,248,280,312,344,376,408,409,441,473,472,504,536,535,567,599,631,631,631,631,631,631,631,631,631,631,631,631,631,631,631,631,631,631,631,631,631,631,631,631,631,631,631,631,631,631,631,631,631,631,631,631,631,
goal:631,631,631,631,631,631,631,631,631,631,631,631,631,631,631,631,631,631,631,631,631,631,631,631,631,631,631,631,631,631,631,631,631,631,631,631,631,631,631,631,631,631,631,631,631,631,631,631,631,631,631,631,631,631,631,631,
size:19
[agent] id:16
path:955,987,986,985,953,921,920,888,887,855,854,853,852,851,850,849,848,847,846,845,844,812,811,810,809,808,807,806,805,804,803,802,801,801,801,801,801,801,801,801,801,801,801,801,801,801,801,801,801,801,801,801,801,801,801,801,
goal:801,801,801,801,801,801,801,801,801,801,801,801,801,801,801,801,801,801,801,801,801,801,801,801,801,801,801,801,801,801,801,801,801,801,801,801,801,801,801,801,801,801,801,801,801,801,801,801,801,801,801,801,801,801,801,801,
size:32
[agent] id:17
path:645,613,614,582,583,551,519,520,521,489,457,458,426,394,395,396,364,332,300,268,236,204,172,173,174,142,110,78,79,80,48,49,50,51,52,53,54,54,54,54,54,54,54,54,54,54,54,54,54,54,54,54,54,54,54,54,
goal:54,54,54,54,54,54,54,54,54,54,54,54,54,54,54,54,54,54,54,54,54,54,54,54,54,54,54,54,54,54,54,54,54,54,54,54,54,54,54,54,54,54,54,54,54,54,54,54,54,54,54,54,54,54,54,54,
size:36
[agent] id:18
path:332,364,396,428,460,461,493,525,557,558,559,560,561,561,561,561,561,561,561,561,561,561,561,561,561,561,561,561,561,561,561,561,561,561,561,561,561,561,561,561,561,561,561,561,561,561,561,561,561,561,561,561,561,561,561,561,
goal:561,561,561,561,561,561,561,561,561,561,561,561,561,561,561,561,561,561,561,561,561,561,561,561,561,561,561,561,561,561,561,561,561,561,561,561,561,561,561,561,561,561,561,561,561,561,561,561,561,561,561,561,561,561,561,561,
size:12
[agent] id:19
path:454,486,518,517,516,515,515,515,515,515,515,515,515,515,515,515,515,515,515,515,515,515,515,515,515,515,515,515,515,515,515,515,515,515,515,515,515,515,515,515,515,515,515,515,515,515,515,515,515,515,515,515,515,515,515,515,
goal:515,515,515,515,515,515,515,515,515,515,515,515,515,515,515,515,515,515,515,515,515,515,515,515,515,515,515,515,515,515,515,515,515,515,515,515,515,515,515,515,515,515,515,515,515,515,515,515,515,515,515,515,515,515,515,515,
size:5
[agent] id:20
path:331,299,300,268,236,204,172,140,139,107,75,74,73,72,71,70,69,68,68,68,68,68,68,68,68,68,68,68,68,68,68,68,68,68,68,68,68,68,68,68,68,68,68,68,68,68,68,68,68,68,68,68,68,68,68,68,
goal:68,68,68,68,68,68,68,68,68,68,68,68,68,68,68,68,68,68,68,68,68,68,68,68,68,68,68,68,68,68,68,68,68,68,68,68,68,68,68,68,68,68,68,68,68,68,68,68,68,68,68,68,68,68,68,68,
size:17
[agent] id:21
path:167,135,134,133,101,69,68,67,67,67,67,67,67,67,67,67,67,67,67,67,67,67,67,67,67,67,67,67,67,67,67,67,67,67,67,67,67,67,67,67,67,67,67,67,67,67,67,67,67,67,67,67,67,67,67,67,
goal:67,67,67,67,67,67,67,67,67,67,67,67,67,67,67,67,67,67,67,67,67,67,67,67,67,67,67,67,67,67,67,67,67,67,67,67,67,67,67,67,67,67,67,67,67,67,67,67,67,67,67,67,67,67,67,67,
size:7
[agent] id:22
path:736,737,705,673,641,609,610,611,612,613,614,615,616,617,617,617,617,617,617,617,617,617,617,617,617,617,617,617,617,617,617,617,617,617,617,617,617,617,617,617,617,617,617,617,617,617,617,617,617,617,617,617,617,617,617,617,
goal:617,617,617,617,617,617,617,617,617,617,617,617,617,617,617,617,617,617,617,617,617,617,617,617,617,617,617,617,617,617,617,617,617,617,617,617,617,617,617,617,617,617,617,617,617,617,617,617,617,617,617,617,617,617,617,617,
size:13
[agent] id:23
path:987,988,956,924,892,860,859,858,857,825,793,794,762,762,762,762,762,762,762,762,762,762,762,762,762,762,762,762,762,762,762,762,762,762,762,762,762,762,762,762,762,762,762,762,762,762,762,762,762,762,762,762,762,762,762,762,
goal:762,762,762,762,762,762,762,762,762,762,762,762,762,762,762,762,762,762,762,762,762,762,762,762,762,762,762,762,762,762,762,762,762,762,762,762,762,762,762,762,762,762,762,762,762,762,762,762,762,762,762,762,762,762,762,762,
size:12
[agent] id:24
path:655,623,591,559,527,528,529,529,529,529,529,529,529,529,529,529,529,529,529,529,529,529,529,529,529,529,529,529,529,529,529,529,529,529,529,529,529,529,529,529,529,529,529,529,529,529,529,529,529,529,529,529,529,529,529,529,
goal:529,529,529,529,529,529,529,529,529,529,529,529,529,529,529,529,529,529,529,529,529,529,529,529,529,529,529,529,529,529,529,529,529,529,529,529,529,529,529,529,529,529,529,529,529,529,529,529,529,529,529,529,529,529,529,529,
size:6
[agent] id:25
path:182,183,183,184,185,186,187,155,155,155,155,155,155,155,155,155,155,155,155,155,155,155,155,155,155,155,155,155,155,155,155,155,155,155,155,155,155,155,155,155,155,155,155,155,155,155,155,155,155,155,155,155,155,155,155,155,
goal:155,155,155,155,155,155,155,155,155,155,155,155,155,155,155,155,155,155,155,155,155,155,155,155,155,155,155,155,155,155,155,155,155,155,155,155,155,155,155,155,155,155,155,155,155,155,155,155,155,155,155,155,155,155,155,155,
size:7
[agent] id:26
path:31,63,95,127,159,191,223,255,287,286,318,317,349,381,380,379,378,410,442,474,474,474,474,474,474,474,474,474,474,474,474,474,474,474,474,474,474,474,474,474,474,474,474,474,474,474,474,474,474,474,474,474,474,474,474,474,
goal:474,474,474,474,474,474,474,474,474,474,474,474,474,474,474,474,474,474,474,474,474,474,474,474,474,474,474,474,474,474,474,474,474,474,474,474,474,474,474,474,474,474,474,474,474,474,474,474,474,474,474,474,474,474,474,474,
size:19
[agent] id:27
path:560,528,529,497,465,433,401,369,337,305,306,307,308,309,310,311,279,280,281,281,281,281,281,281,281,281,281,281,281,281,281,281,281,281,281,281,281,281,281,281,281,281,281,281,281,281,281,281,281,281,281,281,281,281,281,281,
goal:281,281,281,281,281,281,281,281,281,281,281,281,281,281,281,281,281,281,281,281,281,281,281,281,281,281,281,281,281,281,281,281,281,281,281,281,281,281,281,281,281,281,281,281,281,281,281,281,281,281,281,281,281,281,281,281,
size:18
[agent] id:28
path:176,144,112,80,48,49,17,17,17,17,17,17,17,17,17,17,17,17,17,17,17,17,17,17,17,17,17,17,17,17,17,17,17,17,17,17,17,17,17,17,17,17,17,17,17,17,17,17,17,17,17,17,17,17,17,17,
goal:17,17,17,17,17,17,17,17,17,17,17,17,17,17,17,17,17,17,17,17,17,17,17,17,17,17,17,17,17,17,17,17,17,17,17,17,17,17,17,17,17,17,17,17,17,17,17,17,17,17,17,17,17,17,17,17,
size:6
[agent] id:29
path:623,591,559,527,528,529,497,465,433,401,369,337,305,306,307,308,276,277,245,245,245,245,245,245,245,245,245,245,245,245,245,245,245,245,245,245,245,245,245,245,245,245,245,245,245,245,245,245,245,245,245,245,245,245,245,245,
goal:245,245,245,245,245,245,245,245,245,245,245,245,245,245,245,245,245,245,245,245,245,245,245,245,245,245,245,245,245,245,245,245,245,245,245,245,245,245,245,245,245,245,245,245,245,245,245,245,245,245,245,245,245,245,245,245,
size:18
SolutionCost:579
