[setting] seed:30075
[solver] type:SASB-ECBS
[solver] w:2.000000
[solver] ID:0
[solver] Lowlevelnode:8633
[solver] Highlevelnode:25
[solver] ConflictCount:13
[solver] solved:1
[solver] elapsed:66
[solver] makespan:41
[problem] timesteplimit:15000
[problem] type:MAPF
[problem] agentnum:30
[graph] width:32
[graph] height:32
[graph] filename:./map/32by32_agents10_ex30.map
[task] id:2,start:0,end:0,service time:0,nodes:803,
[task] id:22,start:0,end:0,service time:0,nodes:870,
[task] id:25,start:0,end:0,service time:0,nodes:939,
[task] id:1,start:0,end:0,service time:0,nodes:758,
[task] id:13,start:0,end:0,service time:0,nodes:472,
[task] id:11,start:0,end:0,service time:0,nodes:207,
[task] id:19,start:0,end:0,service time:0,nodes:259,
[task] id:3,start:0,end:0,service time:0,nodes:716,
[task] id:16,start:0,end:0,service time:0,nodes:998,
[task] id:5,start:0,end:0,service time:0,nodes:393,
[task] id:8,start:0,end:0,service time:0,nodes:952,
[task] id:12,start:0,end:0,service time:0,nodes:1023,
[task] id:29,start:0,end:0,service time:0,nodes:11,
[task] id:10,start:0,end:0,service time:0,nodes:930,
[task] id:14,start:0,end:0,service time:0,nodes:464,
[task] id:20,start:0,end:0,service time:0,nodes:22,
[task] id:9,start:0,end:0,service time:0,nodes:458,
[task] id:23,start:0,end:0,service time:0,nodes:594,
[task] id:28,start:0,end:0,service time:0,nodes:54,
[task] id:17,start:0,end:0,service time:0,nodes:942,
[task] id:21,start:0,end:0,service time:0,nodes:280,
[task] id:6,start:0,end:0,service time:0,nodes:82,
[task] id:0,start:0,end:0,service time:0,nodes:212,
[task] id:7,start:0,end:0,service time:0,nodes:637,
[task] id:15,start:0,end:0,service time:0,nodes:368,
[task] id:18,start:0,end:0,service time:0,nodes:320,
[task] id:26,start:0,end:0,service time:0,nodes:537,
[task] id:27,start:0,end:0,service time:0,nodes:635,
[task] id:4,start:0,end:0,service time:0,nodes:901,
[task] id:24,start:0,end:0,service time:0,nodes:385,
[agent] id:0
path:941,909,877,845,846,814,782,750,718,686,654,622,590,558,526,527,528,529,497,465,433,401,369,337,305,273,241,209,210,211,212,212,212,212,212,212,212,212,212,212,212,212,
goal:212,212,212,212,212,212,212,212,212,212,212,212,212,212,212,212,212,212,212,212,212,212,212,212,212,212,212,212,212,212,212,212,212,212,212,212,212,212,212,212,212,212,
size:30
[agent] id:1
path:948,949,950,918,886,854,822,823,791,759,758,758,758,758,758,758,758,758,758,758,758,758,758,758,758,758,758,758,758,758,758,758,758,758,758,758,758,758,758,758,758,758,
goal:758,758,758,758,758,758,758,758,758,758,758,758,758,758,758,758,758,758,758,758,758,758,758,758,758,758,758,758,758,758,758,758,758,758,758,758,758,758,758,758,758,758,
size:10
[agent] id:2
path:809,808,807,806,805,804,803,803,803,803,803,803,803,803,803,803,803,803,803,803,803,803,803,803,803,803,803,803,803,803,803,803,803,803,803,803,803,803,803,803,803,803,
goal:803,803,803,803,803,803,803,803,803,803,803,803,803,803,803,803,803,803,803,803,803,803,803,803,803,803,803,803,803,803,803,803,803,803,803,803,803,803,803,803,803,803,
size:6
[agent] id:3
path:729,728,727,726,725,724,723,722,721,720,688,687,686,718,717,716,716,716,716,716,716,716,716,716,716,716,716,716,716,716,716,716,716,716,716,716,716,716,716,716,716,716,
goal:716,716,716,716,716,716,716,716,716,716,716,716,716,716,716,716,716,716,716,716,716,716,716,716,716,716,716,716,716,716,716,716,716,716,716,716,716,716,716,716,716,716,
size:15
[agent] id:4
path:82,114,146,178,210,242,274,306,305,337,369,401,433,465,497,529,561,593,592,591,623,655,687,686,718,750,782,814,846,845,844,843,842,841,840,839,838,837,869,901,901,901,
goal:901,901,901,901,901,901,901,901,901,901,901,901,901,901,901,901,901,901,901,901,901,901,901,901,901,901,901,901,901,901,901,901,901,901,901,901,901,901,901,901,901,901,
size:39
[agent] id:5
path:77,78,110,142,174,206,207,239,271,303,302,301,300,332,364,396,395,394,393,393,393,393,393,393,393,393,393,393,393,393,393,393,393,393,393,393,393,393,393,393,393,393,
goal:393,393,393,393,393,393,393,393,393,393,393,393,393,393,393,393,393,393,393,393,393,393,393,393,393,393,393,393,393,393,393,393,393,393,393,393,393,393,393,393,393,393,
size:18
[agent] id:6
path:668,636,604,603,571,539,538,537,536,535,534,533,501,469,437,405,373,341,309,277,245,213,212,211,210,178,146,114,82,82,82,82,82,82,82,82,82,82,82,82,82,82,
goal:82,82,82,82,82,82,82,82,82,82,82,82,82,82,82,82,82,82,82,82,82,82,82,82,82,82,82,82,82,82,82,82,82,82,82,82,82,82,82,82,82,82,
size:28
[agent] id:7
path:483,515,547,548,549,550,551,552,553,554,555,556,557,589,589,590,591,592,560,592,593,594,626,627,628,629,630,631,632,633,634,635,636,637,637,637,637,637,637,637,637,637,
goal:637,637,637,637,637,637,637,637,637,637,637,637,637,637,637,637,637,637,637,637,637,637,637,637,637,637,637,637,637,637,637,637,637,637,637,637,637,637,637,637,637,637,
size:33
[agent] id:8
path:622,654,686,687,688,720,752,753,785,786,818,850,882,883,884,885,886,918,919,920,952,952,952,952,952,952,952,952,952,952,952,952,952,952,952,952,952,952,952,952,952,952,
goal:952,952,952,952,952,952,952,952,952,952,952,952,952,952,952,952,952,952,952,952,952,952,952,952,952,952,952,952,952,952,952,952,952,952,952,952,952,952,952,952,952,952,
size:20
[agent] id:9
path:120,152,184,216,248,280,312,311,310,309,308,307,306,305,304,303,302,301,300,332,364,396,428,460,459,458,458,458,458,458,458,458,458,458,458,458,458,458,458,458,458,458,
goal:458,458,458,458,458,458,458,458,458,458,458,458,458,458,458,458,458,458,458,458,458,458,458,458,458,458,458,458,458,458,458,458,458,458,458,458,458,458,458,458,458,458,
size:25
[agent] id:10
path:621,653,685,717,716,715,747,779,811,843,842,841,840,839,838,837,869,901,900,899,931,930,930,930,930,930,930,930,930,930,930,930,930,930,930,930,930,930,930,930,930,930,
goal:930,930,930,930,930,930,930,930,930,930,930,930,930,930,930,930,930,930,930,930,930,930,930,930,930,930,930,930,930,930,930,930,930,930,930,930,930,930,930,930,930,930,
size:21
[agent] id:11
path:426,394,395,396,364,332,300,268,236,204,205,206,207,207,207,207,207,207,207,207,207,207,207,207,207,207,207,207,207,207,207,207,207,207,207,207,207,207,207,207,207,207,
goal:207,207,207,207,207,207,207,207,207,207,207,207,207,207,207,207,207,207,207,207,207,207,207,207,207,207,207,207,207,207,207,207,207,207,207,207,207,207,207,207,207,207,
size:12
[agent] id:12
path:662,663,695,727,759,791,823,855,887,919,920,952,984,985,986,987,988,989,990,991,1023,1023,1023,1023,1023,1023,1023,1023,1023,1023,1023,1023,1023,1023,1023,1023,1023,1023,1023,1023,1023,1023,
goal:1023,1023,1023,1023,1023,1023,1023,1023,1023,1023,1023,1023,1023,1023,1023,1023,1023,1023,1023,1023,1023,1023,1023,1023,1023,1023,1023,1023,1023,1023,1023,1023,1023,1023,1023,1023,1023,1023,1023,1023,1023,1023,
size:20
[agent] id:13
path:627,628,596,564,565,566,567,567,535,503,504,472,472,472,472,472,472,472,472,472,472,472,472,472,472,472,472,472,472,472,472,472,472,472,472,472,472,472,472,472,472,472,
goal:472,472,472,472,472,472,472,472,472,472,472,472,472,472,472,472,472,472,472,472,472,472,472,472,472,472,472,472,472,472,472,472,472,472,472,472,472,472,472,472,472,472,
size:11
[agent] id:14
path:974,942,943,911,879,847,846,814,782,750,718,686,654,622,590,558,526,527,528,529,497,465,464,464,464,464,464,464,464,464,464,464,464,464,464,464,464,464,464,464,464,464,
goal:464,464,464,464,464,464,464,464,464,464,464,464,464,464,464,464,464,464,464,464,464,464,464,464,464,464,464,464,464,464,464,464,464,464,464,464,464,464,464,464,464,464,
size:22
[agent] id:15
path:959,927,895,863,831,799,798,766,734,702,670,669,637,605,604,603,571,539,538,537,536,535,534,533,501,469,437,436,435,403,402,401,369,368,368,368,368,368,368,368,368,368,
goal:368,368,368,368,368,368,368,368,368,368,368,368,368,368,368,368,368,368,368,368,368,368,368,368,368,368,368,368,368,368,368,368,368,368,368,368,368,368,368,368,368,368,
size:33
[agent] id:16
path:882,881,880,879,878,877,909,908,907,906,938,937,936,935,967,999,998,998,998,998,998,998,998,998,998,998,998,998,998,998,998,998,998,998,998,998,998,998,998,998,998,998,
goal:998,998,998,998,998,998,998,998,998,998,998,998,998,998,998,998,998,998,998,998,998,998,998,998,998,998,998,998,998,998,998,998,998,998,998,998,998,998,998,998,998,998,
size:16
[agent] id:17
path:306,305,337,369,401,433,465,497,529,561,593,592,591,623,655,687,686,718,750,782,814,846,878,877,909,941,942,942,942,942,942,942,942,942,942,942,942,942,942,942,942,942,
goal:942,942,942,942,942,942,942,942,942,942,942,942,942,942,942,942,942,942,942,942,942,942,942,942,942,942,942,942,942,942,942,942,942,942,942,942,942,942,942,942,942,942,
size:26
[agent] id:18
path:604,603,571,539,538,537,536,535,534,566,565,564,563,562,561,560,559,558,526,494,493,461,460,459,458,457,456,424,392,391,359,358,357,356,355,354,353,352,320,320,320,320,
goal:320,320,320,320,320,320,320,320,320,320,320,320,320,320,320,320,320,320,320,320,320,320,320,320,320,320,320,320,320,320,320,320,320,320,320,320,320,320,320,320,320,320,
size:38
[agent] id:19
path:42,74,106,138,137,169,201,200,199,231,263,262,261,260,259,259,259,259,259,259,259,259,259,259,259,259,259,259,259,259,259,259,259,259,259,259,259,259,259,259,259,259,
goal:259,259,259,259,259,259,259,259,259,259,259,259,259,259,259,259,259,259,259,259,259,259,259,259,259,259,259,259,259,259,259,259,259,259,259,259,259,259,259,259,259,259,
size:14
[agent] id:20
path:596,564,565,533,501,469,437,405,373,341,309,277,245,213,181,182,150,151,119,87,55,23,22,22,22,22,22,22,22,22,22,22,22,22,22,22,22,22,22,22,22,22,
goal:22,22,22,22,22,22,22,22,22,22,22,22,22,22,22,22,22,22,22,22,22,22,22,22,22,22,22,22,22,22,22,22,22,22,22,22,22,22,22,22,22,22,
size:22
[agent] id:21
path:228,229,230,231,199,200,168,169,201,233,234,235,236,268,269,270,271,303,304,305,306,307,308,309,310,311,279,280,280,280,280,280,280,280,280,280,280,280,280,280,280,280,
goal:280,280,280,280,280,280,280,280,280,280,280,280,280,280,280,280,280,280,280,280,280,280,280,280,280,280,280,280,280,280,280,280,280,280,280,280,280,280,280,280,280,280,
size:27
[agent] id:22
path:802,803,835,836,837,869,870,870,870,870,870,870,870,870,870,870,870,870,870,870,870,870,870,870,870,870,870,870,870,870,870,870,870,870,870,870,870,870,870,870,870,870,
goal:870,870,870,870,870,870,870,870,870,870,870,870,870,870,870,870,870,870,870,870,870,870,870,870,870,870,870,870,870,870,870,870,870,870,870,870,870,870,870,870,870,870,
size:6
[agent] id:23
path:25,57,89,121,153,185,217,216,248,280,312,344,376,408,407,439,438,470,469,501,533,565,564,563,562,594,594,594,594,594,594,594,594,594,594,594,594,594,594,594,594,594,
goal:594,594,594,594,594,594,594,594,594,594,594,594,594,594,594,594,594,594,594,594,594,594,594,594,594,594,594,594,594,594,594,594,594,594,594,594,594,594,594,594,594,594,
size:25
[agent] id:24
path:984,952,920,888,887,855,854,853,852,851,819,818,786,754,722,690,658,657,656,655,654,622,590,558,557,556,555,554,522,490,489,457,456,424,423,422,421,420,419,418,417,385,
goal:385,385,385,385,385,385,385,385,385,385,385,385,385,385,385,385,385,385,385,385,385,385,385,385,385,385,385,385,385,385,385,385,385,385,385,385,385,385,385,385,385,385,
size:41
[agent] id:25
path:782,814,846,878,877,909,941,940,939,939,939,939,939,939,939,939,939,939,939,939,939,939,939,939,939,939,939,939,939,939,939,939,939,939,939,939,939,939,939,939,939,939,
goal:939,939,939,939,939,939,939,939,939,939,939,939,939,939,939,939,939,939,939,939,939,939,939,939,939,939,939,939,939,939,939,939,939,939,939,939,939,939,939,939,939,939,
size:8
[agent] id:26
path:65,66,67,68,69,101,133,165,166,167,199,200,201,233,234,235,236,268,269,301,302,334,366,367,399,431,432,433,465,497,498,499,500,501,533,534,535,536,537,537,537,537,
goal:537,537,537,537,537,537,537,537,537,537,537,537,537,537,537,537,537,537,537,537,537,537,537,537,537,537,537,537,537,537,537,537,537,537,537,537,537,537,537,537,537,537,
size:38
[agent] id:27
path:960,928,929,930,898,866,867,835,836,804,805,773,741,709,677,645,646,647,648,649,650,651,652,653,654,655,656,657,658,626,627,628,629,630,631,632,633,634,635,635,635,635,
goal:635,635,635,635,635,635,635,635,635,635,635,635,635,635,635,635,635,635,635,635,635,635,635,635,635,635,635,635,635,635,635,635,635,635,635,635,635,635,635,635,635,635,
size:38
[agent] id:28
path:664,632,600,599,567,535,534,533,501,469,437,405,373,341,309,277,245,213,181,182,150,151,119,87,55,54,54,54,54,54,54,54,54,54,54,54,54,54,54,54,54,54,
goal:54,54,54,54,54,54,54,54,54,54,54,54,54,54,54,54,54,54,54,54,54,54,54,54,54,54,54,54,54,54,54,54,54,54,54,54,54,54,54,54,54,54,
size:25
[agent] id:29
path:457,458,426,394,395,396,364,332,300,268,236,204,172,140,139,107,75,74,42,10,11,11,11,11,11,11,11,11,11,11,11,11,11,11,11,11,11,11,11,11,11,11,
goal:11,11,11,11,11,11,11,11,11,11,11,11,11,11,11,11,11,11,11,11,11,11,11,11,11,11,11,11,11,11,11,11,11,11,11,11,11,11,11,11,11,11,
size:20
SolutionCost:687
