[setting] seed:30417
[solver] type:SASB-ECBS
[solver] w:2.000000
[solver] ID:0
[solver] Lowlevelnode:2224
[solver] Highlevelnode:15
[solver] ConflictCount:8
[solver] solved:1
[solver] elapsed:31
[solver] makespan:42
[problem] timesteplimit:15000
[problem] type:MAPF
[problem] agentnum:30
[graph] width:32
[graph] height:32
[graph] filename:./map/32by32_agents10_ex30.map
[task] id:13,start:0,end:0,service time:0,nodes:775,
[task] id:26,start:0,end:0,service time:0,nodes:473,
[task] id:15,start:0,end:0,service time:0,nodes:460,
[task] id:27,start:0,end:0,service time:0,nodes:607,
[task] id:7,start:0,end:0,service time:0,nodes:341,
[task] id:1,start:0,end:0,service time:0,nodes:507,
[task] id:8,start:0,end:0,service time:0,nodes:397,
[task] id:20,start:0,end:0,service time:0,nodes:682,
[task] id:0,start:0,end:0,service time:0,nodes:7,
[task] id:2,start:0,end:0,service time:0,nodes:497,
[task] id:25,start:0,end:0,service time:0,nodes:75,
[task] id:28,start:0,end:0,service time:0,nodes:533,
[task] id:11,start:0,end:0,service time:0,nodes:53,
[task] id:16,start:0,end:0,service time:0,nodes:924,
[task] id:22,start:0,end:0,service time:0,nodes:1012,
[task] id:4,start:0,end:0,service time:0,nodes:914,
[task] id:17,start:0,end:0,service time:0,nodes:814,
[task] id:6,start:0,end:0,service time:0,nodes:584,
[task] id:24,start:0,end:0,service time:0,nodes:647,
[task] id:5,start:0,end:0,service time:0,nodes:78,
[task] id:23,start:0,end:0,service time:0,nodes:166,
[task] id:18,start:0,end:0,service time:0,nodes:831,
[task] id:14,start:0,end:0,service time:0,nodes:378,
[task] id:3,start:0,end:0,service time:0,nodes:707,
[task] id:12,start:0,end:0,service time:0,nodes:134,
[task] id:9,start:0,end:0,service time:0,nodes:730,
[task] id:21,start:0,end:0,service time:0,nodes:560,
[task] id:29,start:0,end:0,service time:0,nodes:838,
[task] id:10,start:0,end:0,service time:0,nodes:191,
[task] id:19,start:0,end:0,service time:0,nodes:184,
[agent] id:0
path:422,390,358,326,294,262,230,231,199,167,135,103,71,39,7,7,7,7,7,7,7,7,7,7,7,7,7,7,7,7,7,7,7,7,7,7,7,7,7,7,7,7,7,
goal:7,7,7,7,7,7,7,7,7,7,7,7,7,7,7,7,7,7,7,7,7,7,7,7,7,7,7,7,7,7,7,7,7,7,7,7,7,7,7,7,7,7,7,
size:14
[agent] id:1
path:734,702,670,669,637,605,604,603,571,539,507,507,507,507,507,507,507,507,507,507,507,507,507,507,507,507,507,507,507,507,507,507,507,507,507,507,507,507,507,507,507,507,507,
goal:507,507,507,507,507,507,507,507,507,507,507,507,507,507,507,507,507,507,507,507,507,507,507,507,507,507,507,507,507,507,507,507,507,507,507,507,507,507,507,507,507,507,507,
size:10
[agent] id:2
path:215,247,279,311,310,342,374,406,438,470,469,501,500,499,498,497,497,497,497,497,497,497,497,497,497,497,497,497,497,497,497,497,497,497,497,497,497,497,497,497,497,497,497,
goal:497,497,497,497,497,497,497,497,497,497,497,497,497,497,497,497,497,497,497,497,497,497,497,497,497,497,497,497,497,497,497,497,497,497,497,497,497,497,497,497,497,497,497,
size:15
[agent] id:3
path:536,535,567,599,631,663,662,661,693,692,691,690,689,688,687,686,718,717,716,715,714,713,712,711,710,709,708,707,707,707,707,707,707,707,707,707,707,707,707,707,707,707,707,
goal:707,707,707,707,707,707,707,707,707,707,707,707,707,707,707,707,707,707,707,707,707,707,707,707,707,707,707,707,707,707,707,707,707,707,707,707,707,707,707,707,707,707,707,
size:27
[agent] id:4
path:739,771,803,835,836,837,838,839,840,841,842,874,875,876,877,878,879,911,912,913,914,914,914,914,914,914,914,914,914,914,914,914,914,914,914,914,914,914,914,914,914,914,914,
goal:914,914,914,914,914,914,914,914,914,914,914,914,914,914,914,914,914,914,914,914,914,914,914,914,914,914,914,914,914,914,914,914,914,914,914,914,914,914,914,914,914,914,914,
size:20
[agent] id:5
path:623,591,559,527,526,494,493,461,429,397,396,364,332,300,268,236,204,172,173,174,142,110,78,78,78,78,78,78,78,78,78,78,78,78,78,78,78,78,78,78,78,78,78,
goal:78,78,78,78,78,78,78,78,78,78,78,78,78,78,78,78,78,78,78,78,78,78,78,78,78,78,78,78,78,78,78,78,78,78,78,78,78,78,78,78,78,78,78,
size:22
[agent] id:6
path:853,852,851,819,818,786,754,722,690,658,657,656,655,623,622,621,620,619,618,617,616,584,584,584,584,584,584,584,584,584,584,584,584,584,584,584,584,584,584,584,584,584,584,
goal:584,584,584,584,584,584,584,584,584,584,584,584,584,584,584,584,584,584,584,584,584,584,584,584,584,584,584,584,584,584,584,584,584,584,584,584,584,584,584,584,584,584,584,
size:21
[agent] id:7
path:301,302,303,304,305,306,307,308,309,341,341,341,341,341,341,341,341,341,341,341,341,341,341,341,341,341,341,341,341,341,341,341,341,341,341,341,341,341,341,341,341,341,341,
goal:341,341,341,341,341,341,341,341,341,341,341,341,341,341,341,341,341,341,341,341,341,341,341,341,341,341,341,341,341,341,341,341,341,341,341,341,341,341,341,341,341,341,341,
size:9
[agent] id:8
path:483,451,419,420,421,389,390,391,392,393,394,395,396,397,397,397,397,397,397,397,397,397,397,397,397,397,397,397,397,397,397,397,397,397,397,397,397,397,397,397,397,397,397,
goal:397,397,397,397,397,397,397,397,397,397,397,397,397,397,397,397,397,397,397,397,397,397,397,397,397,397,397,397,397,397,397,397,397,397,397,397,397,397,397,397,397,397,397,
size:13
[agent] id:9
path:62,94,126,158,190,222,223,255,287,286,318,317,349,381,413,414,446,478,477,509,508,540,539,571,603,635,667,699,731,730,730,730,730,730,730,730,730,730,730,730,730,730,730,
goal:730,730,730,730,730,730,730,730,730,730,730,730,730,730,730,730,730,730,730,730,730,730,730,730,730,730,730,730,730,730,730,730,730,730,730,730,730,730,730,730,730,730,730,
size:29
[agent] id:10
path:480,448,416,417,418,419,420,421,389,390,391,392,393,394,395,396,364,332,300,268,269,270,271,239,240,241,209,210,211,212,213,181,182,183,184,185,186,187,188,189,190,191,191,
goal:191,191,191,191,191,191,191,191,191,191,191,191,191,191,191,191,191,191,191,191,191,191,191,191,191,191,191,191,191,191,191,191,191,191,191,191,191,191,191,191,191,191,191,
size:41
[agent] id:11
path:316,315,347,379,378,377,345,313,281,280,248,216,184,152,120,88,56,55,54,53,53,53,53,53,53,53,53,53,53,53,53,53,53,53,53,53,53,53,53,53,53,53,53,
goal:53,53,53,53,53,53,53,53,53,53,53,53,53,53,53,53,53,53,53,53,53,53,53,53,53,53,53,53,53,53,53,53,53,53,53,53,53,53,53,53,53,53,53,
size:19
[agent] id:12
path:838,806,774,742,710,678,646,647,615,583,551,519,487,486,485,453,421,389,357,358,326,294,262,230,229,197,165,133,134,134,134,134,134,134,134,134,134,134,134,134,134,134,134,
goal:134,134,134,134,134,134,134,134,134,134,134,134,134,134,134,134,134,134,134,134,134,134,134,134,134,134,134,134,134,134,134,134,134,134,134,134,134,134,134,134,134,134,134,
size:28
[agent] id:13
path:709,741,773,774,775,775,775,775,775,775,775,775,775,775,775,775,775,775,775,775,775,775,775,775,775,775,775,775,775,775,775,775,775,775,775,775,775,775,775,775,775,775,775,
goal:775,775,775,775,775,775,775,775,775,775,775,775,775,775,775,775,775,775,775,775,775,775,775,775,775,775,775,775,775,775,775,775,775,775,775,775,775,775,775,775,775,775,775,
size:4
[agent] id:14
path:14,13,45,77,78,110,142,174,206,207,239,271,303,304,305,306,307,308,309,310,342,374,375,376,377,378,378,378,378,378,378,378,378,378,378,378,378,378,378,378,378,378,378,
goal:378,378,378,378,378,378,378,378,378,378,378,378,378,378,378,378,378,378,378,378,378,378,378,378,378,378,378,378,378,378,378,378,378,378,378,378,378,378,378,378,378,378,378,
size:25
[agent] id:15
path:551,519,520,521,489,457,458,459,460,460,460,460,460,460,460,460,460,460,460,460,460,460,460,460,460,460,460,460,460,460,460,460,460,460,460,460,460,460,460,460,460,460,460,
goal:460,460,460,460,460,460,460,460,460,460,460,460,460,460,460,460,460,460,460,460,460,460,460,460,460,460,460,460,460,460,460,460,460,460,460,460,460,460,460,460,460,460,460,
size:8
[agent] id:16
path:508,540,539,571,603,635,667,699,731,730,762,794,793,825,857,858,859,860,892,924,924,924,924,924,924,924,924,924,924,924,924,924,924,924,924,924,924,924,924,924,924,924,924,
goal:924,924,924,924,924,924,924,924,924,924,924,924,924,924,924,924,924,924,924,924,924,924,924,924,924,924,924,924,924,924,924,924,924,924,924,924,924,924,924,924,924,924,924,
size:19
[agent] id:17
path:391,423,424,456,457,458,490,522,554,555,556,557,589,621,653,685,717,749,781,782,814,814,814,814,814,814,814,814,814,814,814,814,814,814,814,814,814,814,814,814,814,814,814,
goal:814,814,814,814,814,814,814,814,814,814,814,814,814,814,814,814,814,814,814,814,814,814,814,814,814,814,814,814,814,814,814,814,814,814,814,814,814,814,814,814,814,814,814,
size:20
[agent] id:18
path:717,685,686,687,688,689,690,691,723,724,725,757,758,759,791,792,793,794,795,796,797,798,830,831,831,831,831,831,831,831,831,831,831,831,831,831,831,831,831,831,831,831,831,
goal:831,831,831,831,831,831,831,831,831,831,831,831,831,831,831,831,831,831,831,831,831,831,831,831,831,831,831,831,831,831,831,831,831,831,831,831,831,831,831,831,831,831,831,
size:23
[agent] id:19
path:934,902,870,838,806,774,742,710,678,679,647,615,583,551,519,520,521,489,457,458,426,394,395,396,364,332,300,268,269,270,271,239,240,241,209,210,211,212,213,181,182,183,184,
goal:184,184,184,184,184,184,184,184,184,184,184,184,184,184,184,184,184,184,184,184,184,184,184,184,184,184,184,184,184,184,184,184,184,184,184,184,184,184,184,184,184,184,184,
size:42
[agent] id:20
path:421,453,485,517,549,550,582,614,646,678,679,680,681,682,682,682,682,682,682,682,682,682,682,682,682,682,682,682,682,682,682,682,682,682,682,682,682,682,682,682,682,682,682,
goal:682,682,682,682,682,682,682,682,682,682,682,682,682,682,682,682,682,682,682,682,682,682,682,682,682,682,682,682,682,682,682,682,682,682,682,682,682,682,682,682,682,682,682,
size:13
[agent] id:21
path:33,65,66,67,68,69,101,133,165,197,229,261,293,294,326,358,390,422,454,486,518,550,551,552,553,554,555,556,557,558,559,560,560,560,560,560,560,560,560,560,560,560,560,
goal:560,560,560,560,560,560,560,560,560,560,560,560,560,560,560,560,560,560,560,560,560,560,560,560,560,560,560,560,560,560,560,560,560,560,560,560,560,560,560,560,560,560,560,
size:31
[agent] id:22
path:652,653,685,717,749,781,782,814,846,878,879,911,943,944,945,946,978,979,980,1012,1012,1012,1012,1012,1012,1012,1012,1012,1012,1012,1012,1012,1012,1012,1012,1012,1012,1012,1012,1012,1012,1012,1012,
goal:1012,1012,1012,1012,1012,1012,1012,1012,1012,1012,1012,1012,1012,1012,1012,1012,1012,1012,1012,1012,1012,1012,1012,1012,1012,1012,1012,1012,1012,1012,1012,1012,1012,1012,1012,1012,1012,1012,1012,1012,1012,1012,1012,
size:19
[agent] id:23
path:248,216,215,214,213,212,211,210,209,241,240,239,207,206,205,204,203,202,201,169,168,167,166,166,166,166,166,166,166,166,166,166,166,166,166,166,166,166,166,166,166,166,166,
goal:166,166,166,166,166,166,166,166,166,166,166,166,166,166,166,166,166,166,166,166,166,166,166,166,166,166,166,166,166,166,166,166,166,166,166,166,166,166,166,166,166,166,166,
size:22
[agent] id:24
path:171,203,202,201,200,199,231,263,262,294,326,358,390,422,454,486,518,550,582,614,646,647,647,647,647,647,647,647,647,647,647,647,647,647,647,647,647,647,647,647,647,647,647,
goal:647,647,647,647,647,647,647,647,647,647,647,647,647,647,647,647,647,647,647,647,647,647,647,647,647,647,647,647,647,647,647,647,647,647,647,647,647,647,647,647,647,647,647,
size:21
[agent] id:25
path:454,422,390,358,326,294,262,230,231,199,167,135,103,71,72,73,74,75,75,75,75,75,75,75,75,75,75,75,75,75,75,75,75,75,75,75,75,75,75,75,75,75,75,
goal:75,75,75,75,75,75,75,75,75,75,75,75,75,75,75,75,75,75,75,75,75,75,75,75,75,75,75,75,75,75,75,75,75,75,75,75,75,75,75,75,75,75,75,
size:17
[agent] id:26
path:470,438,439,407,408,409,441,473,473,473,473,473,473,473,473,473,473,473,473,473,473,473,473,473,473,473,473,473,473,473,473,473,473,473,473,473,473,473,473,473,473,473,473,
goal:473,473,473,473,473,473,473,473,473,473,473,473,473,473,473,473,473,473,473,473,473,473,473,473,473,473,473,473,473,473,473,473,473,473,473,473,473,473,473,473,473,473,473,
size:7
[agent] id:27
path:731,699,667,668,669,670,671,639,607,607,607,607,607,607,607,607,607,607,607,607,607,607,607,607,607,607,607,607,607,607,607,607,607,607,607,607,607,607,607,607,607,607,607,
goal:607,607,607,607,607,607,607,607,607,607,607,607,607,607,607,607,607,607,607,607,607,607,607,607,607,607,607,607,607,607,607,607,607,607,607,607,607,607,607,607,607,607,607,
size:8
[agent] id:28
path:548,549,550,551,552,553,554,555,556,557,558,559,560,561,562,563,564,565,533,533,533,533,533,533,533,533,533,533,533,533,533,533,533,533,533,533,533,533,533,533,533,533,533,
goal:533,533,533,533,533,533,533,533,533,533,533,533,533,533,533,533,533,533,533,533,533,533,533,533,533,533,533,533,533,533,533,533,533,533,533,533,533,533,533,533,533,533,533,
size:18
[agent] id:29
path:348,380,379,378,377,376,408,407,439,438,470,469,501,533,565,597,629,661,693,725,724,723,755,754,786,818,850,849,848,847,846,845,844,843,842,841,840,839,838,838,838,838,838,
goal:838,838,838,838,838,838,838,838,838,838,838,838,838,838,838,838,838,838,838,838,838,838,838,838,838,838,838,838,838,838,838,838,838,838,838,838,838,838,838,838,838,838,838,
size:38
SolutionCost:603
