[setting] seed:564
[solver] type:SASB-ECBS
[solver] w:2.000000
[solver] ID:0
[solver] Lowlevelnode:5066
[solver] Highlevelnode:15
[solver] ConflictCount:8
[solver] solved:1
[solver] elapsed:22
[solver] makespan:44
[problem] timesteplimit:15000
[problem] type:MAPF
[problem] agentnum:20
[graph] width:32
[graph] height:32
[graph] filename:./map/32by32_agents10_ex30.map
[task] id:18,start:0,end:0,service time:0,nodes:152,
[task] id:12,start:0,end:0,service time:0,nodes:945,
[task] id:7,start:0,end:0,service time:0,nodes:299,
[task] id:13,start:0,end:0,service time:0,nodes:536,
[task] id:19,start:0,end:0,service time:0,nodes:556,
[task] id:1,start:0,end:0,service time:0,nodes:403,
[task] id:16,start:0,end:0,service time:0,nodes:525,
[task] id:17,start:0,end:0,service time:0,nodes:620,
[task] id:3,start:0,end:0,service time:0,nodes:478,
[task] id:11,start:0,end:0,service time:0,nodes:872,
[task] id:0,start:0,end:0,service time:0,nodes:75,
[task] id:2,start:0,end:0,service time:0,nodes:974,
[task] id:5,start:0,end:0,service time:0,nodes:871,
[task] id:6,start:0,end:0,service time:0,nodes:127,
[task] id:9,start:0,end:0,service time:0,nodes:70,
[task] id:14,start:0,end:0,service time:0,nodes:443,
[task] id:15,start:0,end:0,service time:0,nodes:979,
[task] id:4,start:0,end:0,service time:0,nodes:151,
[task] id:8,start:0,end:0,service time:0,nodes:115,
[task] id:10,start:0,end:0,service time:0,nodes:861,
[agent] id:0
path:88,87,86,54,53,52,84,83,82,81,80,79,78,77,45,44,12,11,10,42,74,75,75,75,75,75,75,75,75,75,75,75,75,75,75,75,75,75,75,75,75,75,75,75,75,
goal:75,75,75,75,75,75,75,75,75,75,75,75,75,75,75,75,75,75,75,75,75,75,75,75,75,75,75,75,75,75,75,75,75,75,75,75,75,75,75,75,75,75,75,75,75,
size:21
[agent] id:1
path:573,605,604,603,571,539,538,537,536,535,534,533,501,469,437,436,435,403,403,403,403,403,403,403,403,403,403,403,403,403,403,403,403,403,403,403,403,403,403,403,403,403,403,403,403,
goal:403,403,403,403,403,403,403,403,403,403,403,403,403,403,403,403,403,403,403,403,403,403,403,403,403,403,403,403,403,403,403,403,403,403,403,403,403,403,403,403,403,403,403,403,403,
size:17
[agent] id:2
path:394,426,458,490,522,554,555,556,557,589,621,653,685,717,749,781,782,814,846,878,877,909,941,973,974,974,974,974,974,974,974,974,974,974,974,974,974,974,974,974,974,974,974,974,974,
goal:974,974,974,974,974,974,974,974,974,974,974,974,974,974,974,974,974,974,974,974,974,974,974,974,974,974,974,974,974,974,974,974,974,974,974,974,974,974,974,974,974,974,974,974,974,
size:24
[agent] id:3
path:757,758,726,727,695,663,631,632,633,634,602,570,571,571,539,507,508,476,477,478,478,478,478,478,478,478,478,478,478,478,478,478,478,478,478,478,478,478,478,478,478,478,478,478,478,
goal:478,478,478,478,478,478,478,478,478,478,478,478,478,478,478,478,478,478,478,478,478,478,478,478,478,478,478,478,478,478,478,478,478,478,478,478,478,478,478,478,478,478,478,478,478,
size:19
[agent] id:4
path:644,612,613,614,582,550,518,486,454,422,390,391,392,393,394,395,396,364,332,300,268,269,270,271,239,240,241,209,210,211,212,213,181,182,150,151,151,151,151,151,151,151,151,151,151,
goal:151,151,151,151,151,151,151,151,151,151,151,151,151,151,151,151,151,151,151,151,151,151,151,151,151,151,151,151,151,151,151,151,151,151,151,151,151,151,151,151,151,151,151,151,151,
size:35
[agent] id:5
path:1017,985,953,921,920,888,887,855,854,853,852,851,850,849,848,847,846,845,844,843,842,841,840,839,871,871,871,871,871,871,871,871,871,871,871,871,871,871,871,871,871,871,871,871,871,
goal:871,871,871,871,871,871,871,871,871,871,871,871,871,871,871,871,871,871,871,871,871,871,871,871,871,871,871,871,871,871,871,871,871,871,871,871,871,871,871,871,871,871,871,871,871,
size:24
[agent] id:6
path:730,698,699,667,635,603,571,539,507,508,476,477,478,446,414,413,381,349,317,285,286,287,255,223,191,159,127,127,127,127,127,127,127,127,127,127,127,127,127,127,127,127,127,127,127,
goal:127,127,127,127,127,127,127,127,127,127,127,127,127,127,127,127,127,127,127,127,127,127,127,127,127,127,127,127,127,127,127,127,127,127,127,127,127,127,127,127,127,127,127,127,127,
size:26
[agent] id:7
path:293,294,262,263,231,199,200,201,233,234,235,236,268,300,299,299,299,299,299,299,299,299,299,299,299,299,299,299,299,299,299,299,299,299,299,299,299,299,299,299,299,299,299,299,299,
goal:299,299,299,299,299,299,299,299,299,299,299,299,299,299,299,299,299,299,299,299,299,299,299,299,299,299,299,299,299,299,299,299,299,299,299,299,299,299,299,299,299,299,299,299,299,
size:14
[agent] id:8
path:1006,974,942,941,909,877,845,846,814,782,750,718,686,654,622,590,558,526,527,528,529,497,465,433,401,369,337,305,273,241,209,177,145,113,114,115,115,115,115,115,115,115,115,115,115,
goal:115,115,115,115,115,115,115,115,115,115,115,115,115,115,115,115,115,115,115,115,115,115,115,115,115,115,115,115,115,115,115,115,115,115,115,115,115,115,115,115,115,115,115,115,115,
size:35
[agent] id:9
path:810,809,808,776,744,712,680,648,616,584,552,520,519,487,486,454,422,390,358,326,294,262,230,229,197,165,133,101,69,70,70,70,70,70,70,70,70,70,70,70,70,70,70,70,70,
goal:70,70,70,70,70,70,70,70,70,70,70,70,70,70,70,70,70,70,70,70,70,70,70,70,70,70,70,70,70,70,70,70,70,70,70,70,70,70,70,70,70,70,70,70,70,
size:29
[agent] id:10
path:228,260,292,293,294,326,358,390,422,423,424,456,457,458,459,460,461,493,494,526,558,590,622,654,686,687,688,720,721,722,723,724,725,757,758,759,791,823,824,825,857,858,859,860,861,
goal:861,861,861,861,861,861,861,861,861,861,861,861,861,861,861,861,861,861,861,861,861,861,861,861,861,861,861,861,861,861,861,861,861,861,861,861,861,861,861,861,861,861,861,861,861,
size:44
[agent] id:11
path:726,725,724,723,755,754,786,818,850,849,848,847,846,845,844,843,842,841,840,872,872,872,872,872,872,872,872,872,872,872,872,872,872,872,872,872,872,872,872,872,872,872,872,872,872,
goal:872,872,872,872,872,872,872,872,872,872,872,872,872,872,872,872,872,872,872,872,872,872,872,872,872,872,872,872,872,872,872,872,872,872,872,872,872,872,872,872,872,872,872,872,872,
size:19
[agent] id:12
path:720,752,753,785,786,818,850,882,914,946,945,945,945,945,945,945,945,945,945,945,945,945,945,945,945,945,945,945,945,945,945,945,945,945,945,945,945,945,945,945,945,945,945,945,945,
goal:945,945,945,945,945,945,945,945,945,945,945,945,945,945,945,945,945,945,945,945,945,945,945,945,945,945,945,945,945,945,945,945,945,945,945,945,945,945,945,945,945,945,945,945,945,
size:10
[agent] id:13
path:830,798,766,734,702,670,669,637,605,604,603,571,539,538,537,536,536,536,536,536,536,536,536,536,536,536,536,536,536,536,536,536,536,536,536,536,536,536,536,536,536,536,536,536,536,
goal:536,536,536,536,536,536,536,536,536,536,536,536,536,536,536,536,536,536,536,536,536,536,536,536,536,536,536,536,536,536,536,536,536,536,536,536,536,536,536,536,536,536,536,536,536,
size:15
[agent] id:14
path:577,578,579,547,548,549,550,551,552,553,554,555,556,557,558,559,560,561,562,563,564,565,533,534,535,503,504,472,473,441,442,443,443,443,443,443,443,443,443,443,443,443,443,443,443,
goal:443,443,443,443,443,443,443,443,443,443,443,443,443,443,443,443,443,443,443,443,443,443,443,443,443,443,443,443,443,443,443,443,443,443,443,443,443,443,443,443,443,443,443,443,443,
size:31
[agent] id:15
path:204,236,268,300,332,364,396,428,460,461,493,525,557,589,621,653,685,717,749,781,782,814,846,878,879,911,912,913,914,946,978,979,979,979,979,979,979,979,979,979,979,979,979,979,979,
goal:979,979,979,979,979,979,979,979,979,979,979,979,979,979,979,979,979,979,979,979,979,979,979,979,979,979,979,979,979,979,979,979,979,979,979,979,979,979,979,979,979,979,979,979,979,
size:31
[agent] id:16
path:841,842,810,778,779,747,715,683,651,619,620,621,589,590,590,558,526,525,525,525,525,525,525,525,525,525,525,525,525,525,525,525,525,525,525,525,525,525,525,525,525,525,525,525,525,
goal:525,525,525,525,525,525,525,525,525,525,525,525,525,525,525,525,525,525,525,525,525,525,525,525,525,525,525,525,525,525,525,525,525,525,525,525,525,525,525,525,525,525,525,525,525,
size:17
[agent] id:17
path:636,635,634,633,632,631,630,629,628,627,626,594,593,592,591,623,622,621,620,620,620,620,620,620,620,620,620,620,620,620,620,620,620,620,620,620,620,620,620,620,620,620,620,620,620,
goal:620,620,620,620,620,620,620,620,620,620,620,620,620,620,620,620,620,620,620,620,620,620,620,620,620,620,620,620,620,620,620,620,620,620,620,620,620,620,620,620,620,620,620,620,620,
size:18
[agent] id:18
path:159,158,190,189,188,187,186,185,153,152,152,152,152,152,152,152,152,152,152,152,152,152,152,152,152,152,152,152,152,152,152,152,152,152,152,152,152,152,152,152,152,152,152,152,152,
goal:152,152,152,152,152,152,152,152,152,152,152,152,152,152,152,152,152,152,152,152,152,152,152,152,152,152,152,152,152,152,152,152,152,152,152,152,152,152,152,152,152,152,152,152,152,
size:9
[agent] id:19
path:816,848,847,846,814,782,750,718,686,654,622,590,558,526,525,557,556,556,556,556,556,556,556,556,556,556,556,556,556,556,556,556,556,556,556,556,556,556,556,556,556,556,556,556,556,
goal:556,556,556,556,556,556,556,556,556,556,556,556,556,556,556,556,556,556,556,556,556,556,556,556,556,556,556,556,556,556,556,556,556,556,556,556,556,556,556,556,556,556,556,556,556,
size:16
SolutionCost:454
