[setting] seed:27113
[solver] type:SASB-ECBS
[solver] w:2.000000
[solver] ID:0
[solver] Lowlevelnode:9940
[solver] Highlevelnode:25
[solver] ConflictCount:13
[solver] solved:1
[solver] elapsed:64
[solver] makespan:44
[problem] timesteplimit:15000
[problem] type:MAPF
[problem] agentnum:30
[graph] width:32
[graph] height:32
[graph] filename:./map/32by32_agents10_ex30.map
[task] id:20,start:0,end:0,service time:0,nodes:258,
[task] id:3,start:0,end:0,service time:0,nodes:207,
[task] id:14,start:0,end:0,service time:0,nodes:986,
[task] id:15,start:0,end:0,service time:0,nodes:949,
[task] id:11,start:0,end:0,service time:0,nodes:630,
[task] id:29,start:0,end:0,service time:0,nodes:721,
[task] id:9,start:0,end:0,service time:0,nodes:594,
[task] id:25,start:0,end:0,service time:0,nodes:501,
[task] id:0,start:0,end:0,service time:0,nodes:531,
[task] id:28,start:0,end:0,service time:0,nodes:406,
[task] id:23,start:0,end:0,service time:0,nodes:562,
[task] id:8,start:0,end:0,service time:0,nodes:875,
[task] id:6,start:0,end:0,service time:0,nodes:939,
[task] id:13,start:0,end:0,service time:0,nodes:52,
[task] id:24,start:0,end:0,service time:0,nodes:810,
[task] id:19,start:0,end:0,service time:0,nodes:642,
[task] id:16,start:0,end:0,service time:0,nodes:311,
[task] id:18,start:0,end:0,service time:0,nodes:5,
[task] id:10,start:0,end:0,service time:0,nodes:31,
[task] id:5,start:0,end:0,service time:0,nodes:443,
[task] id:2,start:0,end:0,service time:0,nodes:983,
[task] id:17,start:0,end:0,service time:0,nodes:985,
[task] id:7,start:0,end:0,service time:0,nodes:689,
[task] id:12,start:0,end:0,service time:0,nodes:512,
[task] id:26,start:0,end:0,service time:0,nodes:257,
[task] id:22,start:0,end:0,service time:0,nodes:442,
[task] id:4,start:0,end:0,service time:0,nodes:1002,
[task] id:27,start:0,end:0,service time:0,nodes:806,
[task] id:21,start:0,end:0,service time:0,nodes:250,
[task] id:1,start:0,end:0,service time:0,nodes:159,
[agent] id:0
path:699,667,635,634,633,632,600,599,567,566,565,564,563,531,531,531,531,531,531,531,531,531,531,531,531,531,531,531,531,531,531,531,531,531,531,531,531,531,531,531,531,531,531,531,531,
goal:531,531,531,531,531,531,531,531,531,531,531,531,531,531,531,531,531,531,531,531,531,531,531,531,531,531,531,531,531,531,531,531,531,531,531,531,531,531,531,531,531,531,531,531,531,
size:13
[agent] id:1
path:353,354,355,356,357,389,390,391,392,393,394,395,396,428,429,397,397,396,364,332,300,268,269,270,271,239,240,241,209,210,211,212,213,181,182,183,184,185,186,187,188,189,190,158,159,
goal:159,159,159,159,159,159,159,159,159,159,159,159,159,159,159,159,159,159,159,159,159,159,159,159,159,159,159,159,159,159,159,159,159,159,159,159,159,159,159,159,159,159,159,159,159,
size:44
[agent] id:2
path:738,770,802,803,835,836,837,838,839,840,841,842,874,875,876,877,878,879,880,881,882,883,884,885,886,918,950,982,983,983,983,983,983,983,983,983,983,983,983,983,983,983,983,983,983,
goal:983,983,983,983,983,983,983,983,983,983,983,983,983,983,983,983,983,983,983,983,983,983,983,983,983,983,983,983,983,983,983,983,983,983,983,983,983,983,983,983,983,983,983,983,983,
size:28
[agent] id:3
path:204,205,206,207,207,207,207,207,207,207,207,207,207,207,207,207,207,207,207,207,207,207,207,207,207,207,207,207,207,207,207,207,207,207,207,207,207,207,207,207,207,207,207,207,207,
goal:207,207,207,207,207,207,207,207,207,207,207,207,207,207,207,207,207,207,207,207,207,207,207,207,207,207,207,207,207,207,207,207,207,207,207,207,207,207,207,207,207,207,207,207,207,
size:3
[agent] id:4
path:77,78,110,142,174,206,205,204,236,268,300,332,364,396,428,460,461,493,525,557,589,621,653,685,717,716,715,747,779,811,843,842,874,906,938,970,1002,1002,1002,1002,1002,1002,1002,1002,1002,
goal:1002,1002,1002,1002,1002,1002,1002,1002,1002,1002,1002,1002,1002,1002,1002,1002,1002,1002,1002,1002,1002,1002,1002,1002,1002,1002,1002,1002,1002,1002,1002,1002,1002,1002,1002,1002,1002,1002,1002,1002,1002,1002,1002,1002,1002,
size:36
[agent] id:5
path:391,392,393,394,395,396,364,332,300,301,302,303,304,305,306,307,308,309,341,373,374,375,407,408,409,441,442,443,443,443,443,443,443,443,443,443,443,443,443,443,443,443,443,443,443,
goal:443,443,443,443,443,443,443,443,443,443,443,443,443,443,443,443,443,443,443,443,443,443,443,443,443,443,443,443,443,443,443,443,443,443,443,443,443,443,443,443,443,443,443,443,443,
size:27
[agent] id:6
path:985,984,983,982,950,918,886,885,884,883,915,914,946,945,944,943,942,941,940,939,939,939,939,939,939,939,939,939,939,939,939,939,939,939,939,939,939,939,939,939,939,939,939,939,939,
goal:939,939,939,939,939,939,939,939,939,939,939,939,939,939,939,939,939,939,939,939,939,939,939,939,939,939,939,939,939,939,939,939,939,939,939,939,939,939,939,939,939,939,939,939,939,
size:19
[agent] id:7
path:101,133,165,197,229,261,293,294,326,358,390,422,454,486,518,550,582,614,615,647,648,649,650,651,652,653,685,686,687,688,689,689,689,689,689,689,689,689,689,689,689,689,689,689,689,
goal:689,689,689,689,689,689,689,689,689,689,689,689,689,689,689,689,689,689,689,689,689,689,689,689,689,689,689,689,689,689,689,689,689,689,689,689,689,689,689,689,689,689,689,689,689,
size:30
[agent] id:8
path:490,522,554,555,556,557,589,621,653,685,717,716,715,747,779,811,843,875,875,875,875,875,875,875,875,875,875,875,875,875,875,875,875,875,875,875,875,875,875,875,875,875,875,875,875,
goal:875,875,875,875,875,875,875,875,875,875,875,875,875,875,875,875,875,875,875,875,875,875,875,875,875,875,875,875,875,875,875,875,875,875,875,875,875,875,875,875,875,875,875,875,875,
size:17
[agent] id:9
path:584,552,553,554,555,556,557,589,590,591,592,593,594,594,594,594,594,594,594,594,594,594,594,594,594,594,594,594,594,594,594,594,594,594,594,594,594,594,594,594,594,594,594,594,594,
goal:594,594,594,594,594,594,594,594,594,594,594,594,594,594,594,594,594,594,594,594,594,594,594,594,594,594,594,594,594,594,594,594,594,594,594,594,594,594,594,594,594,594,594,594,594,
size:12
[agent] id:10
path:567,535,503,504,472,473,441,409,377,378,379,347,315,316,317,285,286,287,255,223,191,159,127,95,63,31,31,31,31,31,31,31,31,31,31,31,31,31,31,31,31,31,31,31,31,
goal:31,31,31,31,31,31,31,31,31,31,31,31,31,31,31,31,31,31,31,31,31,31,31,31,31,31,31,31,31,31,31,31,31,31,31,31,31,31,31,31,31,31,31,31,31,
size:25
[agent] id:11
path:561,593,594,626,627,628,629,630,630,630,630,630,630,630,630,630,630,630,630,630,630,630,630,630,630,630,630,630,630,630,630,630,630,630,630,630,630,630,630,630,630,630,630,630,630,
goal:630,630,630,630,630,630,630,630,630,630,630,630,630,630,630,630,630,630,630,630,630,630,630,630,630,630,630,630,630,630,630,630,630,630,630,630,630,630,630,630,630,630,630,630,630,
size:7
[agent] id:12
path:439,438,470,469,501,500,499,498,497,529,528,560,559,558,557,556,524,556,555,554,522,521,520,519,518,517,516,515,514,513,512,512,512,512,512,512,512,512,512,512,512,512,512,512,512,
goal:512,512,512,512,512,512,512,512,512,512,512,512,512,512,512,512,512,512,512,512,512,512,512,512,512,512,512,512,512,512,512,512,512,512,512,512,512,512,512,512,512,512,512,512,512,
size:30
[agent] id:13
path:412,380,379,378,377,345,313,281,280,248,216,184,152,120,88,56,55,54,53,52,52,52,52,52,52,52,52,52,52,52,52,52,52,52,52,52,52,52,52,52,52,52,52,52,52,
goal:52,52,52,52,52,52,52,52,52,52,52,52,52,52,52,52,52,52,52,52,52,52,52,52,52,52,52,52,52,52,52,52,52,52,52,52,52,52,52,52,52,52,52,52,52,
size:19
[agent] id:14
path:957,989,988,987,986,986,986,986,986,986,986,986,986,986,986,986,986,986,986,986,986,986,986,986,986,986,986,986,986,986,986,986,986,986,986,986,986,986,986,986,986,986,986,986,986,
goal:986,986,986,986,986,986,986,986,986,986,986,986,986,986,986,986,986,986,986,986,986,986,986,986,986,986,986,986,986,986,986,986,986,986,986,986,986,986,986,986,986,986,986,986,986,
size:4
[agent] id:15
path:887,919,918,950,949,949,949,949,949,949,949,949,949,949,949,949,949,949,949,949,949,949,949,949,949,949,949,949,949,949,949,949,949,949,949,949,949,949,949,949,949,949,949,949,949,
goal:949,949,949,949,949,949,949,949,949,949,949,949,949,949,949,949,949,949,949,949,949,949,949,949,949,949,949,949,949,949,949,949,949,949,949,949,949,949,949,949,949,949,949,949,949,
size:4
[agent] id:16
path:717,685,653,621,589,590,558,559,560,561,561,529,497,465,433,401,369,337,305,306,307,308,309,310,311,311,311,311,311,311,311,311,311,311,311,311,311,311,311,311,311,311,311,311,311,
goal:311,311,311,311,311,311,311,311,311,311,311,311,311,311,311,311,311,311,311,311,311,311,311,311,311,311,311,311,311,311,311,311,311,311,311,311,311,311,311,311,311,311,311,311,311,
size:24
[agent] id:17
path:429,461,493,525,557,589,621,653,685,717,749,781,782,814,846,878,879,880,881,882,883,884,885,886,918,950,982,983,984,985,985,985,985,985,985,985,985,985,985,985,985,985,985,985,985,
goal:985,985,985,985,985,985,985,985,985,985,985,985,985,985,985,985,985,985,985,985,985,985,985,985,985,985,985,985,985,985,985,985,985,985,985,985,985,985,985,985,985,985,985,985,985,
size:29
[agent] id:18
path:23,22,21,20,19,18,17,49,48,80,79,78,77,45,13,12,11,10,9,8,7,39,38,37,5,5,5,5,5,5,5,5,5,5,5,5,5,5,5,5,5,5,5,5,5,
goal:5,5,5,5,5,5,5,5,5,5,5,5,5,5,5,5,5,5,5,5,5,5,5,5,5,5,5,5,5,5,5,5,5,5,5,5,5,5,5,5,5,5,5,5,5,
size:24
[agent] id:19
path:268,300,332,364,396,428,460,459,458,490,522,554,553,552,584,616,648,647,646,645,644,643,642,642,642,642,642,642,642,642,642,642,642,642,642,642,642,642,642,642,642,642,642,642,642,
goal:642,642,642,642,642,642,642,642,642,642,642,642,642,642,642,642,642,642,642,642,642,642,642,642,642,642,642,642,642,642,642,642,642,642,642,642,642,642,642,642,642,642,642,642,642,
size:22
[agent] id:20
path:290,258,258,258,258,258,258,258,258,258,258,258,258,258,258,258,258,258,258,258,258,258,258,258,258,258,258,258,258,258,258,258,258,258,258,258,258,258,258,258,258,258,258,258,258,
goal:258,258,258,258,258,258,258,258,258,258,258,258,258,258,258,258,258,258,258,258,258,258,258,258,258,258,258,258,258,258,258,258,258,258,258,258,258,258,258,258,258,258,258,258,258,
size:1
[agent] id:21
path:641,609,577,545,513,514,515,516,517,518,519,520,521,489,457,458,426,427,395,396,364,332,300,268,269,270,271,239,240,241,209,210,211,212,213,214,215,216,217,218,250,250,250,250,250,
goal:250,250,250,250,250,250,250,250,250,250,250,250,250,250,250,250,250,250,250,250,250,250,250,250,250,250,250,250,250,250,250,250,250,250,250,250,250,250,250,250,250,250,250,250,250,
size:40
[agent] id:22
path:771,739,707,708,676,644,645,646,647,648,649,650,651,652,653,654,655,656,657,658,626,627,628,596,564,565,533,534,535,503,504,472,473,441,442,442,442,442,442,442,442,442,442,442,442,
goal:442,442,442,442,442,442,442,442,442,442,442,442,442,442,442,442,442,442,442,442,442,442,442,442,442,442,442,442,442,442,442,442,442,442,442,442,442,442,442,442,442,442,442,442,442,
size:34
[agent] id:23
path:443,442,441,409,408,407,439,438,470,469,501,533,565,564,563,562,562,562,562,562,562,562,562,562,562,562,562,562,562,562,562,562,562,562,562,562,562,562,562,562,562,562,562,562,562,
goal:562,562,562,562,562,562,562,562,562,562,562,562,562,562,562,562,562,562,562,562,562,562,562,562,562,562,562,562,562,562,562,562,562,562,562,562,562,562,562,562,562,562,562,562,562,
size:15
[agent] id:24
path:332,364,396,428,460,461,493,525,557,589,621,653,685,717,716,715,747,779,811,810,810,810,810,810,810,810,810,810,810,810,810,810,810,810,810,810,810,810,810,810,810,810,810,810,810,
goal:810,810,810,810,810,810,810,810,810,810,810,810,810,810,810,810,810,810,810,810,810,810,810,810,810,810,810,810,810,810,810,810,810,810,810,810,810,810,810,810,810,810,810,810,810,
size:19
[agent] id:25
path:720,688,656,657,658,626,594,562,530,498,499,500,501,501,501,501,501,501,501,501,501,501,501,501,501,501,501,501,501,501,501,501,501,501,501,501,501,501,501,501,501,501,501,501,501,
goal:501,501,501,501,501,501,501,501,501,501,501,501,501,501,501,501,501,501,501,501,501,501,501,501,501,501,501,501,501,501,501,501,501,501,501,501,501,501,501,501,501,501,501,501,501,
size:12
[agent] id:26
path:566,565,564,563,531,530,529,528,527,526,494,493,461,429,397,396,395,394,393,392,391,359,358,357,356,355,354,353,352,320,288,256,257,257,257,257,257,257,257,257,257,257,257,257,257,
goal:257,257,257,257,257,257,257,257,257,257,257,257,257,257,257,257,257,257,257,257,257,257,257,257,257,257,257,257,257,257,257,257,257,257,257,257,257,257,257,257,257,257,257,257,257,
size:32
[agent] id:27
path:185,217,216,248,280,312,344,376,408,407,439,438,470,469,468,500,499,498,530,529,561,593,592,591,623,655,654,653,685,717,716,715,714,713,745,744,776,808,807,806,806,806,806,806,806,
goal:806,806,806,806,806,806,806,806,806,806,806,806,806,806,806,806,806,806,806,806,806,806,806,806,806,806,806,806,806,806,806,806,806,806,806,806,806,806,806,806,806,806,806,806,806,
size:39
[agent] id:28
path:82,114,146,178,210,242,274,306,307,308,309,341,373,405,406,406,406,406,406,406,406,406,406,406,406,406,406,406,406,406,406,406,406,406,406,406,406,406,406,406,406,406,406,406,406,
goal:406,406,406,406,406,406,406,406,406,406,406,406,406,406,406,406,406,406,406,406,406,406,406,406,406,406,406,406,406,406,406,406,406,406,406,406,406,406,406,406,406,406,406,406,406,
size:14
[agent] id:29
path:779,747,715,716,717,718,686,687,688,720,721,721,721,721,721,721,721,721,721,721,721,721,721,721,721,721,721,721,721,721,721,721,721,721,721,721,721,721,721,721,721,721,721,721,721,
goal:721,721,721,721,721,721,721,721,721,721,721,721,721,721,721,721,721,721,721,721,721,721,721,721,721,721,721,721,721,721,721,721,721,721,721,721,721,721,721,721,721,721,721,721,721,
size:10
SolutionCost:633
