[setting] seed:1719
[solver] type:SASB-ECBS
[solver] w:2.000000
[solver] ID:0
[solver] Lowlevelnode:3173
[solver] Highlevelnode:17
[solver] ConflictCount:9
[solver] solved:1
[solver] elapsed:32
[solver] makespan:43
[problem] timesteplimit:15000
[problem] type:MAPF
[problem] agentnum:30
[graph] width:32
[graph] height:32
[graph] filename:./map/32by32_agents10_ex30.map
[task] id:21,start:0,end:0,service time:0,nodes:885,
[task] id:3,start:0,end:0,service time:0,nodes:937,
[task] id:0,start:0,end:0,service time:0,nodes:266,
[task] id:6,start:0,end:0,service time:0,nodes:946,
[task] id:11,start:0,end:0,service time:0,nodes:847,
[task] id:16,start:0,end:0,service time:0,nodes:989,
[task] id:23,start:0,end:0,service time:0,nodes:512,
[task] id:9,start:0,end:0,service time:0,nodes:837,
[task] id:5,start:0,end:0,service time:0,nodes:652,
[task] id:13,start:0,end:0,service time:0,nodes:247,
[task] id:22,start:0,end:0,service time:0,nodes:926,
[task] id:25,start:0,end:0,service time:0,nodes:571,
[task] id:28,start:0,end:0,service time:0,nodes:499,
[task] id:8,start:0,end:0,service time:0,nodes:94,
[task] id:27,start:0,end:0,service time:0,nodes:401,
[task] id:14,start:0,end:0,service time:0,nodes:138,
[task] id:12,start:0,end:0,service time:0,nodes:207,
[task] id:7,start:0,end:0,service time:0,nodes:36,
[task] id:10,start:0,end:0,service time:0,nodes:19,
[task] id:19,start:0,end:0,service time:0,nodes:80,
[task] id:26,start:0,end:0,service time:0,nodes:814,
[task] id:17,start:0,end:0,service time:0,nodes:286,
[task] id:24,start:0,end:0,service time:0,nodes:99,
[task] id:18,start:0,end:0,service time:0,nodes:894,
[task] id:4,start:0,end:0,service time:0,nodes:514,
[task] id:15,start:0,end:0,service time:0,nodes:908,
[task] id:2,start:0,end:0,service time:0,nodes:256,
[task] id:20,start:0,end:0,service time:0,nodes:934,
[task] id:29,start:0,end:0,service time:0,nodes:810,
[task] id:1,start:0,end:0,service time:0,nodes:60,
[agent] id:0
path:171,203,235,234,266,266,266,266,266,266,266,266,266,266,266,266,266,266,266,266,266,266,266,266,266,266,266,266,266,266,266,266,266,266,266,266,266,266,266,266,266,266,266,266,
goal:266,266,266,266,266,266,266,266,266,266,266,266,266,266,266,266,266,266,266,266,266,266,266,266,266,266,266,266,266,266,266,266,266,266,266,266,266,266,266,266,266,266,266,266,
size:4
[agent] id:1
path:941,909,877,845,846,814,782,750,718,686,654,622,590,558,526,527,528,529,497,465,433,401,369,337,305,273,241,209,210,211,212,213,181,182,150,151,119,87,88,89,90,91,92,60,
goal:60,60,60,60,60,60,60,60,60,60,60,60,60,60,60,60,60,60,60,60,60,60,60,60,60,60,60,60,60,60,60,60,60,60,60,60,60,60,60,60,60,60,60,60,
size:43
[agent] id:2
path:126,158,190,189,188,188,187,219,218,217,216,215,214,213,212,211,243,242,241,240,239,207,206,205,173,205,204,203,202,201,200,199,231,263,262,261,260,259,258,257,256,256,256,256,
goal:256,256,256,256,256,256,256,256,256,256,256,256,256,256,256,256,256,256,256,256,256,256,256,256,256,256,256,256,256,256,256,256,256,256,256,256,256,256,256,256,256,256,256,256,
size:40
[agent] id:3
path:907,939,938,937,937,937,937,937,937,937,937,937,937,937,937,937,937,937,937,937,937,937,937,937,937,937,937,937,937,937,937,937,937,937,937,937,937,937,937,937,937,937,937,937,
goal:937,937,937,937,937,937,937,937,937,937,937,937,937,937,937,937,937,937,937,937,937,937,937,937,937,937,937,937,937,937,937,937,937,937,937,937,937,937,937,937,937,937,937,937,
size:3
[agent] id:4
path:317,349,381,380,379,378,410,442,474,473,472,504,536,535,567,566,565,564,563,562,561,560,559,558,557,556,555,554,522,521,520,519,518,517,516,515,514,514,514,514,514,514,514,514,
goal:514,514,514,514,514,514,514,514,514,514,514,514,514,514,514,514,514,514,514,514,514,514,514,514,514,514,514,514,514,514,514,514,514,514,514,514,514,514,514,514,514,514,514,514,
size:36
[agent] id:5
path:945,913,881,849,848,847,846,814,782,750,718,686,654,653,652,652,652,652,652,652,652,652,652,652,652,652,652,652,652,652,652,652,652,652,652,652,652,652,652,652,652,652,652,652,
goal:652,652,652,652,652,652,652,652,652,652,652,652,652,652,652,652,652,652,652,652,652,652,652,652,652,652,652,652,652,652,652,652,652,652,652,652,652,652,652,652,652,652,652,652,
size:14
[agent] id:6
path:939,940,941,942,943,944,945,946,946,946,946,946,946,946,946,946,946,946,946,946,946,946,946,946,946,946,946,946,946,946,946,946,946,946,946,946,946,946,946,946,946,946,946,946,
goal:946,946,946,946,946,946,946,946,946,946,946,946,946,946,946,946,946,946,946,946,946,946,946,946,946,946,946,946,946,946,946,946,946,946,946,946,946,946,946,946,946,946,946,946,
size:7
[agent] id:7
path:92,91,90,58,57,56,55,54,53,52,51,50,49,48,80,79,78,77,45,44,12,11,10,42,41,40,39,38,37,36,36,36,36,36,36,36,36,36,36,36,36,36,36,36,
goal:36,36,36,36,36,36,36,36,36,36,36,36,36,36,36,36,36,36,36,36,36,36,36,36,36,36,36,36,36,36,36,36,36,36,36,36,36,36,36,36,36,36,36,36,
size:29
[agent] id:8
path:142,110,78,79,80,81,82,83,84,84,52,53,54,86,87,88,89,90,91,92,93,94,94,94,94,94,94,94,94,94,94,94,94,94,94,94,94,94,94,94,94,94,94,94,
goal:94,94,94,94,94,94,94,94,94,94,94,94,94,94,94,94,94,94,94,94,94,94,94,94,94,94,94,94,94,94,94,94,94,94,94,94,94,94,94,94,94,94,94,94,
size:21
[agent] id:9
path:650,682,714,713,745,744,776,808,840,839,838,837,837,837,837,837,837,837,837,837,837,837,837,837,837,837,837,837,837,837,837,837,837,837,837,837,837,837,837,837,837,837,837,837,
goal:837,837,837,837,837,837,837,837,837,837,837,837,837,837,837,837,837,837,837,837,837,837,837,837,837,837,837,837,837,837,837,837,837,837,837,837,837,837,837,837,837,837,837,837,
size:11
[agent] id:10
path:130,162,161,193,225,257,258,259,227,228,229,230,231,199,200,201,202,203,171,172,173,174,142,110,78,79,80,48,49,17,18,19,19,19,19,19,19,19,19,19,19,19,19,19,
goal:19,19,19,19,19,19,19,19,19,19,19,19,19,19,19,19,19,19,19,19,19,19,19,19,19,19,19,19,19,19,19,19,19,19,19,19,19,19,19,19,19,19,19,19,
size:31
[agent] id:11
path:872,840,841,842,843,844,845,846,847,847,847,847,847,847,847,847,847,847,847,847,847,847,847,847,847,847,847,847,847,847,847,847,847,847,847,847,847,847,847,847,847,847,847,847,
goal:847,847,847,847,847,847,847,847,847,847,847,847,847,847,847,847,847,847,847,847,847,847,847,847,847,847,847,847,847,847,847,847,847,847,847,847,847,847,847,847,847,847,847,847,
size:8
[agent] id:12
path:742,710,678,646,614,582,550,518,486,454,422,423,391,392,393,394,395,396,397,396,364,332,300,268,269,270,271,239,207,207,207,207,207,207,207,207,207,207,207,207,207,207,207,207,
goal:207,207,207,207,207,207,207,207,207,207,207,207,207,207,207,207,207,207,207,207,207,207,207,207,207,207,207,207,207,207,207,207,207,207,207,207,207,207,207,207,207,207,207,207,
size:28
[agent] id:13
path:529,497,465,433,401,369,337,305,306,307,308,309,310,311,279,247,247,247,247,247,247,247,247,247,247,247,247,247,247,247,247,247,247,247,247,247,247,247,247,247,247,247,247,247,
goal:247,247,247,247,247,247,247,247,247,247,247,247,247,247,247,247,247,247,247,247,247,247,247,247,247,247,247,247,247,247,247,247,247,247,247,247,247,247,247,247,247,247,247,247,
size:15
[agent] id:14
path:536,535,534,533,501,469,437,436,435,403,402,401,369,337,305,273,241,240,239,207,206,205,173,172,140,139,138,138,138,138,138,138,138,138,138,138,138,138,138,138,138,138,138,138,
goal:138,138,138,138,138,138,138,138,138,138,138,138,138,138,138,138,138,138,138,138,138,138,138,138,138,138,138,138,138,138,138,138,138,138,138,138,138,138,138,138,138,138,138,138,
size:26
[agent] id:15
path:96,64,65,66,67,68,69,101,133,165,197,229,261,293,294,326,358,390,422,454,486,518,550,582,614,646,678,710,742,774,806,838,839,840,841,842,874,906,907,908,908,908,908,908,
goal:908,908,908,908,908,908,908,908,908,908,908,908,908,908,908,908,908,908,908,908,908,908,908,908,908,908,908,908,908,908,908,908,908,908,908,908,908,908,908,908,908,908,908,908,
size:39
[agent] id:16
path:857,858,859,860,892,924,956,988,989,989,989,989,989,989,989,989,989,989,989,989,989,989,989,989,989,989,989,989,989,989,989,989,989,989,989,989,989,989,989,989,989,989,989,989,
goal:989,989,989,989,989,989,989,989,989,989,989,989,989,989,989,989,989,989,989,989,989,989,989,989,989,989,989,989,989,989,989,989,989,989,989,989,989,989,989,989,989,989,989,989,
size:8
[agent] id:17
path:913,881,849,850,818,786,754,722,690,658,626,594,562,530,498,466,434,435,436,437,405,373,374,375,376,377,378,379,347,315,316,317,285,286,286,286,286,286,286,286,286,286,286,286,
goal:286,286,286,286,286,286,286,286,286,286,286,286,286,286,286,286,286,286,286,286,286,286,286,286,286,286,286,286,286,286,286,286,286,286,286,286,286,286,286,286,286,286,286,286,
size:33
[agent] id:18
path:186,218,217,216,248,280,312,344,376,408,409,441,473,472,504,536,537,569,570,602,634,635,667,699,700,701,733,765,797,798,830,831,863,895,894,894,894,894,894,894,894,894,894,894,
goal:894,894,894,894,894,894,894,894,894,894,894,894,894,894,894,894,894,894,894,894,894,894,894,894,894,894,894,894,894,894,894,894,894,894,894,894,894,894,894,894,894,894,894,894,
size:34
[agent] id:19
path:876,844,845,846,814,782,750,718,686,654,622,590,558,526,527,528,529,497,465,433,401,369,337,305,273,241,209,177,145,113,81,80,80,80,80,80,80,80,80,80,80,80,80,80,
goal:80,80,80,80,80,80,80,80,80,80,80,80,80,80,80,80,80,80,80,80,80,80,80,80,80,80,80,80,80,80,80,80,80,80,80,80,80,80,80,80,80,80,80,80,
size:31
[agent] id:20
path:150,182,214,213,212,211,243,242,274,273,305,304,303,302,301,300,332,364,396,428,460,459,458,490,522,554,553,552,584,616,648,680,712,744,776,808,840,872,904,936,935,934,934,934,
goal:934,934,934,934,934,934,934,934,934,934,934,934,934,934,934,934,934,934,934,934,934,934,934,934,934,934,934,934,934,934,934,934,934,934,934,934,934,934,934,934,934,934,934,934,
size:41
[agent] id:21
path:886,885,885,885,885,885,885,885,885,885,885,885,885,885,885,885,885,885,885,885,885,885,885,885,885,885,885,885,885,885,885,885,885,885,885,885,885,885,885,885,885,885,885,885,
goal:885,885,885,885,885,885,885,885,885,885,885,885,885,885,885,885,885,885,885,885,885,885,885,885,885,885,885,885,885,885,885,885,885,885,885,885,885,885,885,885,885,885,885,885,
size:1
[agent] id:22
path:600,632,664,696,728,760,792,824,825,857,858,859,860,892,924,925,926,926,926,926,926,926,926,926,926,926,926,926,926,926,926,926,926,926,926,926,926,926,926,926,926,926,926,926,
goal:926,926,926,926,926,926,926,926,926,926,926,926,926,926,926,926,926,926,926,926,926,926,926,926,926,926,926,926,926,926,926,926,926,926,926,926,926,926,926,926,926,926,926,926,
size:16
[agent] id:23
path:256,288,320,352,384,416,448,480,512,512,512,512,512,512,512,512,512,512,512,512,512,512,512,512,512,512,512,512,512,512,512,512,512,512,512,512,512,512,512,512,512,512,512,512,
goal:512,512,512,512,512,512,512,512,512,512,512,512,512,512,512,512,512,512,512,512,512,512,512,512,512,512,512,512,512,512,512,512,512,512,512,512,512,512,512,512,512,512,512,512,
size:8
[agent] id:24
path:188,187,219,218,217,216,215,214,213,212,211,243,242,241,240,239,207,206,205,204,172,140,139,107,75,74,73,72,71,70,69,68,67,99,99,99,99,99,99,99,99,99,99,99,
goal:99,99,99,99,99,99,99,99,99,99,99,99,99,99,99,99,99,99,99,99,99,99,99,99,99,99,99,99,99,99,99,99,99,99,99,99,99,99,99,99,99,99,99,99,
size:33
[agent] id:25
path:255,287,286,318,317,349,381,413,414,446,478,477,509,508,540,539,571,571,571,571,571,571,571,571,571,571,571,571,571,571,571,571,571,571,571,571,571,571,571,571,571,571,571,571,
goal:571,571,571,571,571,571,571,571,571,571,571,571,571,571,571,571,571,571,571,571,571,571,571,571,571,571,571,571,571,571,571,571,571,571,571,571,571,571,571,571,571,571,571,571,
size:16
[agent] id:26
path:101,133,165,197,229,261,293,294,326,358,390,422,454,486,518,550,582,614,646,678,710,711,712,713,714,715,716,717,749,781,782,814,814,814,814,814,814,814,814,814,814,814,814,814,
goal:814,814,814,814,814,814,814,814,814,814,814,814,814,814,814,814,814,814,814,814,814,814,814,814,814,814,814,814,814,814,814,814,814,814,814,814,814,814,814,814,814,814,814,814,
size:31
[agent] id:27
path:744,712,680,648,616,584,552,553,554,555,556,524,525,525,525,526,527,528,529,497,465,433,401,401,401,401,401,401,401,401,401,401,401,401,401,401,401,401,401,401,401,401,401,401,
goal:401,401,401,401,401,401,401,401,401,401,401,401,401,401,401,401,401,401,401,401,401,401,401,401,401,401,401,401,401,401,401,401,401,401,401,401,401,401,401,401,401,401,401,401,
size:22
[agent] id:28
path:185,217,216,248,280,312,344,376,408,407,439,438,470,469,501,500,499,499,499,499,499,499,499,499,499,499,499,499,499,499,499,499,499,499,499,499,499,499,499,499,499,499,499,499,
goal:499,499,499,499,499,499,499,499,499,499,499,499,499,499,499,499,499,499,499,499,499,499,499,499,499,499,499,499,499,499,499,499,499,499,499,499,499,499,499,499,499,499,499,499,
size:16
[agent] id:29
path:93,92,91,123,155,187,219,218,217,216,248,280,312,344,376,408,407,439,438,470,469,501,533,565,597,629,661,693,692,691,690,689,688,687,686,718,717,716,715,747,779,811,810,810,
goal:810,810,810,810,810,810,810,810,810,810,810,810,810,810,810,810,810,810,810,810,810,810,810,810,810,810,810,810,810,810,810,810,810,810,810,810,810,810,810,810,810,810,810,810,
size:42
SolutionCost:687
