[setting] seed:16392
[solver] type:SASB-ECBS
[solver] w:2.000000
[solver] ID:0
[solver] Lowlevelnode:8385
[solver] Highlevelnode:27
[solver] ConflictCount:14
[solver] solved:1
[solver] elapsed:54
[solver] makespan:50
[problem] timesteplimit:15000
[problem] type:MAPF
[problem] agentnum:30
[graph] width:32
[graph] height:32
[graph] filename:./map/32by32_agents10_ex30.map
[task] id:9,start:0,end:0,service time:0,nodes:200,
[task] id:18,start:0,end:0,service time:0,nodes:553,
[task] id:19,start:0,end:0,service time:0,nodes:555,
[task] id:10,start:0,end:0,service time:0,nodes:212,
[task] id:16,start:0,end:0,service time:0,nodes:548,
[task] id:0,start:0,end:0,service time:0,nodes:424,
[task] id:4,start:0,end:0,service time:0,nodes:443,
[task] id:15,start:0,end:0,service time:0,nodes:393,
[task] id:24,start:0,end:0,service time:0,nodes:261,
[task] id:11,start:0,end:0,service time:0,nodes:494,
[task] id:20,start:0,end:0,service time:0,nodes:373,
[task] id:12,start:0,end:0,service time:0,nodes:797,
[task] id:13,start:0,end:0,service time:0,nodes:103,
[task] id:25,start:0,end:0,service time:0,nodes:468,
[task] id:17,start:0,end:0,service time:0,nodes:914,
[task] id:27,start:0,end:0,service time:0,nodes:225,
[task] id:7,start:0,end:0,service time:0,nodes:544,
[task] id:14,start:0,end:0,service time:0,nodes:138,
[task] id:3,start:0,end:0,service time:0,nodes:577,
[task] id:22,start:0,end:0,service time:0,nodes:489,
[task] id:1,start:0,end:0,service time:0,nodes:330,
[task] id:8,start:0,end:0,service time:0,nodes:999,
[task] id:28,start:0,end:0,service time:0,nodes:534,
[task] id:6,start:0,end:0,service time:0,nodes:99,
[task] id:21,start:0,end:0,service time:0,nodes:187,
[task] id:2,start:0,end:0,service time:0,nodes:956,
[task] id:5,start:0,end:0,service time:0,nodes:846,
[task] id:23,start:0,end:0,service time:0,nodes:318,
[task] id:26,start:0,end:0,service time:0,nodes:741,
[task] id:29,start:0,end:0,service time:0,nodes:127,
[agent] id:0
path:227,259,260,292,293,294,326,358,390,422,423,424,424,424,424,424,424,424,424,424,424,424,424,424,424,424,424,424,424,424,424,424,424,424,424,424,424,424,424,424,424,424,424,424,424,424,424,424,424,424,424,
goal:424,424,424,424,424,424,424,424,424,424,424,424,424,424,424,424,424,424,424,424,424,424,424,424,424,424,424,424,424,424,424,424,424,424,424,424,424,424,424,424,424,424,424,424,424,424,424,424,424,424,424,
size:11
[agent] id:1
path:887,855,823,791,759,727,695,663,631,599,567,566,565,564,563,531,530,529,528,527,526,525,493,461,429,397,396,364,332,331,330,330,330,330,330,330,330,330,330,330,330,330,330,330,330,330,330,330,330,330,330,
goal:330,330,330,330,330,330,330,330,330,330,330,330,330,330,330,330,330,330,330,330,330,330,330,330,330,330,330,330,330,330,330,330,330,330,330,330,330,330,330,330,330,330,330,330,330,330,330,330,330,330,330,
size:30
[agent] id:2
path:548,549,550,582,614,646,647,648,649,650,651,652,653,685,686,687,688,720,721,722,723,724,725,757,758,759,791,823,824,825,857,858,859,860,892,924,956,956,956,956,956,956,956,956,956,956,956,956,956,956,956,
goal:956,956,956,956,956,956,956,956,956,956,956,956,956,956,956,956,956,956,956,956,956,956,956,956,956,956,956,956,956,956,956,956,956,956,956,956,956,956,956,956,956,956,956,956,956,956,956,956,956,956,956,
size:36
[agent] id:3
path:819,818,786,754,722,690,658,657,656,655,623,622,621,620,619,618,617,616,615,614,613,612,611,579,578,577,577,577,577,577,577,577,577,577,577,577,577,577,577,577,577,577,577,577,577,577,577,577,577,577,577,
goal:577,577,577,577,577,577,577,577,577,577,577,577,577,577,577,577,577,577,577,577,577,577,577,577,577,577,577,577,577,577,577,577,577,577,577,577,577,577,577,577,577,577,577,577,577,577,577,577,577,577,577,
size:25
[agent] id:4
path:276,308,309,341,373,405,406,407,408,409,441,442,443,443,443,443,443,443,443,443,443,443,443,443,443,443,443,443,443,443,443,443,443,443,443,443,443,443,443,443,443,443,443,443,443,443,443,443,443,443,443,
goal:443,443,443,443,443,443,443,443,443,443,443,443,443,443,443,443,443,443,443,443,443,443,443,443,443,443,443,443,443,443,443,443,443,443,443,443,443,443,443,443,443,443,443,443,443,443,443,443,443,443,443,
size:12
[agent] id:5
path:96,64,65,66,67,68,69,101,133,165,197,229,261,293,294,293,294,326,358,390,422,454,486,518,550,582,614,646,678,710,742,774,806,838,839,840,841,842,843,844,845,846,846,846,846,846,846,846,846,846,846,
goal:846,846,846,846,846,846,846,846,846,846,846,846,846,846,846,846,846,846,846,846,846,846,846,846,846,846,846,846,846,846,846,846,846,846,846,846,846,846,846,846,846,846,846,846,846,846,846,846,846,846,846,
size:41
[agent] id:6
path:501,469,437,436,435,403,402,401,369,337,305,273,241,240,239,207,206,174,173,172,140,139,107,75,74,73,72,71,70,69,68,67,99,99,99,99,99,99,99,99,99,99,99,99,99,99,99,99,99,99,99,
goal:99,99,99,99,99,99,99,99,99,99,99,99,99,99,99,99,99,99,99,99,99,99,99,99,99,99,99,99,99,99,99,99,99,99,99,99,99,99,99,99,99,99,99,99,99,99,99,99,99,99,99,
size:32
[agent] id:7
path:1002,970,938,906,874,842,810,809,808,776,744,712,680,648,616,615,614,613,612,611,579,578,577,545,544,544,544,544,544,544,544,544,544,544,544,544,544,544,544,544,544,544,544,544,544,544,544,544,544,544,544,
goal:544,544,544,544,544,544,544,544,544,544,544,544,544,544,544,544,544,544,544,544,544,544,544,544,544,544,544,544,544,544,544,544,544,544,544,544,544,544,544,544,544,544,544,544,544,544,544,544,544,544,544,
size:24
[agent] id:8
path:225,257,258,290,322,354,355,356,357,389,421,453,485,517,549,550,582,614,646,678,710,742,774,806,838,870,902,934,966,998,999,999,999,999,999,999,999,999,999,999,999,999,999,999,999,999,999,999,999,999,999,
goal:999,999,999,999,999,999,999,999,999,999,999,999,999,999,999,999,999,999,999,999,999,999,999,999,999,999,999,999,999,999,999,999,999,999,999,999,999,999,999,999,999,999,999,999,999,999,999,999,999,999,999,
size:30
[agent] id:9
path:266,234,202,201,200,200,200,200,200,200,200,200,200,200,200,200,200,200,200,200,200,200,200,200,200,200,200,200,200,200,200,200,200,200,200,200,200,200,200,200,200,200,200,200,200,200,200,200,200,200,200,
goal:200,200,200,200,200,200,200,200,200,200,200,200,200,200,200,200,200,200,200,200,200,200,200,200,200,200,200,200,200,200,200,200,200,200,200,200,200,200,200,200,200,200,200,200,200,200,200,200,200,200,200,
size:4
[agent] id:10
path:302,270,271,239,240,241,209,210,211,212,212,212,212,212,212,212,212,212,212,212,212,212,212,212,212,212,212,212,212,212,212,212,212,212,212,212,212,212,212,212,212,212,212,212,212,212,212,212,212,212,212,
goal:212,212,212,212,212,212,212,212,212,212,212,212,212,212,212,212,212,212,212,212,212,212,212,212,212,212,212,212,212,212,212,212,212,212,212,212,212,212,212,212,212,212,212,212,212,212,212,212,212,212,212,
size:9
[agent] id:11
path:483,484,485,486,487,519,520,521,489,490,458,459,460,461,493,494,494,494,494,494,494,494,494,494,494,494,494,494,494,494,494,494,494,494,494,494,494,494,494,494,494,494,494,494,494,494,494,494,494,494,494,
goal:494,494,494,494,494,494,494,494,494,494,494,494,494,494,494,494,494,494,494,494,494,494,494,494,494,494,494,494,494,494,494,494,494,494,494,494,494,494,494,494,494,494,494,494,494,494,494,494,494,494,494,
size:15
[agent] id:12
path:626,658,690,722,723,724,725,757,758,759,791,792,793,794,795,796,797,797,797,797,797,797,797,797,797,797,797,797,797,797,797,797,797,797,797,797,797,797,797,797,797,797,797,797,797,797,797,797,797,797,797,
goal:797,797,797,797,797,797,797,797,797,797,797,797,797,797,797,797,797,797,797,797,797,797,797,797,797,797,797,797,797,797,797,797,797,797,797,797,797,797,797,797,797,797,797,797,797,797,797,797,797,797,797,
size:16
[agent] id:13
path:519,487,486,454,422,390,358,359,359,358,326,294,262,263,263,231,199,167,135,103,103,103,103,103,103,103,103,103,103,103,103,103,103,103,103,103,103,103,103,103,103,103,103,103,103,103,103,103,103,103,103,
goal:103,103,103,103,103,103,103,103,103,103,103,103,103,103,103,103,103,103,103,103,103,103,103,103,103,103,103,103,103,103,103,103,103,103,103,103,103,103,103,103,103,103,103,103,103,103,103,103,103,103,103,
size:19
[agent] id:14
path:741,709,677,645,613,614,582,550,518,486,454,422,390,358,326,294,262,230,231,199,167,135,136,137,138,138,138,138,138,138,138,138,138,138,138,138,138,138,138,138,138,138,138,138,138,138,138,138,138,138,138,
goal:138,138,138,138,138,138,138,138,138,138,138,138,138,138,138,138,138,138,138,138,138,138,138,138,138,138,138,138,138,138,138,138,138,138,138,138,138,138,138,138,138,138,138,138,138,138,138,138,138,138,138,
size:24
[agent] id:15
path:306,305,304,303,302,301,300,332,364,396,395,394,393,393,393,393,393,393,393,393,393,393,393,393,393,393,393,393,393,393,393,393,393,393,393,393,393,393,393,393,393,393,393,393,393,393,393,393,393,393,393,
goal:393,393,393,393,393,393,393,393,393,393,393,393,393,393,393,393,393,393,393,393,393,393,393,393,393,393,393,393,393,393,393,393,393,393,393,393,393,393,393,393,393,393,393,393,393,393,393,393,393,393,393,
size:12
[agent] id:16
path:706,707,708,676,644,612,611,579,547,548,548,548,548,548,548,548,548,548,548,548,548,548,548,548,548,548,548,548,548,548,548,548,548,548,548,548,548,548,548,548,548,548,548,548,548,548,548,548,548,548,548,
goal:548,548,548,548,548,548,548,548,548,548,548,548,548,548,548,548,548,548,548,548,548,548,548,548,548,548,548,548,548,548,548,548,548,548,548,548,548,548,548,548,548,548,548,548,548,548,548,548,548,548,548,
size:9
[agent] id:17
path:540,539,571,603,635,667,699,731,730,762,794,793,825,824,823,855,887,886,885,884,883,915,914,914,914,914,914,914,914,914,914,914,914,914,914,914,914,914,914,914,914,914,914,914,914,914,914,914,914,914,914,
goal:914,914,914,914,914,914,914,914,914,914,914,914,914,914,914,914,914,914,914,914,914,914,914,914,914,914,914,914,914,914,914,914,914,914,914,914,914,914,914,914,914,914,914,914,914,914,914,914,914,914,914,
size:22
[agent] id:18
path:612,613,614,615,583,551,552,553,553,553,553,553,553,553,553,553,553,553,553,553,553,553,553,553,553,553,553,553,553,553,553,553,553,553,553,553,553,553,553,553,553,553,553,553,553,553,553,553,553,553,553,
goal:553,553,553,553,553,553,553,553,553,553,553,553,553,553,553,553,553,553,553,553,553,553,553,553,553,553,553,553,553,553,553,553,553,553,553,553,553,553,553,553,553,553,553,553,553,553,553,553,553,553,553,
size:7
[agent] id:19
path:563,562,561,560,559,558,557,556,555,555,555,555,555,555,555,555,555,555,555,555,555,555,555,555,555,555,555,555,555,555,555,555,555,555,555,555,555,555,555,555,555,555,555,555,555,555,555,555,555,555,555,
goal:555,555,555,555,555,555,555,555,555,555,555,555,555,555,555,555,555,555,555,555,555,555,555,555,555,555,555,555,555,555,555,555,555,555,555,555,555,555,555,555,555,555,555,555,555,555,555,555,555,555,555,
size:8
[agent] id:20
path:667,635,603,602,570,538,537,536,535,534,533,501,469,437,405,373,373,373,373,373,373,373,373,373,373,373,373,373,373,373,373,373,373,373,373,373,373,373,373,373,373,373,373,373,373,373,373,373,373,373,373,
goal:373,373,373,373,373,373,373,373,373,373,373,373,373,373,373,373,373,373,373,373,373,373,373,373,373,373,373,373,373,373,373,373,373,373,373,373,373,373,373,373,373,373,373,373,373,373,373,373,373,373,373,
size:15
[agent] id:21
path:3,35,36,37,38,39,7,8,9,10,11,12,44,45,77,78,79,80,48,49,50,51,52,53,54,86,87,119,151,183,184,185,186,187,187,187,187,187,187,187,187,187,187,187,187,187,187,187,187,187,187,
goal:187,187,187,187,187,187,187,187,187,187,187,187,187,187,187,187,187,187,187,187,187,187,187,187,187,187,187,187,187,187,187,187,187,187,187,187,187,187,187,187,187,187,187,187,187,187,187,187,187,187,187,
size:33
[agent] id:22
path:604,636,635,634,633,632,600,599,567,566,565,564,563,562,561,560,559,558,557,525,493,461,460,459,458,490,489,489,489,489,489,489,489,489,489,489,489,489,489,489,489,489,489,489,489,489,489,489,489,489,489,
goal:489,489,489,489,489,489,489,489,489,489,489,489,489,489,489,489,489,489,489,489,489,489,489,489,489,489,489,489,489,489,489,489,489,489,489,489,489,489,489,489,489,489,489,489,489,489,489,489,489,489,489,
size:26
[agent] id:23
path:545,513,514,515,516,517,518,519,520,521,522,490,458,426,394,395,396,364,332,300,301,302,303,304,305,306,307,308,309,341,342,374,375,376,377,378,379,347,315,316,317,318,318,318,318,318,318,318,318,318,318,
goal:318,318,318,318,318,318,318,318,318,318,318,318,318,318,318,318,318,318,318,318,318,318,318,318,318,318,318,318,318,318,318,318,318,318,318,318,318,318,318,318,318,318,318,318,318,318,318,318,318,318,318,
size:41
[agent] id:24
path:9,41,73,105,137,169,168,167,199,231,230,230,229,261,261,261,261,261,261,261,261,261,261,261,261,261,261,261,261,261,261,261,261,261,261,261,261,261,261,261,261,261,261,261,261,261,261,261,261,261,261,
goal:261,261,261,261,261,261,261,261,261,261,261,261,261,261,261,261,261,261,261,261,261,261,261,261,261,261,261,261,261,261,261,261,261,261,261,261,261,261,261,261,261,261,261,261,261,261,261,261,261,261,261,
size:13
[agent] id:25
path:75,107,139,171,203,235,236,268,300,301,302,334,366,367,399,431,463,464,465,466,467,468,468,468,468,468,468,468,468,468,468,468,468,468,468,468,468,468,468,468,468,468,468,468,468,468,468,468,468,468,468,
goal:468,468,468,468,468,468,468,468,468,468,468,468,468,468,468,468,468,468,468,468,468,468,468,468,468,468,468,468,468,468,468,468,468,468,468,468,468,468,468,468,468,468,468,468,468,468,468,468,468,468,468,
size:21
[agent] id:26
path:90,122,121,153,185,217,216,248,280,312,344,376,408,407,439,438,470,469,501,533,565,597,629,661,693,692,691,690,689,688,687,686,718,717,716,715,714,713,745,744,743,742,741,741,741,741,741,741,741,741,741,
goal:741,741,741,741,741,741,741,741,741,741,741,741,741,741,741,741,741,741,741,741,741,741,741,741,741,741,741,741,741,741,741,741,741,741,741,741,741,741,741,741,741,741,741,741,741,741,741,741,741,741,741,
size:42
[agent] id:27
path:77,78,110,142,174,206,205,204,203,202,201,169,168,167,166,165,197,229,228,260,259,258,257,225,225,225,225,225,225,225,225,225,225,225,225,225,225,225,225,225,225,225,225,225,225,225,225,225,225,225,225,
goal:225,225,225,225,225,225,225,225,225,225,225,225,225,225,225,225,225,225,225,225,225,225,225,225,225,225,225,225,225,225,225,225,225,225,225,225,225,225,225,225,225,225,225,225,225,225,225,225,225,225,225,
size:23
[agent] id:28
path:933,901,869,837,805,773,741,709,677,645,646,647,648,649,650,651,619,620,621,589,557,558,559,560,561,562,563,564,565,533,534,534,534,534,534,534,534,534,534,534,534,534,534,534,534,534,534,534,534,534,534,
goal:534,534,534,534,534,534,534,534,534,534,534,534,534,534,534,534,534,534,534,534,534,534,534,534,534,534,534,534,534,534,534,534,534,534,534,534,534,534,534,534,534,534,534,534,534,534,534,534,534,534,534,
size:30
[agent] id:29
path:902,870,838,806,774,742,710,678,646,647,648,649,650,651,652,620,621,589,590,558,559,527,528,529,497,465,433,434,435,436,437,405,406,374,375,376,377,378,379,347,315,316,317,285,286,287,255,223,191,159,127,
goal:127,127,127,127,127,127,127,127,127,127,127,127,127,127,127,127,127,127,127,127,127,127,127,127,127,127,127,127,127,127,127,127,127,127,127,127,127,127,127,127,127,127,127,127,127,127,127,127,127,127,127,
size:50
SolutionCost:680
