[setting] seed:17117
[solver] type:SASB-ECBS
[solver] w:2.000000
[solver] ID:0
[solver] Lowlevelnode:4531
[solver] Highlevelnode:29
[solver] ConflictCount:15
[solver] solved:1
[solver] elapsed:38
[solver] makespan:45
[problem] timesteplimit:15000
[problem] type:MAPF
[problem] agentnum:30
[graph] width:32
[graph] height:32
[graph] filename:./map/32by32_agents10_ex30.map
[task] id:6,start:0,end:0,service time:0,nodes:810,
[task] id:2,start:0,end:0,service time:0,nodes:432,
[task] id:10,start:0,end:0,service time:0,nodes:301,
[task] id:9,start:0,end:0,service time:0,nodes:434,
[task] id:16,start:0,end:0,service time:0,nodes:407,
[task] id:26,start:0,end:0,service time:0,nodes:679,
[task] id:25,start:0,end:0,service time:0,nodes:821,
[task] id:30,start:0,end:0,service time:0,nodes:434,
[task] id:12,start:0,end:0,service time:0,nodes:483,
[task] id:29,start:0,end:0,service time:0,nodes:941,
[task] id:18,start:0,end:0,service time:0,nodes:529,
[task] id:0,start:0,end:0,service time:0,nodes:25,
[task] id:3,start:0,end:0,service time:0,nodes:366,
[task] id:7,start:0,end:0,service time:0,nodes:875,
[task] id:21,start:0,end:0,service time:0,nodes:309,
[task] id:5,start:0,end:0,service time:0,nodes:935,
[task] id:15,start:0,end:0,service time:0,nodes:177,
[task] id:27,start:0,end:0,service time:0,nodes:924,
[task] id:17,start:0,end:0,service time:0,nodes:687,
[task] id:19,start:0,end:0,service time:0,nodes:114,
[task] id:20,start:0,end:0,service time:0,nodes:72,
[task] id:13,start:0,end:0,service time:0,nodes:930,
[task] id:23,start:0,end:0,service time:0,nodes:913,
[task] id:1,start:0,end:0,service time:0,nodes:441,
[task] id:24,start:0,end:0,service time:0,nodes:178,
[task] id:4,start:0,end:0,service time:0,nodes:779,
[task] id:14,start:0,end:0,service time:0,nodes:668,
[task] id:11,start:0,end:0,service time:0,nodes:11,
[task] id:8,start:0,end:0,service time:0,nodes:989,
[task] id:28,start:0,end:0,service time:0,nodes:215,
[task] id:22,start:0,end:0,service time:0,nodes:96,
[agent] id:0
path:366,334,302,270,271,239,240,241,209,177,145,113,81,49,17,18,19,20,21,22,23,24,25,25,25,25,25,25,25,25,25,25,25,25,25,25,25,25,25,25,25,25,25,25,25,25,
goal:25,25,25,25,25,25,25,25,25,25,25,25,25,25,25,25,25,25,25,25,25,25,25,25,25,25,25,25,25,25,25,25,25,25,25,25,25,25,25,25,25,25,25,25,25,25,
size:22
[agent] id:1
path:1002,970,938,906,874,842,843,811,779,747,715,683,651,619,620,621,589,557,558,559,560,561,562,563,564,565,533,534,535,503,504,472,473,441,441,441,441,441,441,441,441,441,441,441,441,441,
goal:441,441,441,441,441,441,441,441,441,441,441,441,441,441,441,441,441,441,441,441,441,441,441,441,441,441,441,441,441,441,441,441,441,441,441,441,441,441,441,441,441,441,441,441,441,441,
size:33
[agent] id:2
path:528,529,497,465,433,432,432,432,432,432,432,432,432,432,432,432,432,432,432,432,432,432,432,432,432,432,432,432,432,432,432,432,432,432,432,432,432,432,432,432,432,432,432,432,432,432,
goal:432,432,432,432,432,432,432,432,432,432,432,432,432,432,432,432,432,432,432,432,432,432,432,432,432,432,432,432,432,432,432,432,432,432,432,432,432,432,432,432,432,432,432,432,432,432,
size:5
[agent] id:3
path:222,190,189,188,187,219,218,217,216,248,280,312,311,310,309,308,307,306,305,304,303,302,334,366,366,366,366,366,366,366,366,366,366,366,366,366,366,366,366,366,366,366,366,366,366,366,
goal:366,366,366,366,366,366,366,366,366,366,366,366,366,366,366,366,366,366,366,366,366,366,366,366,366,366,366,366,366,366,366,366,366,366,366,366,366,366,366,366,366,366,366,366,366,366,
size:23
[agent] id:4
path:122,121,153,185,184,183,215,247,279,311,310,342,374,406,438,470,470,469,501,533,565,597,629,661,660,659,658,657,656,655,654,686,718,717,716,715,747,779,779,779,779,779,779,779,779,779,
goal:779,779,779,779,779,779,779,779,779,779,779,779,779,779,779,779,779,779,779,779,779,779,779,779,779,779,779,779,779,779,779,779,779,779,779,779,779,779,779,779,779,779,779,779,779,779,
size:37
[agent] id:5
path:197,229,261,293,294,326,358,390,422,454,486,518,550,582,614,646,678,710,742,774,806,838,870,902,934,935,935,935,935,935,935,935,935,935,935,935,935,935,935,935,935,935,935,935,935,935,
goal:935,935,935,935,935,935,935,935,935,935,935,935,935,935,935,935,935,935,935,935,935,935,935,935,935,935,935,935,935,935,935,935,935,935,935,935,935,935,935,935,935,935,935,935,935,935,
size:25
[agent] id:6
path:872,840,808,809,810,810,810,810,810,810,810,810,810,810,810,810,810,810,810,810,810,810,810,810,810,810,810,810,810,810,810,810,810,810,810,810,810,810,810,810,810,810,810,810,810,810,
goal:810,810,810,810,810,810,810,810,810,810,810,810,810,810,810,810,810,810,810,810,810,810,810,810,810,810,810,810,810,810,810,810,810,810,810,810,810,810,810,810,810,810,810,810,810,810,
size:4
[agent] id:7
path:733,765,797,796,795,794,793,825,824,823,855,887,886,885,884,883,882,881,880,879,878,877,876,875,875,875,875,875,875,875,875,875,875,875,875,875,875,875,875,875,875,875,875,875,875,875,
goal:875,875,875,875,875,875,875,875,875,875,875,875,875,875,875,875,875,875,875,875,875,875,875,875,875,875,875,875,875,875,875,875,875,875,875,875,875,875,875,875,875,875,875,875,875,875,
size:23
[agent] id:8
path:50,82,114,146,178,210,242,274,306,307,308,309,341,373,405,437,469,501,533,565,597,629,661,693,725,757,758,759,791,823,855,887,919,920,952,984,985,986,987,988,989,989,989,989,989,989,
goal:989,989,989,989,989,989,989,989,989,989,989,989,989,989,989,989,989,989,989,989,989,989,989,989,989,989,989,989,989,989,989,989,989,989,989,989,989,989,989,989,989,989,989,989,989,989,
size:40
[agent] id:9
path:538,537,536,535,534,533,501,500,468,436,435,434,434,434,434,434,433,433,434,434,434,434,434,434,434,434,434,434,434,434,434,434,434,434,434,434,434,434,434,434,434,434,434,434,434,434,
goal:434,434,434,434,434,434,434,434,434,434,434,434,434,434,434,434,434,434,434,434,434,434,434,434,434,434,434,434,434,434,434,434,434,434,434,434,434,434,434,434,434,434,434,434,434,434,
size:18
[agent] id:10
path:266,234,235,236,268,300,301,301,301,301,301,301,301,301,301,301,301,301,301,301,301,301,301,301,301,301,301,301,301,301,301,301,301,301,301,301,301,301,301,301,301,301,301,301,301,301,
goal:301,301,301,301,301,301,301,301,301,301,301,301,301,301,301,301,301,301,301,301,301,301,301,301,301,301,301,301,301,301,301,301,301,301,301,301,301,301,301,301,301,301,301,301,301,301,
size:6
[agent] id:11
path:668,636,604,603,571,539,538,537,536,535,534,533,501,469,437,436,435,403,403,402,401,369,337,305,273,241,240,239,207,206,174,142,110,78,77,45,13,12,11,11,11,11,11,11,11,11,
goal:11,11,11,11,11,11,11,11,11,11,11,11,11,11,11,11,11,11,11,11,11,11,11,11,11,11,11,11,11,11,11,11,11,11,11,11,11,11,11,11,11,11,11,11,11,11,
size:38
[agent] id:12
path:778,779,747,715,683,651,619,618,617,616,584,552,520,519,487,486,485,484,483,483,483,483,483,483,483,483,483,483,483,483,483,483,483,483,483,483,483,483,483,483,483,483,483,483,483,483,
goal:483,483,483,483,483,483,483,483,483,483,483,483,483,483,483,483,483,483,483,483,483,483,483,483,483,483,483,483,483,483,483,483,483,483,483,483,483,483,483,483,483,483,483,483,483,483,
size:18
[agent] id:13
path:133,165,197,229,261,293,294,326,358,390,422,454,486,518,550,582,614,646,678,710,742,774,806,838,870,902,901,900,899,931,930,930,930,930,930,930,930,930,930,930,930,930,930,930,930,930,
goal:930,930,930,930,930,930,930,930,930,930,930,930,930,930,930,930,930,930,930,930,930,930,930,930,930,930,930,930,930,930,930,930,930,930,930,930,930,930,930,930,930,930,930,930,930,930,
size:30
[agent] id:14
path:104,136,168,200,201,233,234,235,236,268,300,332,364,396,428,460,461,493,525,557,589,590,591,592,593,594,626,627,628,629,630,631,632,633,634,635,667,668,668,668,668,668,668,668,668,668,
goal:668,668,668,668,668,668,668,668,668,668,668,668,668,668,668,668,668,668,668,668,668,668,668,668,668,668,668,668,668,668,668,668,668,668,668,668,668,668,668,668,668,668,668,668,668,668,
size:37
[agent] id:15
path:162,161,193,225,257,258,259,227,228,229,230,231,199,200,201,202,203,204,205,205,206,206,174,142,143,144,176,177,177,177,177,177,177,177,177,177,177,177,177,177,177,177,177,177,177,177,
goal:177,177,177,177,177,177,177,177,177,177,177,177,177,177,177,177,177,177,177,177,177,177,177,177,177,177,177,177,177,177,177,177,177,177,177,177,177,177,177,177,177,177,177,177,177,177,
size:27
[agent] id:16
path:155,187,219,218,217,216,248,280,312,344,376,408,407,407,407,407,407,407,407,407,407,407,407,407,407,407,407,407,407,407,407,407,407,407,407,407,407,407,407,407,407,407,407,407,407,407,
goal:407,407,407,407,407,407,407,407,407,407,407,407,407,407,407,407,407,407,407,407,407,407,407,407,407,407,407,407,407,407,407,407,407,407,407,407,407,407,407,407,407,407,407,407,407,407,
size:12
[agent] id:17
path:193,225,257,258,290,322,354,355,356,357,389,421,453,485,517,549,550,582,614,646,647,648,649,650,651,652,653,685,686,687,687,687,687,687,687,687,687,687,687,687,687,687,687,687,687,687,
goal:687,687,687,687,687,687,687,687,687,687,687,687,687,687,687,687,687,687,687,687,687,687,687,687,687,687,687,687,687,687,687,687,687,687,687,687,687,687,687,687,687,687,687,687,687,687,
size:29
[agent] id:18
path:1005,973,941,909,877,845,846,847,848,849,850,818,786,754,722,690,658,626,594,562,530,529,529,529,529,529,529,529,529,529,529,529,529,529,529,529,529,529,529,529,529,529,529,529,529,529,
goal:529,529,529,529,529,529,529,529,529,529,529,529,529,529,529,529,529,529,529,529,529,529,529,529,529,529,529,529,529,529,529,529,529,529,529,529,529,529,529,529,529,529,529,529,529,529,
size:21
[agent] id:19
path:945,913,881,849,850,818,786,754,722,690,658,626,594,562,530,498,466,434,402,401,369,337,305,273,241,209,177,145,113,114,114,114,114,114,114,114,114,114,114,114,114,114,114,114,114,114,
goal:114,114,114,114,114,114,114,114,114,114,114,114,114,114,114,114,114,114,114,114,114,114,114,114,114,114,114,114,114,114,114,114,114,114,114,114,114,114,114,114,114,114,114,114,114,114,
size:29
[agent] id:20
path:659,627,626,594,562,530,498,466,434,402,401,369,337,305,273,241,240,239,207,206,174,173,172,140,139,107,75,74,73,72,72,72,72,72,72,72,72,72,72,72,72,72,72,72,72,72,
goal:72,72,72,72,72,72,72,72,72,72,72,72,72,72,72,72,72,72,72,72,72,72,72,72,72,72,72,72,72,72,72,72,72,72,72,72,72,72,72,72,72,72,72,72,72,72,
size:29
[agent] id:21
path:913,881,849,850,818,786,754,722,690,658,626,594,562,530,498,466,434,435,436,437,405,373,341,309,309,309,309,309,309,309,309,309,309,309,309,309,309,309,309,309,309,309,309,309,309,309,
goal:309,309,309,309,309,309,309,309,309,309,309,309,309,309,309,309,309,309,309,309,309,309,309,309,309,309,309,309,309,309,309,309,309,309,309,309,309,309,309,309,309,309,309,309,309,309,
size:23
[agent] id:22
path:728,696,664,632,600,599,567,535,534,533,501,469,437,436,435,403,402,401,369,368,336,304,303,271,239,207,206,174,173,172,140,139,107,106,105,104,103,71,70,69,68,67,66,65,64,96,
goal:96,96,96,96,96,96,96,96,96,96,96,96,96,96,96,96,96,96,96,96,96,96,96,96,96,96,96,96,96,96,96,96,96,96,96,96,96,96,96,96,96,96,96,96,96,96,
size:45
[agent] id:23
path:171,203,204,204,236,268,300,332,364,396,428,460,461,493,525,557,558,590,622,654,686,718,750,782,814,846,878,879,911,912,913,913,913,913,913,913,913,913,913,913,913,913,913,913,913,913,
goal:913,913,913,913,913,913,913,913,913,913,913,913,913,913,913,913,913,913,913,913,913,913,913,913,913,913,913,913,913,913,913,913,913,913,913,913,913,913,913,913,913,913,913,913,913,913,
size:30
[agent] id:24
path:771,739,707,708,676,644,612,613,614,582,550,551,552,553,521,489,457,458,426,394,395,396,364,332,300,268,269,270,271,239,240,241,209,210,178,178,178,178,178,178,178,178,178,178,178,178,
goal:178,178,178,178,178,178,178,178,178,178,178,178,178,178,178,178,178,178,178,178,178,178,178,178,178,178,178,178,178,178,178,178,178,178,178,178,178,178,178,178,178,178,178,178,178,178,
size:34
[agent] id:25
path:682,714,715,716,717,749,781,782,814,846,847,848,849,850,851,852,853,821,821,821,821,821,821,821,821,821,821,821,821,821,821,821,821,821,821,821,821,821,821,821,821,821,821,821,821,821,
goal:821,821,821,821,821,821,821,821,821,821,821,821,821,821,821,821,821,821,821,821,821,821,821,821,821,821,821,821,821,821,821,821,821,821,821,821,821,821,821,821,821,821,821,821,821,821,
size:17
[agent] id:26
path:660,659,658,657,656,655,654,653,652,651,683,682,681,680,679,679,679,679,679,679,679,679,679,679,679,679,679,679,679,679,679,679,679,679,679,679,679,679,679,679,679,679,679,679,679,679,
goal:679,679,679,679,679,679,679,679,679,679,679,679,679,679,679,679,679,679,679,679,679,679,679,679,679,679,679,679,679,679,679,679,679,679,679,679,679,679,679,679,679,679,679,679,679,679,
size:14
[agent] id:27
path:277,309,341,373,405,437,469,501,533,565,597,629,661,693,725,757,758,759,791,823,824,825,857,858,859,860,892,924,924,924,924,924,924,924,924,924,924,924,924,924,924,924,924,924,924,924,
goal:924,924,924,924,924,924,924,924,924,924,924,924,924,924,924,924,924,924,924,924,924,924,924,924,924,924,924,924,924,924,924,924,924,924,924,924,924,924,924,924,924,924,924,924,924,924,
size:27
[agent] id:28
path:931,899,867,835,803,771,739,707,708,676,644,612,613,614,615,583,551,519,520,521,489,457,458,426,394,395,396,364,332,300,268,269,270,271,239,240,241,209,210,211,212,213,214,215,215,215,
goal:215,215,215,215,215,215,215,215,215,215,215,215,215,215,215,215,215,215,215,215,215,215,215,215,215,215,215,215,215,215,215,215,215,215,215,215,215,215,215,215,215,215,215,215,215,215,
size:43
[agent] id:29
path:530,562,594,593,592,591,623,655,687,686,685,717,749,781,782,814,846,878,877,909,941,941,941,941,941,941,941,941,941,941,941,941,941,941,941,941,941,941,941,941,941,941,941,941,941,941,
goal:941,941,941,941,941,941,941,941,941,941,941,941,941,941,941,941,941,941,941,941,941,941,941,941,941,941,941,941,941,941,941,941,941,941,941,941,941,941,941,941,941,941,941,941,941,941,
size:20
SolutionCost:759
