[setting] seed:8689
[solver] type:SASB-ECBS
[solver] w:2.000000
[solver] ID:0
[solver] Lowlevelnode:3617
[solver] Highlevelnode:25
[solver] ConflictCount:13
[solver] solved:1
[solver] elapsed:33
[solver] makespan:39
[problem] timesteplimit:15000
[problem] type:MAPF
[problem] agentnum:30
[graph] width:32
[graph] height:32
[graph] filename:./map/32by32_agents10_ex30.map
[task] id:6,start:0,end:0,service time:0,nodes:409,
[task] id:9,start:0,end:0,service time:0,nodes:849,
[task] id:12,start:0,end:0,service time:0,nodes:435,
[task] id:20,start:0,end:0,service time:0,nodes:486,
[task] id:0,start:0,end:0,service time:0,nodes:898,
[task] id:11,start:0,end:0,service time:0,nodes:797,
[task] id:17,start:0,end:0,service time:0,nodes:490,
[task] id:28,start:0,end:0,service time:0,nodes:7,
[task] id:8,start:0,end:0,service time:0,nodes:597,
[task] id:29,start:0,end:0,service time:0,nodes:139,
[task] id:19,start:0,end:0,service time:0,nodes:204,
[task] id:14,start:0,end:0,service time:0,nodes:774,
[task] id:13,start:0,end:0,service time:0,nodes:852,
[task] id:5,start:0,end:0,service time:0,nodes:499,
[task] id:18,start:0,end:0,service time:0,nodes:711,
[task] id:26,start:0,end:0,service time:0,nodes:656,
[task] id:1,start:0,end:0,service time:0,nodes:221,
[task] id:4,start:0,end:0,service time:0,nodes:354,
[task] id:22,start:0,end:0,service time:0,nodes:927,
[task] id:3,start:0,end:0,service time:0,nodes:918,
[task] id:27,start:0,end:0,service time:0,nodes:669,
[task] id:10,start:0,end:0,service time:0,nodes:886,
[task] id:16,start:0,end:0,service time:0,nodes:739,
[task] id:24,start:0,end:0,service time:0,nodes:389,
[task] id:7,start:0,end:0,service time:0,nodes:795,
[task] id:21,start:0,end:0,service time:0,nodes:653,
[task] id:23,start:0,end:0,service time:0,nodes:579,
[task] id:25,start:0,end:0,service time:0,nodes:757,
[task] id:15,start:0,end:0,service time:0,nodes:962,
[task] id:2,start:0,end:0,service time:0,nodes:225,
[agent] id:0
path:811,843,842,841,840,872,871,870,902,901,900,899,898,898,898,898,898,898,898,898,898,898,898,898,898,898,898,898,898,898,898,898,898,898,898,898,898,898,898,898,
goal:898,898,898,898,898,898,898,898,898,898,898,898,898,898,898,898,898,898,898,898,898,898,898,898,898,898,898,898,898,898,898,898,898,898,898,898,898,898,898,898,
size:12
[agent] id:1
path:235,203,204,205,206,207,239,240,241,209,210,211,212,213,214,215,216,217,218,219,187,188,189,221,221,221,221,221,221,221,221,221,221,221,221,221,221,221,221,221,
goal:221,221,221,221,221,221,221,221,221,221,221,221,221,221,221,221,221,221,221,221,221,221,221,221,221,221,221,221,221,221,221,221,221,221,221,221,221,221,221,221,
size:23
[agent] id:2
path:318,317,316,315,347,379,378,377,345,313,312,311,310,309,308,307,306,305,304,303,271,270,269,268,236,235,234,233,201,200,199,231,230,229,228,227,259,258,257,225,
goal:225,225,225,225,225,225,225,225,225,225,225,225,225,225,225,225,225,225,225,225,225,225,225,225,225,225,225,225,225,225,225,225,225,225,225,225,225,225,225,225,
size:39
[agent] id:3
path:611,643,644,676,708,709,741,773,805,837,838,839,840,841,842,874,875,876,877,878,879,880,881,882,883,884,885,886,918,918,918,918,918,918,918,918,918,918,918,918,
goal:918,918,918,918,918,918,918,918,918,918,918,918,918,918,918,918,918,918,918,918,918,918,918,918,918,918,918,918,918,918,918,918,918,918,918,918,918,918,918,918,
size:28
[agent] id:4
path:902,870,838,806,774,742,710,678,646,614,582,550,518,517,485,453,452,420,419,418,417,385,353,354,354,354,354,354,354,354,354,354,354,354,354,354,354,354,354,354,
goal:354,354,354,354,354,354,354,354,354,354,354,354,354,354,354,354,354,354,354,354,354,354,354,354,354,354,354,354,354,354,354,354,354,354,354,354,354,354,354,354,
size:23
[agent] id:5
path:973,941,909,877,845,846,814,782,750,718,686,654,622,590,558,526,527,528,529,497,498,499,499,499,499,499,499,499,499,499,499,499,499,499,499,499,499,499,499,499,
goal:499,499,499,499,499,499,499,499,499,499,499,499,499,499,499,499,499,499,499,499,499,499,499,499,499,499,499,499,499,499,499,499,499,499,499,499,499,499,499,499,
size:21
[agent] id:6
path:344,376,408,409,409,409,409,409,409,409,409,409,409,409,409,409,409,409,409,409,409,409,409,409,409,409,409,409,409,409,409,409,409,409,409,409,409,409,409,409,
goal:409,409,409,409,409,409,409,409,409,409,409,409,409,409,409,409,409,409,409,409,409,409,409,409,409,409,409,409,409,409,409,409,409,409,409,409,409,409,409,409,
size:3
[agent] id:7
path:736,737,705,706,707,708,709,710,711,712,713,714,715,716,717,685,686,687,688,720,721,722,723,724,725,757,758,759,791,792,793,794,795,795,795,795,795,795,795,795,
goal:795,795,795,795,795,795,795,795,795,795,795,795,795,795,795,795,795,795,795,795,795,795,795,795,795,795,795,795,795,795,795,795,795,795,795,795,795,795,795,795,
size:32
[agent] id:8
path:914,882,850,818,786,754,722,690,658,626,627,628,596,597,597,597,597,597,597,597,597,597,597,597,597,597,597,597,597,597,597,597,597,597,597,597,597,597,597,597,
goal:597,597,597,597,597,597,597,597,597,597,597,597,597,597,597,597,597,597,597,597,597,597,597,597,597,597,597,597,597,597,597,597,597,597,597,597,597,597,597,597,
size:13
[agent] id:9
path:974,942,943,911,879,847,848,849,849,849,849,849,849,849,849,849,849,849,849,849,849,849,849,849,849,849,849,849,849,849,849,849,849,849,849,849,849,849,849,849,
goal:849,849,849,849,849,849,849,849,849,849,849,849,849,849,849,849,849,849,849,849,849,849,849,849,849,849,849,849,849,849,849,849,849,849,849,849,849,849,849,849,
size:7
[agent] id:10
path:151,183,215,247,279,311,310,342,374,406,438,470,469,501,533,565,566,598,630,662,663,663,695,727,759,791,823,855,887,886,886,886,886,886,886,886,886,886,886,886,
goal:886,886,886,886,886,886,886,886,886,886,886,886,886,886,886,886,886,886,886,886,886,886,886,886,886,886,886,886,886,886,886,886,886,886,886,886,886,886,886,886,
size:29
[agent] id:11
path:661,693,725,757,758,759,791,792,793,794,795,796,797,797,797,797,797,797,797,797,797,797,797,797,797,797,797,797,797,797,797,797,797,797,797,797,797,797,797,797,
goal:797,797,797,797,797,797,797,797,797,797,797,797,797,797,797,797,797,797,797,797,797,797,797,797,797,797,797,797,797,797,797,797,797,797,797,797,797,797,797,797,
size:12
[agent] id:12
path:600,599,567,535,534,533,501,469,437,436,435,435,435,435,435,435,435,435,435,435,435,435,435,435,435,435,435,435,435,435,435,435,435,435,435,435,435,435,435,435,
goal:435,435,435,435,435,435,435,435,435,435,435,435,435,435,435,435,435,435,435,435,435,435,435,435,435,435,435,435,435,435,435,435,435,435,435,435,435,435,435,435,
size:10
[agent] id:13
path:377,409,441,473,472,504,536,535,567,599,631,663,695,727,759,791,823,855,854,853,852,852,852,852,852,852,852,852,852,852,852,852,852,852,852,852,852,852,852,852,
goal:852,852,852,852,852,852,852,852,852,852,852,852,852,852,852,852,852,852,852,852,852,852,852,852,852,852,852,852,852,852,852,852,852,852,852,852,852,852,852,852,
size:20
[agent] id:14
path:884,883,882,881,880,879,878,877,845,844,812,811,810,809,808,776,775,774,774,774,774,774,774,774,774,774,774,774,774,774,774,774,774,774,774,774,774,774,774,774,
goal:774,774,774,774,774,774,774,774,774,774,774,774,774,774,774,774,774,774,774,774,774,774,774,774,774,774,774,774,774,774,774,774,774,774,774,774,774,774,774,774,
size:17
[agent] id:15
path:69,101,133,165,166,167,199,231,263,262,294,326,358,390,422,421,453,485,517,549,548,547,579,611,643,644,676,708,707,739,771,803,835,867,899,931,963,962,962,962,
goal:962,962,962,962,962,962,962,962,962,962,962,962,962,962,962,962,962,962,962,962,962,962,962,962,962,962,962,962,962,962,962,962,962,962,962,962,962,962,962,962,
size:37
[agent] id:16
path:142,174,173,172,204,236,268,300,332,364,396,428,460,459,458,457,489,521,553,552,584,616,648,680,679,678,710,709,708,707,739,739,739,739,739,739,739,739,739,739,
goal:739,739,739,739,739,739,739,739,739,739,739,739,739,739,739,739,739,739,739,739,739,739,739,739,739,739,739,739,739,739,739,739,739,739,739,739,739,739,739,739,
size:30
[agent] id:17
path:688,656,655,623,591,559,558,557,556,555,554,522,490,490,490,490,490,490,490,490,490,490,490,490,490,490,490,490,490,490,490,490,490,490,490,490,490,490,490,490,
goal:490,490,490,490,490,490,490,490,490,490,490,490,490,490,490,490,490,490,490,490,490,490,490,490,490,490,490,490,490,490,490,490,490,490,490,490,490,490,490,490,
size:12
[agent] id:18
path:633,632,664,663,662,661,693,692,691,690,689,688,687,686,718,717,716,715,714,713,712,711,711,711,711,711,711,711,711,711,711,711,711,711,711,711,711,711,711,711,
goal:711,711,711,711,711,711,711,711,711,711,711,711,711,711,711,711,711,711,711,711,711,711,711,711,711,711,711,711,711,711,711,711,711,711,711,711,711,711,711,711,
size:21
[agent] id:19
path:323,355,356,357,358,326,294,262,230,231,199,200,201,202,203,204,204,204,204,204,204,204,204,204,204,204,204,204,204,204,204,204,204,204,204,204,204,204,204,204,
goal:204,204,204,204,204,204,204,204,204,204,204,204,204,204,204,204,204,204,204,204,204,204,204,204,204,204,204,204,204,204,204,204,204,204,204,204,204,204,204,204,
size:15
[agent] id:20
path:290,322,354,355,356,357,389,421,453,485,486,486,486,486,486,486,486,486,486,486,486,486,486,486,486,486,486,486,486,486,486,486,486,486,486,486,486,486,486,486,
goal:486,486,486,486,486,486,486,486,486,486,486,486,486,486,486,486,486,486,486,486,486,486,486,486,486,486,486,486,486,486,486,486,486,486,486,486,486,486,486,486,
size:10
[agent] id:21
path:58,57,56,55,54,53,52,84,83,115,114,146,178,210,242,274,273,273,305,337,369,401,433,465,497,529,561,593,592,591,623,655,654,653,653,653,653,653,653,653,
goal:653,653,653,653,653,653,653,653,653,653,653,653,653,653,653,653,653,653,653,653,653,653,653,653,653,653,653,653,653,653,653,653,653,653,653,653,653,653,653,653,
size:33
[agent] id:22
path:498,530,562,594,626,658,690,691,723,724,725,757,758,759,791,823,824,825,857,858,859,860,892,924,925,926,927,927,927,927,927,927,927,927,927,927,927,927,927,927,
goal:927,927,927,927,927,927,927,927,927,927,927,927,927,927,927,927,927,927,927,927,927,927,927,927,927,927,927,927,927,927,927,927,927,927,927,927,927,927,927,927,
size:26
[agent] id:23
path:956,924,892,860,859,858,857,825,824,792,760,728,696,664,663,662,661,660,659,658,657,656,655,623,622,621,620,619,618,617,616,615,614,613,612,611,579,579,579,579,
goal:579,579,579,579,579,579,579,579,579,579,579,579,579,579,579,579,579,579,579,579,579,579,579,579,579,579,579,579,579,579,579,579,579,579,579,579,579,579,579,579,
size:36
[agent] id:24
path:381,380,380,379,378,377,345,313,312,311,310,309,308,307,306,305,304,303,302,301,300,332,364,396,395,394,393,392,391,390,389,389,389,389,389,389,389,389,389,389,
goal:389,389,389,389,389,389,389,389,389,389,389,389,389,389,389,389,389,389,389,389,389,389,389,389,389,389,389,389,389,389,389,389,389,389,389,389,389,389,389,389,
size:30
[agent] id:25
path:39,71,103,135,167,199,200,201,233,234,235,236,268,300,332,364,396,428,460,461,493,525,557,589,621,653,685,686,687,688,720,721,722,723,724,725,757,757,757,757,
goal:757,757,757,757,757,757,757,757,757,757,757,757,757,757,757,757,757,757,757,757,757,757,757,757,757,757,757,757,757,757,757,757,757,757,757,757,757,757,757,757,
size:36
[agent] id:26
path:315,347,379,378,410,442,474,473,472,504,536,535,567,599,631,663,662,661,660,659,658,657,656,656,656,656,656,656,656,656,656,656,656,656,656,656,656,656,656,656,
goal:656,656,656,656,656,656,656,656,656,656,656,656,656,656,656,656,656,656,656,656,656,656,656,656,656,656,656,656,656,656,656,656,656,656,656,656,656,656,656,656,
size:22
[agent] id:27
path:971,939,940,941,942,943,911,879,880,881,882,850,818,786,754,722,723,724,725,726,727,695,696,697,698,699,667,668,669,669,669,669,669,669,669,669,669,669,669,669,
goal:669,669,669,669,669,669,669,669,669,669,669,669,669,669,669,669,669,669,669,669,669,669,669,669,669,669,669,669,669,669,669,669,669,669,669,669,669,669,669,669,
size:28
[agent] id:28
path:292,260,228,196,197,165,133,101,69,37,38,39,7,7,7,7,7,7,7,7,7,7,7,7,7,7,7,7,7,7,7,7,7,7,7,7,7,7,7,7,
goal:7,7,7,7,7,7,7,7,7,7,7,7,7,7,7,7,7,7,7,7,7,7,7,7,7,7,7,7,7,7,7,7,7,7,7,7,7,7,7,7,
size:12
[agent] id:29
path:2,3,35,67,68,69,70,71,103,135,136,137,138,139,139,139,139,139,139,139,139,139,139,139,139,139,139,139,139,139,139,139,139,139,139,139,139,139,139,139,
goal:139,139,139,139,139,139,139,139,139,139,139,139,139,139,139,139,139,139,139,139,139,139,139,139,139,139,139,139,139,139,139,139,139,139,139,139,139,139,139,139,
size:13
SolutionCost:650
