[setting] seed:5801
[solver] type:SASB-ECBS
[solver] w:2.000000
[solver] ID:0
[solver] Lowlevelnode:6814
[solver] Highlevelnode:26
[solver] ConflictCount:13
[solver] solved:1
[solver] elapsed:45
[solver] makespan:42
[problem] timesteplimit:15000
[problem] type:MAPF
[problem] agentnum:30
[graph] width:32
[graph] height:32
[graph] filename:./map/32by32_agents10_ex30.map
[task] id:5,start:0,end:0,service time:0,nodes:993,
[task] id:3,start:0,end:0,service time:0,nodes:651,
[task] id:14,start:0,end:0,service time:0,nodes:489,
[task] id:26,start:0,end:0,service time:0,nodes:939,
[task] id:6,start:0,end:0,service time:0,nodes:710,
[task] id:11,start:0,end:0,service time:0,nodes:450,
[task] id:13,start:0,end:0,service time:0,nodes:561,
[task] id:18,start:0,end:0,service time:0,nodes:412,
[task] id:23,start:0,end:0,service time:0,nodes:394,
[task] id:19,start:0,end:0,service time:0,nodes:513,
[task] id:28,start:0,end:0,service time:0,nodes:642,
[task] id:27,start:0,end:0,service time:0,nodes:592,
[task] id:10,start:0,end:0,service time:0,nodes:726,
[task] id:15,start:0,end:0,service time:0,nodes:374,
[task] id:21,start:0,end:0,service time:0,nodes:270,
[task] id:22,start:0,end:0,service time:0,nodes:599,
[task] id:29,start:0,end:0,service time:0,nodes:54,
[task] id:2,start:0,end:0,service time:0,nodes:734,
[task] id:24,start:0,end:0,service time:0,nodes:538,
[task] id:17,start:0,end:0,service time:0,nodes:839,
[task] id:25,start:0,end:0,service time:0,nodes:150,
[task] id:16,start:0,end:0,service time:0,nodes:764,
[task] id:0,start:0,end:0,service time:0,nodes:439,
[task] id:7,start:0,end:0,service time:0,nodes:390,
[task] id:20,start:0,end:0,service time:0,nodes:144,
[task] id:4,start:0,end:0,service time:0,nodes:825,
[task] id:1,start:0,end:0,service time:0,nodes:163,
[task] id:8,start:0,end:0,service time:0,nodes:296,
[task] id:9,start:0,end:0,service time:0,nodes:217,
[task] id:12,start:0,end:0,service time:0,nodes:56,
[agent] id:0
path:512,513,514,515,547,548,549,550,551,550,551,552,553,554,555,556,524,525,526,527,527,528,529,497,465,433,434,435,436,437,438,439,439,439,439,439,439,439,439,439,439,439,439,
goal:439,439,439,439,439,439,439,439,439,439,439,439,439,439,439,439,439,439,439,439,439,439,439,439,439,439,439,439,439,439,439,439,439,439,439,439,439,439,439,439,439,439,439,
size:31
[agent] id:1
path:879,847,846,814,782,750,718,686,654,622,590,558,526,494,493,461,460,459,458,457,456,424,392,391,359,358,326,294,262,261,260,259,258,257,225,193,161,162,163,163,163,163,163,
goal:163,163,163,163,163,163,163,163,163,163,163,163,163,163,163,163,163,163,163,163,163,163,163,163,163,163,163,163,163,163,163,163,163,163,163,163,163,163,163,163,163,163,163,
size:38
[agent] id:2
path:336,368,400,432,464,465,497,529,561,562,563,564,596,628,660,661,662,663,695,696,697,698,699,700,701,733,734,734,734,734,734,734,734,734,734,734,734,734,734,734,734,734,734,
goal:734,734,734,734,734,734,734,734,734,734,734,734,734,734,734,734,734,734,734,734,734,734,734,734,734,734,734,734,734,734,734,734,734,734,734,734,734,734,734,734,734,734,734,
size:26
[agent] id:3
path:869,837,805,773,741,709,677,645,646,647,648,649,650,651,651,651,651,651,651,651,651,651,651,651,651,651,651,651,651,651,651,651,651,651,651,651,651,651,651,651,651,651,651,
goal:651,651,651,651,651,651,651,651,651,651,651,651,651,651,651,651,651,651,651,651,651,651,651,651,651,651,651,651,651,651,651,651,651,651,651,651,651,651,651,651,651,651,651,
size:13
[agent] id:4
path:30,62,94,126,158,190,222,223,255,287,286,318,317,349,381,413,381,413,414,446,478,477,509,508,540,539,571,603,635,667,699,731,730,762,794,793,825,825,825,825,825,825,825,
goal:825,825,825,825,825,825,825,825,825,825,825,825,825,825,825,825,825,825,825,825,825,825,825,825,825,825,825,825,825,825,825,825,825,825,825,825,825,825,825,825,825,825,825,
size:36
[agent] id:5
path:774,806,838,870,902,934,966,965,964,963,962,961,993,993,993,993,993,993,993,993,993,993,993,993,993,993,993,993,993,993,993,993,993,993,993,993,993,993,993,993,993,993,993,
goal:993,993,993,993,993,993,993,993,993,993,993,993,993,993,993,993,993,993,993,993,993,993,993,993,993,993,993,993,993,993,993,993,993,993,993,993,993,993,993,993,993,993,993,
size:12
[agent] id:6
path:460,459,458,490,522,522,521,521,553,552,584,616,648,680,712,711,710,710,710,710,710,710,710,710,710,710,710,710,710,710,710,710,710,710,710,710,710,710,710,710,710,710,710,
goal:710,710,710,710,710,710,710,710,710,710,710,710,710,710,710,710,710,710,710,710,710,710,710,710,710,710,710,710,710,710,710,710,710,710,710,710,710,710,710,710,710,710,710,
size:16
[agent] id:7
path:414,413,381,380,379,378,377,345,313,312,311,310,309,308,307,306,305,304,303,302,301,300,332,364,396,395,427,426,458,457,456,424,392,391,390,390,390,390,390,390,390,390,390,
goal:390,390,390,390,390,390,390,390,390,390,390,390,390,390,390,390,390,390,390,390,390,390,390,390,390,390,390,390,390,390,390,390,390,390,390,390,390,390,390,390,390,390,390,
size:34
[agent] id:8
path:853,852,851,819,819,818,786,754,722,690,658,657,656,655,623,591,590,590,558,526,494,493,461,460,459,458,457,456,424,392,391,359,358,326,294,262,263,264,296,296,296,296,296,
goal:296,296,296,296,296,296,296,296,296,296,296,296,296,296,296,296,296,296,296,296,296,296,296,296,296,296,296,296,296,296,296,296,296,296,296,296,296,296,296,296,296,296,296,
size:38
[agent] id:9
path:906,874,842,810,778,779,747,715,683,651,652,653,653,654,655,656,657,658,626,594,562,530,498,466,434,435,436,437,405,373,341,309,310,311,279,247,215,216,217,217,217,217,217,
goal:217,217,217,217,217,217,217,217,217,217,217,217,217,217,217,217,217,217,217,217,217,217,217,217,217,217,217,217,217,217,217,217,217,217,217,217,217,217,217,217,217,217,217,
size:38
[agent] id:10
path:392,424,456,457,489,521,553,554,555,556,557,589,621,653,685,686,687,688,720,721,722,723,724,725,726,726,726,726,726,726,726,726,726,726,726,726,726,726,726,726,726,726,726,
goal:726,726,726,726,726,726,726,726,726,726,726,726,726,726,726,726,726,726,726,726,726,726,726,726,726,726,726,726,726,726,726,726,726,726,726,726,726,726,726,726,726,726,726,
size:24
[agent] id:11
path:683,651,619,618,617,616,584,552,520,519,487,486,454,453,452,451,450,450,450,450,450,450,450,450,450,450,450,450,450,450,450,450,450,450,450,450,450,450,450,450,450,450,450,
goal:450,450,450,450,450,450,450,450,450,450,450,450,450,450,450,450,450,450,450,450,450,450,450,450,450,450,450,450,450,450,450,450,450,450,450,450,450,450,450,450,450,450,450,
size:16
[agent] id:12
path:806,807,775,743,711,679,647,615,583,551,552,553,554,555,556,557,558,559,527,528,529,497,465,433,401,369,337,305,273,241,209,210,211,212,213,181,182,183,151,119,87,55,56,
goal:56,56,56,56,56,56,56,56,56,56,56,56,56,56,56,56,56,56,56,56,56,56,56,56,56,56,56,56,56,56,56,56,56,56,56,56,56,56,56,56,56,56,56,
size:42
[agent] id:13
path:215,247,279,311,310,342,374,406,438,470,469,501,533,565,564,563,562,561,561,561,561,561,561,561,561,561,561,561,561,561,561,561,561,561,561,561,561,561,561,561,561,561,561,
goal:561,561,561,561,561,561,561,561,561,561,561,561,561,561,561,561,561,561,561,561,561,561,561,561,561,561,561,561,561,561,561,561,561,561,561,561,561,561,561,561,561,561,561,
size:17
[agent] id:14
path:227,259,260,292,293,294,326,358,390,422,423,424,456,457,489,489,489,489,489,489,489,489,489,489,489,489,489,489,489,489,489,489,489,489,489,489,489,489,489,489,489,489,489,
goal:489,489,489,489,489,489,489,489,489,489,489,489,489,489,489,489,489,489,489,489,489,489,489,489,489,489,489,489,489,489,489,489,489,489,489,489,489,489,489,489,489,489,489,
size:14
[agent] id:15
path:133,165,166,167,199,200,201,202,203,204,205,206,207,239,240,241,273,274,306,307,308,309,310,342,374,374,374,374,374,374,374,374,374,374,374,374,374,374,374,374,374,374,374,
goal:374,374,374,374,374,374,374,374,374,374,374,374,374,374,374,374,374,374,374,374,374,374,374,374,374,374,374,374,374,374,374,374,374,374,374,374,374,374,374,374,374,374,374,
size:24
[agent] id:16
path:303,304,336,368,400,432,464,465,497,529,561,593,594,626,658,659,660,661,662,663,695,696,697,698,699,700,701,733,765,764,764,764,764,764,764,764,764,764,764,764,764,764,764,
goal:764,764,764,764,764,764,764,764,764,764,764,764,764,764,764,764,764,764,764,764,764,764,764,764,764,764,764,764,764,764,764,764,764,764,764,764,764,764,764,764,764,764,764,
size:29
[agent] id:17
path:174,206,205,204,236,268,300,332,364,396,428,460,459,458,490,522,554,553,552,584,616,648,680,712,744,776,808,840,839,839,839,839,839,839,839,839,839,839,839,839,839,839,839,
goal:839,839,839,839,839,839,839,839,839,839,839,839,839,839,839,839,839,839,839,839,839,839,839,839,839,839,839,839,839,839,839,839,839,839,839,839,839,839,839,839,839,839,839,
size:28
[agent] id:18
path:702,670,669,637,605,604,603,571,539,507,508,476,477,478,446,414,413,412,412,412,412,412,412,412,412,412,412,412,412,412,412,412,412,412,412,412,412,412,412,412,412,412,412,
goal:412,412,412,412,412,412,412,412,412,412,412,412,412,412,412,412,412,412,412,412,412,412,412,412,412,412,412,412,412,412,412,412,412,412,412,412,412,412,412,412,412,412,412,
size:17
[agent] id:19
path:297,296,264,263,262,262,294,326,358,390,422,454,453,485,517,516,515,514,513,513,513,513,513,513,513,513,513,513,513,513,513,513,513,513,513,513,513,513,513,513,513,513,513,
goal:513,513,513,513,513,513,513,513,513,513,513,513,513,513,513,513,513,513,513,513,513,513,513,513,513,513,513,513,513,513,513,513,513,513,513,513,513,513,513,513,513,513,513,
size:18
[agent] id:20
path:939,907,875,843,844,845,846,814,782,750,718,686,654,622,590,558,559,560,560,560,528,529,497,465,433,401,369,337,305,273,241,209,177,145,144,144,144,144,144,144,144,144,144,
goal:144,144,144,144,144,144,144,144,144,144,144,144,144,144,144,144,144,144,144,144,144,144,144,144,144,144,144,144,144,144,144,144,144,144,144,144,144,144,144,144,144,144,144,
size:34
[agent] id:21
path:946,914,882,850,818,786,754,722,690,658,626,594,562,530,498,466,434,402,401,369,337,305,304,303,271,270,270,270,270,270,270,270,270,270,270,270,270,270,270,270,270,270,270,
goal:270,270,270,270,270,270,270,270,270,270,270,270,270,270,270,270,270,270,270,270,270,270,270,270,270,270,270,270,270,270,270,270,270,270,270,270,270,270,270,270,270,270,270,
size:25
[agent] id:22
path:61,93,92,91,123,155,187,219,218,217,216,248,280,312,344,376,408,409,441,473,472,504,536,535,567,599,599,599,599,599,599,599,599,599,599,599,599,599,599,599,599,599,599,
goal:599,599,599,599,599,599,599,599,599,599,599,599,599,599,599,599,599,599,599,599,599,599,599,599,599,599,599,599,599,599,599,599,599,599,599,599,599,599,599,599,599,599,599,
size:25
[agent] id:23
path:213,245,277,309,308,307,306,305,304,303,302,301,300,332,364,396,395,394,394,394,394,394,394,394,394,394,394,394,394,394,394,394,394,394,394,394,394,394,394,394,394,394,394,
goal:394,394,394,394,394,394,394,394,394,394,394,394,394,394,394,394,394,394,394,394,394,394,394,394,394,394,394,394,394,394,394,394,394,394,394,394,394,394,394,394,394,394,394,
size:17
[agent] id:24
path:613,614,615,616,648,649,617,618,619,620,621,622,590,591,592,593,594,594,562,563,564,565,533,534,535,536,537,538,538,538,538,538,538,538,538,538,538,538,538,538,538,538,538,
goal:538,538,538,538,538,538,538,538,538,538,538,538,538,538,538,538,538,538,538,538,538,538,538,538,538,538,538,538,538,538,538,538,538,538,538,538,538,538,538,538,538,538,538,
size:27
[agent] id:25
path:734,702,670,669,637,605,604,603,571,539,538,537,536,535,534,533,501,469,437,405,373,341,309,277,245,213,181,182,150,150,150,150,150,150,150,150,150,150,150,150,150,150,150,
goal:150,150,150,150,150,150,150,150,150,150,150,150,150,150,150,150,150,150,150,150,150,150,150,150,150,150,150,150,150,150,150,150,150,150,150,150,150,150,150,150,150,150,150,
size:28
[agent] id:26
path:801,802,803,835,867,899,900,901,933,934,935,936,937,938,939,939,939,939,939,939,939,939,939,939,939,939,939,939,939,939,939,939,939,939,939,939,939,939,939,939,939,939,939,
goal:939,939,939,939,939,939,939,939,939,939,939,939,939,939,939,939,939,939,939,939,939,939,939,939,939,939,939,939,939,939,939,939,939,939,939,939,939,939,939,939,939,939,939,
size:14
[agent] id:27
path:323,355,356,357,389,421,453,485,517,549,550,551,552,553,554,555,556,557,589,590,591,592,592,592,592,592,592,592,592,592,592,592,592,592,592,592,592,592,592,592,592,592,592,
goal:592,592,592,592,592,592,592,592,592,592,592,592,592,592,592,592,592,592,592,592,592,592,592,592,592,592,592,592,592,592,592,592,592,592,592,592,592,592,592,592,592,592,592,
size:21
[agent] id:28
path:163,162,161,193,225,257,256,288,320,352,384,416,448,480,512,544,576,577,609,641,642,642,642,642,642,642,642,642,642,642,642,642,642,642,642,642,642,642,642,642,642,642,642,
goal:642,642,642,642,642,642,642,642,642,642,642,642,642,642,642,642,642,642,642,642,642,642,642,642,642,642,642,642,642,642,642,642,642,642,642,642,642,642,642,642,642,642,642,
size:20
[agent] id:29
path:695,663,631,599,567,535,534,533,501,469,437,405,373,341,309,277,245,213,181,182,150,151,119,87,55,54,54,54,54,54,54,54,54,54,54,54,54,54,54,54,54,54,54,
goal:54,54,54,54,54,54,54,54,54,54,54,54,54,54,54,54,54,54,54,54,54,54,54,54,54,54,54,54,54,54,54,54,54,54,54,54,54,54,54,54,54,54,54,
size:25
SolutionCost:747
