[setting] seed:1044
[solver] type:SASB-ECBS
[solver] w:2.000000
[solver] ID:0
[solver] Lowlevelnode:13932
[solver] Highlevelnode:25
[solver] ConflictCount:13
[solver] solved:1
[solver] elapsed:61
[solver] makespan:54
[problem] timesteplimit:15000
[problem] type:MAPF
[problem] agentnum:30
[graph] width:32
[graph] height:32
[graph] filename:./map/32by32_agents10_ex30.map
[task] id:17,start:0,end:0,service time:0,nodes:379,
[task] id:7,start:0,end:0,service time:0,nodes:999,
[task] id:26,start:0,end:0,service time:0,nodes:582,
[task] id:1,start:0,end:0,service time:0,nodes:501,
[task] id:14,start:0,end:0,service time:0,nodes:529,
[task] id:8,start:0,end:0,service time:0,nodes:592,
[task] id:9,start:0,end:0,service time:0,nodes:213,
[task] id:23,start:0,end:0,service time:0,nodes:754,
[task] id:24,start:0,end:0,service time:0,nodes:345,
[task] id:15,start:0,end:0,service time:0,nodes:615,
[task] id:5,start:0,end:0,service time:0,nodes:846,
[task] id:3,start:0,end:0,service time:0,nodes:539,
[task] id:11,start:0,end:0,service time:0,nodes:281,
[task] id:16,start:0,end:0,service time:0,nodes:879,
[task] id:30,start:0,end:0,service time:0,nodes:846,
[task] id:6,start:0,end:0,service time:0,nodes:487,
[task] id:29,start:0,end:0,service time:0,nodes:305,
[task] id:25,start:0,end:0,service time:0,nodes:72,
[task] id:2,start:0,end:0,service time:0,nodes:461,
[task] id:0,start:0,end:0,service time:0,nodes:936,
[task] id:4,start:0,end:0,service time:0,nodes:964,
[task] id:21,start:0,end:0,service time:0,nodes:682,
[task] id:12,start:0,end:0,service time:0,nodes:696,
[task] id:19,start:0,end:0,service time:0,nodes:800,
[task] id:20,start:0,end:0,service time:0,nodes:203,
[task] id:22,start:0,end:0,service time:0,nodes:283,
[task] id:13,start:0,end:0,service time:0,nodes:899,
[task] id:18,start:0,end:0,service time:0,nodes:575,
[task] id:27,start:0,end:0,service time:0,nodes:311,
[task] id:28,start:0,end:0,service time:0,nodes:446,
[task] id:10,start:0,end:0,service time:0,nodes:1020,
[agent] id:0
path:465,497,529,561,593,592,591,623,655,687,686,718,750,782,814,846,878,877,909,941,940,939,938,937,936,936,936,936,936,936,936,936,936,936,936,936,936,936,936,936,936,936,936,936,936,936,936,936,936,936,936,936,936,936,936,
goal:936,936,936,936,936,936,936,936,936,936,936,936,936,936,936,936,936,936,936,936,936,936,936,936,936,936,936,936,936,936,936,936,936,936,936,936,936,936,936,936,936,936,936,936,936,936,936,936,936,936,936,936,936,936,936,
size:24
[agent] id:1
path:181,213,245,277,309,341,373,405,437,469,501,501,501,501,501,501,501,501,501,501,501,501,501,501,501,501,501,501,501,501,501,501,501,501,501,501,501,501,501,501,501,501,501,501,501,501,501,501,501,501,501,501,501,501,501,
goal:501,501,501,501,501,501,501,501,501,501,501,501,501,501,501,501,501,501,501,501,501,501,501,501,501,501,501,501,501,501,501,501,501,501,501,501,501,501,501,501,501,501,501,501,501,501,501,501,501,501,501,501,501,501,501,
size:10
[agent] id:2
path:53,52,84,83,115,114,146,178,210,242,274,306,305,304,303,302,301,300,332,364,396,428,460,461,461,461,461,461,461,461,461,461,461,461,461,461,461,461,461,461,461,461,461,461,461,461,461,461,461,461,461,461,461,461,461,
goal:461,461,461,461,461,461,461,461,461,461,461,461,461,461,461,461,461,461,461,461,461,461,461,461,461,461,461,461,461,461,461,461,461,461,461,461,461,461,461,461,461,461,461,461,461,461,461,461,461,461,461,461,461,461,461,
size:23
[agent] id:3
path:152,184,216,248,280,312,344,376,408,409,441,442,474,473,472,504,536,537,538,539,539,539,539,539,539,539,539,539,539,539,539,539,539,539,539,539,539,539,539,539,539,539,539,539,539,539,539,539,539,539,539,539,539,539,539,
goal:539,539,539,539,539,539,539,539,539,539,539,539,539,539,539,539,539,539,539,539,539,539,539,539,539,539,539,539,539,539,539,539,539,539,539,539,539,539,539,539,539,539,539,539,539,539,539,539,539,539,539,539,539,539,539,
size:19
[agent] id:4
path:396,428,460,459,458,490,522,554,553,552,584,616,648,680,712,744,776,808,840,872,904,936,935,967,966,965,964,964,964,964,964,964,964,964,964,964,964,964,964,964,964,964,964,964,964,964,964,964,964,964,964,964,964,964,964,
goal:964,964,964,964,964,964,964,964,964,964,964,964,964,964,964,964,964,964,964,964,964,964,964,964,964,964,964,964,964,964,964,964,964,964,964,964,964,964,964,964,964,964,964,964,964,964,964,964,964,964,964,964,964,964,964,
size:26
[agent] id:5
path:738,770,802,803,835,836,837,838,839,840,841,842,843,844,845,877,845,846,846,846,814,846,846,846,846,846,846,846,846,846,846,846,846,846,846,846,846,846,846,846,846,846,846,846,846,846,846,846,846,846,846,846,846,846,846,
goal:846,846,846,846,846,846,846,846,846,846,846,846,846,846,846,846,846,846,846,846,846,846,846,846,846,846,846,846,846,846,846,846,846,846,846,846,846,846,846,846,846,846,846,846,846,846,846,846,846,846,846,846,846,846,846,
size:21
[agent] id:6
path:725,693,661,629,597,565,564,563,562,561,560,559,558,557,556,555,554,522,521,520,519,487,487,487,487,487,487,487,487,487,487,487,487,487,487,487,487,487,487,487,487,487,487,487,487,487,487,487,487,487,487,487,487,487,487,
goal:487,487,487,487,487,487,487,487,487,487,487,487,487,487,487,487,487,487,487,487,487,487,487,487,487,487,487,487,487,487,487,487,487,487,487,487,487,487,487,487,487,487,487,487,487,487,487,487,487,487,487,487,487,487,487,
size:21
[agent] id:7
path:773,805,837,869,901,933,965,997,998,999,999,999,999,999,999,999,999,999,999,999,999,999,999,999,999,999,999,999,999,999,999,999,999,999,999,999,999,999,999,999,999,999,999,999,999,999,999,999,999,999,999,999,999,999,999,
goal:999,999,999,999,999,999,999,999,999,999,999,999,999,999,999,999,999,999,999,999,999,999,999,999,999,999,999,999,999,999,999,999,999,999,999,999,999,999,999,999,999,999,999,999,999,999,999,999,999,999,999,999,999,999,999,
size:9
[agent] id:8
path:821,853,852,851,819,818,786,754,722,690,658,626,594,593,592,592,592,592,592,592,592,592,592,592,592,592,592,592,592,592,592,592,592,592,592,592,592,592,592,592,592,592,592,592,592,592,592,592,592,592,592,592,592,592,592,
goal:592,592,592,592,592,592,592,592,592,592,592,592,592,592,592,592,592,592,592,592,592,592,592,592,592,592,592,592,592,592,592,592,592,592,592,592,592,592,592,592,592,592,592,592,592,592,592,592,592,592,592,592,592,592,592,
size:14
[agent] id:9
path:498,466,434,433,401,369,337,305,273,241,209,210,211,212,213,213,213,213,213,213,213,213,213,213,213,213,213,213,213,213,213,213,213,213,213,213,213,213,213,213,213,213,213,213,213,213,213,213,213,213,213,213,213,213,213,
goal:213,213,213,213,213,213,213,213,213,213,213,213,213,213,213,213,213,213,213,213,213,213,213,213,213,213,213,213,213,213,213,213,213,213,213,213,213,213,213,213,213,213,213,213,213,213,213,213,213,213,213,213,213,213,213,
size:14
[agent] id:10
path:162,161,193,225,257,258,290,322,354,355,356,357,389,421,453,485,517,549,550,551,583,584,616,648,649,650,651,652,653,685,686,687,688,720,752,753,785,786,818,850,882,883,884,885,886,918,950,982,983,984,985,986,987,1019,1020,
goal:1020,1020,1020,1020,1020,1020,1020,1020,1020,1020,1020,1020,1020,1020,1020,1020,1020,1020,1020,1020,1020,1020,1020,1020,1020,1020,1020,1020,1020,1020,1020,1020,1020,1020,1020,1020,1020,1020,1020,1020,1020,1020,1020,1020,1020,1020,1020,1020,1020,1020,1020,1020,1020,1020,1020,
size:54
[agent] id:11
path:573,605,604,603,571,539,538,537,536,504,472,473,441,409,377,376,344,312,280,281,281,281,281,281,281,281,281,281,281,281,281,281,281,281,281,281,281,281,281,281,281,281,281,281,281,281,281,281,281,281,281,281,281,281,281,
goal:281,281,281,281,281,281,281,281,281,281,281,281,281,281,281,281,281,281,281,281,281,281,281,281,281,281,281,281,281,281,281,281,281,281,281,281,281,281,281,281,281,281,281,281,281,281,281,281,281,281,281,281,281,281,281,
size:19
[agent] id:12
path:126,158,190,189,188,187,219,218,217,216,248,280,312,344,376,408,409,441,473,472,504,536,535,567,599,631,663,695,696,696,696,696,696,696,696,696,696,696,696,696,696,696,696,696,696,696,696,696,696,696,696,696,696,696,696,
goal:696,696,696,696,696,696,696,696,696,696,696,696,696,696,696,696,696,696,696,696,696,696,696,696,696,696,696,696,696,696,696,696,696,696,696,696,696,696,696,696,696,696,696,696,696,696,696,696,696,696,696,696,696,696,696,
size:28
[agent] id:13
path:895,894,893,892,860,859,858,857,825,824,823,855,854,853,852,851,850,849,848,847,846,845,844,843,842,841,840,872,871,870,902,901,900,899,899,899,899,899,899,899,899,899,899,899,899,899,899,899,899,899,899,899,899,899,899,
goal:899,899,899,899,899,899,899,899,899,899,899,899,899,899,899,899,899,899,899,899,899,899,899,899,899,899,899,899,899,899,899,899,899,899,899,899,899,899,899,899,899,899,899,899,899,899,899,899,899,899,899,899,899,899,899,
size:33
[agent] id:14
path:331,332,364,396,428,460,461,493,525,526,527,528,529,529,529,529,529,529,529,529,529,529,529,529,529,529,529,529,529,529,529,529,529,529,529,529,529,529,529,529,529,529,529,529,529,529,529,529,529,529,529,529,529,529,529,
goal:529,529,529,529,529,529,529,529,529,529,529,529,529,529,529,529,529,529,529,529,529,529,529,529,529,529,529,529,529,529,529,529,529,529,529,529,529,529,529,529,529,529,529,529,529,529,529,529,529,529,529,529,529,529,529,
size:12
[agent] id:15
path:320,352,384,416,448,480,512,544,576,577,609,610,611,612,613,614,615,615,615,615,615,615,615,615,615,615,615,615,615,615,615,615,615,615,615,615,615,615,615,615,615,615,615,615,615,615,615,615,615,615,615,615,615,615,615,
goal:615,615,615,615,615,615,615,615,615,615,615,615,615,615,615,615,615,615,615,615,615,615,615,615,615,615,615,615,615,615,615,615,615,615,615,615,615,615,615,615,615,615,615,615,615,615,615,615,615,615,615,615,615,615,615,
size:16
[agent] id:16
path:958,957,956,955,987,986,985,953,921,920,888,887,886,885,884,883,882,881,880,879,879,879,879,879,879,879,879,879,879,879,879,879,879,879,879,879,879,879,879,879,879,879,879,879,879,879,879,879,879,879,879,879,879,879,879,
goal:879,879,879,879,879,879,879,879,879,879,879,879,879,879,879,879,879,879,879,879,879,879,879,879,879,879,879,879,879,879,879,879,879,879,879,879,879,879,879,879,879,879,879,879,879,879,879,879,879,879,879,879,879,879,879,
size:19
[agent] id:17
path:446,414,413,381,380,379,379,379,379,379,379,379,379,379,379,379,379,379,379,379,379,379,379,379,379,379,379,379,379,379,379,379,379,379,379,379,379,379,379,379,379,379,379,379,379,379,379,379,379,379,379,379,379,379,379,
goal:379,379,379,379,379,379,379,379,379,379,379,379,379,379,379,379,379,379,379,379,379,379,379,379,379,379,379,379,379,379,379,379,379,379,379,379,379,379,379,379,379,379,379,379,379,379,379,379,379,379,379,379,379,379,379,
size:5
[agent] id:18
path:70,71,103,135,167,199,200,201,233,234,235,236,268,269,270,271,303,304,336,368,400,432,464,465,497,498,499,531,563,564,596,628,629,630,631,632,633,634,602,603,604,605,573,574,575,575,575,575,575,575,575,575,575,575,575,
goal:575,575,575,575,575,575,575,575,575,575,575,575,575,575,575,575,575,575,575,575,575,575,575,575,575,575,575,575,575,575,575,575,575,575,575,575,575,575,575,575,575,575,575,575,575,575,575,575,575,575,575,575,575,575,575,
size:44
[agent] id:19
path:953,921,920,888,887,855,854,853,852,851,850,849,848,847,846,845,844,812,811,810,809,808,807,806,805,804,803,802,801,800,800,800,800,800,800,800,800,800,800,800,800,800,800,800,800,800,800,800,800,800,800,800,800,800,800,
goal:800,800,800,800,800,800,800,800,800,800,800,800,800,800,800,800,800,800,800,800,800,800,800,800,800,800,800,800,800,800,800,800,800,800,800,800,800,800,800,800,800,800,800,800,800,800,800,800,800,800,800,800,800,800,800,
size:29
[agent] id:20
path:762,730,698,697,696,664,632,600,599,567,566,565,564,563,531,499,467,435,403,402,401,369,337,336,304,303,271,239,207,206,205,204,203,203,203,203,203,203,203,203,203,203,203,203,203,203,203,203,203,203,203,203,203,203,203,
goal:203,203,203,203,203,203,203,203,203,203,203,203,203,203,203,203,203,203,203,203,203,203,203,203,203,203,203,203,203,203,203,203,203,203,203,203,203,203,203,203,203,203,203,203,203,203,203,203,203,203,203,203,203,203,203,
size:32
[agent] id:21
path:892,860,859,858,857,825,793,792,760,728,727,726,725,693,692,691,690,689,688,687,686,685,653,652,651,683,682,682,682,682,682,682,682,682,682,682,682,682,682,682,682,682,682,682,682,682,682,682,682,682,682,682,682,682,682,
goal:682,682,682,682,682,682,682,682,682,682,682,682,682,682,682,682,682,682,682,682,682,682,682,682,682,682,682,682,682,682,682,682,682,682,682,682,682,682,682,682,682,682,682,682,682,682,682,682,682,682,682,682,682,682,682,
size:26
[agent] id:22
path:991,959,927,895,863,831,799,798,766,734,702,670,669,637,605,604,603,571,539,507,508,476,477,478,446,414,413,381,349,317,316,315,283,283,283,283,283,283,283,283,283,283,283,283,283,283,283,283,283,283,283,283,283,283,283,
goal:283,283,283,283,283,283,283,283,283,283,283,283,283,283,283,283,283,283,283,283,283,283,283,283,283,283,283,283,283,283,283,283,283,283,283,283,283,283,283,283,283,283,283,283,283,283,283,283,283,283,283,283,283,283,283,
size:32
[agent] id:23
path:463,464,465,497,529,561,593,594,626,658,659,691,723,755,754,754,754,754,754,754,754,754,754,754,754,754,754,754,754,754,754,754,754,754,754,754,754,754,754,754,754,754,754,754,754,754,754,754,754,754,754,754,754,754,754,
goal:754,754,754,754,754,754,754,754,754,754,754,754,754,754,754,754,754,754,754,754,754,754,754,754,754,754,754,754,754,754,754,754,754,754,754,754,754,754,754,754,754,754,754,754,754,754,754,754,754,754,754,754,754,754,754,
size:14
[agent] id:24
path:115,114,146,178,210,242,274,306,307,308,309,310,311,312,344,345,345,345,345,345,345,345,345,345,345,345,345,345,345,345,345,345,345,345,345,345,345,345,345,345,345,345,345,345,345,345,345,345,345,345,345,345,345,345,345,
goal:345,345,345,345,345,345,345,345,345,345,345,345,345,345,345,345,345,345,345,345,345,345,345,345,345,345,345,345,345,345,345,345,345,345,345,345,345,345,345,345,345,345,345,345,345,345,345,345,345,345,345,345,345,345,345,
size:15
[agent] id:25
path:648,616,584,552,520,519,487,486,454,422,390,358,326,294,262,230,231,199,167,135,103,71,72,72,72,72,72,72,72,72,72,72,72,72,72,72,72,72,72,72,72,72,72,72,72,72,72,72,72,72,72,72,72,72,72,
goal:72,72,72,72,72,72,72,72,72,72,72,72,72,72,72,72,72,72,72,72,72,72,72,72,72,72,72,72,72,72,72,72,72,72,72,72,72,72,72,72,72,72,72,72,72,72,72,72,72,72,72,72,72,72,72,
size:22
[agent] id:26
path:294,326,358,390,422,454,486,518,550,582,582,582,582,582,582,582,582,582,582,582,582,582,582,582,582,582,582,582,582,582,582,582,582,582,582,582,582,582,582,582,582,582,582,582,582,582,582,582,582,582,582,582,582,582,582,
goal:582,582,582,582,582,582,582,582,582,582,582,582,582,582,582,582,582,582,582,582,582,582,582,582,582,582,582,582,582,582,582,582,582,582,582,582,582,582,582,582,582,582,582,582,582,582,582,582,582,582,582,582,582,582,582,
size:9
[agent] id:27
path:960,928,929,930,898,866,867,835,803,771,739,707,708,676,644,645,646,647,648,616,584,552,553,554,555,556,557,558,559,560,561,562,530,498,466,434,435,436,437,405,373,341,309,310,311,311,311,311,311,311,311,311,311,311,311,
goal:311,311,311,311,311,311,311,311,311,311,311,311,311,311,311,311,311,311,311,311,311,311,311,311,311,311,311,311,311,311,311,311,311,311,311,311,311,311,311,311,311,311,311,311,311,311,311,311,311,311,311,311,311,311,311,
size:44
[agent] id:28
path:451,452,453,421,389,390,391,392,393,394,395,396,364,332,300,301,269,270,271,239,240,241,273,273,274,306,307,308,309,310,311,312,280,248,216,217,218,186,187,188,189,221,222,223,255,287,286,318,317,349,381,413,414,446,446,
goal:446,446,446,446,446,446,446,446,446,446,446,446,446,446,446,446,446,446,446,446,446,446,446,446,446,446,446,446,446,446,446,446,446,446,446,446,446,446,446,446,446,446,446,446,446,446,446,446,446,446,446,446,446,446,446,
size:53
[agent] id:29
path:287,255,223,191,190,189,188,187,219,218,217,216,248,280,312,311,310,309,308,307,306,305,305,305,305,305,305,305,305,305,305,305,305,305,305,305,305,305,305,305,305,305,305,305,305,305,305,305,305,305,305,305,305,305,305,
goal:305,305,305,305,305,305,305,305,305,305,305,305,305,305,305,305,305,305,305,305,305,305,305,305,305,305,305,305,305,305,305,305,305,305,305,305,305,305,305,305,305,305,305,305,305,305,305,305,305,305,305,305,305,305,305,
size:21
SolutionCost:708
