[setting] seed:5501
[solver] type:SASB-ECBS
[solver] w:2.000000
[solver] ID:0
[solver] Lowlevelnode:10048
[solver] Highlevelnode:21
[solver] ConflictCount:11
[solver] solved:1
[solver] elapsed:79
[solver] makespan:48
[problem] timesteplimit:15000
[problem] type:MAPF
[problem] agentnum:30
[graph] width:32
[graph] height:32
[graph] filename:./map/32by32_agents10_ex30.map
[task] id:22,start:0,end:0,service time:0,nodes:880,
[task] id:29,start:0,end:0,service time:0,nodes:478,
[task] id:21,start:0,end:0,service time:0,nodes:556,
[task] id:14,start:0,end:0,service time:0,nodes:10,
[task] id:5,start:0,end:0,service time:0,nodes:716,
[task] id:17,start:0,end:0,service time:0,nodes:607,
[task] id:4,start:0,end:0,service time:0,nodes:632,
[task] id:8,start:0,end:0,service time:0,nodes:747,
[task] id:1,start:0,end:0,service time:0,nodes:361,
[task] id:3,start:0,end:0,service time:0,nodes:969,
[task] id:18,start:0,end:0,service time:0,nodes:354,
[task] id:27,start:0,end:0,service time:0,nodes:38,
[task] id:10,start:0,end:0,service time:0,nodes:377,
[task] id:19,start:0,end:0,service time:0,nodes:835,
[task] id:2,start:0,end:0,service time:0,nodes:202,
[task] id:12,start:0,end:0,service time:0,nodes:450,
[task] id:23,start:0,end:0,service time:0,nodes:573,
[task] id:26,start:0,end:0,service time:0,nodes:422,
[task] id:0,start:0,end:0,service time:0,nodes:996,
[task] id:7,start:0,end:0,service time:0,nodes:93,
[task] id:6,start:0,end:0,service time:0,nodes:458,
[task] id:11,start:0,end:0,service time:0,nodes:349,
[task] id:25,start:0,end:0,service time:0,nodes:858,
[task] id:28,start:0,end:0,service time:0,nodes:850,
[task] id:24,start:0,end:0,service time:0,nodes:695,
[task] id:16,start:0,end:0,service time:0,nodes:105,
[task] id:9,start:0,end:0,service time:0,nodes:96,
[task] id:20,start:0,end:0,service time:0,nodes:261,
[task] id:15,start:0,end:0,service time:0,nodes:92,
[task] id:13,start:0,end:0,service time:0,nodes:5,
[agent] id:0
path:729,728,760,792,824,823,855,887,886,885,884,883,915,914,946,945,944,943,942,941,940,939,938,937,936,935,967,999,998,997,996,996,996,996,996,996,996,996,996,996,996,996,996,996,996,996,996,996,996,
goal:996,996,996,996,996,996,996,996,996,996,996,996,996,996,996,996,996,996,996,996,996,996,996,996,996,996,996,996,996,996,996,996,996,996,996,996,996,996,996,996,996,996,996,996,996,996,996,996,996,
size:30
[agent] id:1
path:406,374,373,341,309,308,307,306,305,304,303,302,301,300,332,364,396,395,394,393,361,361,361,361,361,361,361,361,361,361,361,361,361,361,361,361,361,361,361,361,361,361,361,361,361,361,361,361,361,
goal:361,361,361,361,361,361,361,361,361,361,361,361,361,361,361,361,361,361,361,361,361,361,361,361,361,361,361,361,361,361,361,361,361,361,361,361,361,361,361,361,361,361,361,361,361,361,361,361,361,
size:20
[agent] id:2
path:771,739,707,708,676,677,645,613,614,582,550,551,519,487,486,454,422,390,358,326,294,262,230,231,199,200,201,202,202,202,202,202,202,202,202,202,202,202,202,202,202,202,202,202,202,202,202,202,202,
goal:202,202,202,202,202,202,202,202,202,202,202,202,202,202,202,202,202,202,202,202,202,202,202,202,202,202,202,202,202,202,202,202,202,202,202,202,202,202,202,202,202,202,202,202,202,202,202,202,202,
size:27
[agent] id:3
path:515,547,579,611,643,644,676,708,709,741,773,805,837,869,901,933,934,935,936,937,969,969,969,969,969,969,969,969,969,969,969,969,969,969,969,969,969,969,969,969,969,969,969,969,969,969,969,969,969,
goal:969,969,969,969,969,969,969,969,969,969,969,969,969,969,969,969,969,969,969,969,969,969,969,969,969,969,969,969,969,969,969,969,969,969,969,969,969,969,969,969,969,969,969,969,969,969,969,969,969,
size:20
[agent] id:4
path:713,681,649,650,651,652,653,654,655,656,657,658,626,627,628,629,630,631,632,632,632,632,632,632,632,632,632,632,632,632,632,632,632,632,632,632,632,632,632,632,632,632,632,632,632,632,632,632,632,
goal:632,632,632,632,632,632,632,632,632,632,632,632,632,632,632,632,632,632,632,632,632,632,632,632,632,632,632,632,632,632,632,632,632,632,632,632,632,632,632,632,632,632,632,632,632,632,632,632,632,
size:18
[agent] id:5
path:489,521,553,554,555,556,557,589,621,653,685,717,716,716,716,716,716,716,716,716,716,716,716,716,716,716,716,716,716,716,716,716,716,716,716,716,716,716,716,716,716,716,716,716,716,716,716,716,716,
goal:716,716,716,716,716,716,716,716,716,716,716,716,716,716,716,716,716,716,716,716,716,716,716,716,716,716,716,716,716,716,716,716,716,716,716,716,716,716,716,716,716,716,716,716,716,716,716,716,716,
size:12
[agent] id:6
path:830,798,766,734,702,670,669,637,636,635,634,633,632,600,599,567,566,565,564,563,531,530,529,528,527,526,494,493,461,460,459,458,458,458,458,458,458,458,458,458,458,458,458,458,458,458,458,458,458,
goal:458,458,458,458,458,458,458,458,458,458,458,458,458,458,458,458,458,458,458,458,458,458,458,458,458,458,458,458,458,458,458,458,458,458,458,458,458,458,458,458,458,458,458,458,458,458,458,458,458,
size:31
[agent] id:7
path:5,37,38,39,40,41,42,10,11,12,44,45,77,78,79,80,81,82,83,84,52,53,54,86,87,88,89,90,91,92,93,93,93,93,93,93,93,93,93,93,93,93,93,93,93,93,93,93,93,
goal:93,93,93,93,93,93,93,93,93,93,93,93,93,93,93,93,93,93,93,93,93,93,93,93,93,93,93,93,93,93,93,93,93,93,93,93,93,93,93,93,93,93,93,93,93,93,93,93,93,
size:30
[agent] id:8
path:864,896,928,929,930,898,866,867,835,836,837,838,806,807,808,809,810,778,779,747,747,747,747,747,747,747,747,747,747,747,747,747,747,747,747,747,747,747,747,747,747,747,747,747,747,747,747,747,747,
goal:747,747,747,747,747,747,747,747,747,747,747,747,747,747,747,747,747,747,747,747,747,747,747,747,747,747,747,747,747,747,747,747,747,747,747,747,747,747,747,747,747,747,747,747,747,747,747,747,747,
size:19
[agent] id:9
path:768,736,737,705,673,641,609,577,545,513,512,480,448,416,384,352,320,288,256,257,258,259,227,228,196,197,165,133,101,69,68,67,66,65,64,96,96,96,96,96,96,96,96,96,96,96,96,96,96,
goal:96,96,96,96,96,96,96,96,96,96,96,96,96,96,96,96,96,96,96,96,96,96,96,96,96,96,96,96,96,96,96,96,96,96,96,96,96,96,96,96,96,96,96,96,96,96,96,96,96,
size:35
[agent] id:10
path:554,555,556,524,525,526,527,528,529,497,465,433,434,435,436,437,405,373,374,375,376,377,377,377,377,377,377,377,377,377,377,377,377,377,377,377,377,377,377,377,377,377,377,377,377,377,377,377,377,
goal:377,377,377,377,377,377,377,377,377,377,377,377,377,377,377,377,377,377,377,377,377,377,377,377,377,377,377,377,377,377,377,377,377,377,377,377,377,377,377,377,377,377,377,377,377,377,377,377,377,
size:21
[agent] id:11
path:486,487,519,551,552,553,554,555,556,524,525,526,527,528,529,497,465,433,434,435,436,437,405,406,407,408,409,410,378,379,347,348,349,349,349,349,349,349,349,349,349,349,349,349,349,349,349,349,349,
goal:349,349,349,349,349,349,349,349,349,349,349,349,349,349,349,349,349,349,349,349,349,349,349,349,349,349,349,349,349,349,349,349,349,349,349,349,349,349,349,349,349,349,349,349,349,349,349,349,349,
size:32
[agent] id:12
path:1005,973,941,909,877,845,844,812,811,779,747,715,683,651,619,618,617,616,584,552,520,519,487,486,454,453,452,451,450,450,450,450,450,450,450,450,450,450,450,450,450,450,450,450,450,450,450,450,450,
goal:450,450,450,450,450,450,450,450,450,450,450,450,450,450,450,450,450,450,450,450,450,450,450,450,450,450,450,450,450,450,450,450,450,450,450,450,450,450,450,450,450,450,450,450,450,450,450,450,450,
size:28
[agent] id:13
path:735,703,671,639,607,606,605,604,603,571,539,538,537,536,535,534,533,501,469,437,405,373,341,309,308,307,306,274,242,241,240,239,207,206,174,173,172,140,139,107,75,74,73,72,71,70,69,37,5,
goal:5,5,5,5,5,5,5,5,5,5,5,5,5,5,5,5,5,5,5,5,5,5,5,5,5,5,5,5,5,5,5,5,5,5,5,5,5,5,5,5,5,5,5,5,5,5,5,5,5,
size:48
[agent] id:14
path:165,133,101,69,37,38,39,7,8,9,10,10,10,10,10,10,10,10,10,10,10,10,10,10,10,10,10,10,10,10,10,10,10,10,10,10,10,10,10,10,10,10,10,10,10,10,10,10,10,
goal:10,10,10,10,10,10,10,10,10,10,10,10,10,10,10,10,10,10,10,10,10,10,10,10,10,10,10,10,10,10,10,10,10,10,10,10,10,10,10,10,10,10,10,10,10,10,10,10,10,
size:10
[agent] id:15
path:707,708,676,644,612,613,614,615,616,617,618,619,620,621,589,557,525,526,527,528,529,497,465,433,401,369,337,305,273,274,242,210,211,212,213,181,182,150,151,119,87,88,89,90,91,92,92,92,92,
goal:92,92,92,92,92,92,92,92,92,92,92,92,92,92,92,92,92,92,92,92,92,92,92,92,92,92,92,92,92,92,92,92,92,92,92,92,92,92,92,92,92,92,92,92,92,92,92,92,92,
size:45
[agent] id:16
path:881,849,850,818,786,754,722,690,658,626,594,562,530,498,466,434,402,401,369,337,305,273,241,240,239,207,206,174,173,172,140,139,107,106,105,105,105,105,105,105,105,105,105,105,105,105,105,105,105,
goal:105,105,105,105,105,105,105,105,105,105,105,105,105,105,105,105,105,105,105,105,105,105,105,105,105,105,105,105,105,105,105,105,105,105,105,105,105,105,105,105,105,105,105,105,105,105,105,105,105,
size:34
[agent] id:17
path:927,895,863,831,799,798,766,734,702,670,671,639,607,607,607,607,607,607,607,607,607,607,607,607,607,607,607,607,607,607,607,607,607,607,607,607,607,607,607,607,607,607,607,607,607,607,607,607,607,
goal:607,607,607,607,607,607,607,607,607,607,607,607,607,607,607,607,607,607,607,607,607,607,607,607,607,607,607,607,607,607,607,607,607,607,607,607,607,607,607,607,607,607,607,607,607,607,607,607,607,
size:12
[agent] id:18
path:808,776,744,712,680,648,616,584,552,520,519,487,486,454,422,390,358,357,356,355,354,354,354,354,354,354,354,354,354,354,354,354,354,354,354,354,354,354,354,354,354,354,354,354,354,354,354,354,354,
goal:354,354,354,354,354,354,354,354,354,354,354,354,354,354,354,354,354,354,354,354,354,354,354,354,354,354,354,354,354,354,354,354,354,354,354,354,354,354,354,354,354,354,354,354,354,354,354,354,354,
size:20
[agent] id:19
path:555,556,557,589,621,653,685,717,716,715,714,713,745,744,776,808,840,839,838,837,836,835,835,835,835,835,835,835,835,835,835,835,835,835,835,835,835,835,835,835,835,835,835,835,835,835,835,835,835,
goal:835,835,835,835,835,835,835,835,835,835,835,835,835,835,835,835,835,835,835,835,835,835,835,835,835,835,835,835,835,835,835,835,835,835,835,835,835,835,835,835,835,835,835,835,835,835,835,835,835,
size:21
[agent] id:20
path:414,413,381,380,379,378,377,376,375,374,342,310,309,308,307,306,274,242,241,240,239,207,206,205,204,203,202,234,233,201,200,199,231,263,262,261,261,261,261,261,261,261,261,261,261,261,261,261,261,
goal:261,261,261,261,261,261,261,261,261,261,261,261,261,261,261,261,261,261,261,261,261,261,261,261,261,261,261,261,261,261,261,261,261,261,261,261,261,261,261,261,261,261,261,261,261,261,261,261,261,
size:35
[agent] id:21
path:516,548,549,550,551,552,553,554,555,556,556,556,556,556,556,556,556,556,556,556,556,556,556,556,556,556,556,556,556,556,556,556,556,556,556,556,556,556,556,556,556,556,556,556,556,556,556,556,556,
goal:556,556,556,556,556,556,556,556,556,556,556,556,556,556,556,556,556,556,556,556,556,556,556,556,556,556,556,556,556,556,556,556,556,556,556,556,556,556,556,556,556,556,556,556,556,556,556,556,556,
size:9
[agent] id:22
path:847,879,880,880,880,880,880,880,880,880,880,880,880,880,880,880,880,880,880,880,880,880,880,880,880,880,880,880,880,880,880,880,880,880,880,880,880,880,880,880,880,880,880,880,880,880,880,880,880,
goal:880,880,880,880,880,880,880,880,880,880,880,880,880,880,880,880,880,880,880,880,880,880,880,880,880,880,880,880,880,880,880,880,880,880,880,880,880,880,880,880,880,880,880,880,880,880,880,880,880,
size:2
[agent] id:23
path:584,616,648,649,650,651,652,653,654,655,656,657,658,659,660,661,662,663,664,696,697,698,699,667,635,603,604,605,573,573,573,573,573,573,573,573,573,573,573,573,573,573,573,573,573,573,573,573,573,
goal:573,573,573,573,573,573,573,573,573,573,573,573,573,573,573,573,573,573,573,573,573,573,573,573,573,573,573,573,573,573,573,573,573,573,573,573,573,573,573,573,573,573,573,573,573,573,573,573,573,
size:28
[agent] id:24
path:73,105,137,169,201,233,234,235,236,268,300,332,364,396,428,460,461,493,525,557,589,621,653,654,655,656,657,658,659,660,661,662,663,695,695,695,695,695,695,695,695,695,695,695,695,695,695,695,695,
goal:695,695,695,695,695,695,695,695,695,695,695,695,695,695,695,695,695,695,695,695,695,695,695,695,695,695,695,695,695,695,695,695,695,695,695,695,695,695,695,695,695,695,695,695,695,695,695,695,695,
size:33
[agent] id:25
path:123,155,187,219,218,217,216,248,280,312,344,376,408,409,441,473,472,504,536,535,567,599,631,663,695,727,759,791,823,824,825,857,858,858,858,858,858,858,858,858,858,858,858,858,858,858,858,858,858,
goal:858,858,858,858,858,858,858,858,858,858,858,858,858,858,858,858,858,858,858,858,858,858,858,858,858,858,858,858,858,858,858,858,858,858,858,858,858,858,858,858,858,858,858,858,858,858,858,858,858,
size:32
[agent] id:26
path:381,380,379,378,377,376,375,374,373,341,309,308,307,306,305,304,303,302,301,300,332,364,396,395,394,393,392,424,423,422,422,422,422,422,422,422,422,422,422,422,422,422,422,422,422,422,422,422,422,
goal:422,422,422,422,422,422,422,422,422,422,422,422,422,422,422,422,422,422,422,422,422,422,422,422,422,422,422,422,422,422,422,422,422,422,422,422,422,422,422,422,422,422,422,422,422,422,422,422,422,
size:29
[agent] id:27
path:50,82,81,80,79,78,110,142,174,173,172,140,139,107,75,74,42,41,40,39,38,38,38,38,38,38,38,38,38,38,38,38,38,38,38,38,38,38,38,38,38,38,38,38,38,38,38,38,38,
goal:38,38,38,38,38,38,38,38,38,38,38,38,38,38,38,38,38,38,38,38,38,38,38,38,38,38,38,38,38,38,38,38,38,38,38,38,38,38,38,38,38,38,38,38,38,38,38,38,38,
size:20
[agent] id:28
path:231,263,262,294,326,358,390,422,454,486,518,550,582,614,646,678,710,742,774,806,838,839,840,841,842,843,844,845,846,847,848,849,850,850,850,850,850,850,850,850,850,850,850,850,850,850,850,850,850,
goal:850,850,850,850,850,850,850,850,850,850,850,850,850,850,850,850,850,850,850,850,850,850,850,850,850,850,850,850,850,850,850,850,850,850,850,850,850,850,850,850,850,850,850,850,850,850,850,850,850,
size:32
[agent] id:29
path:602,570,538,539,507,508,476,477,478,478,478,478,478,478,478,478,478,478,478,478,478,478,478,478,478,478,478,478,478,478,478,478,478,478,478,478,478,478,478,478,478,478,478,478,478,478,478,478,478,
goal:478,478,478,478,478,478,478,478,478,478,478,478,478,478,478,478,478,478,478,478,478,478,478,478,478,478,478,478,478,478,478,478,478,478,478,478,478,478,478,478,478,478,478,478,478,478,478,478,478,
size:8
SolutionCost:741
