[setting] seed:23497
[solver] type:SASB-ECBS
[solver] w:2.000000
[solver] ID:0
[solver] Lowlevelnode:6700
[solver] Highlevelnode:21
[solver] ConflictCount:11
[solver] solved:1
[solver] elapsed:49
[solver] makespan:37
[problem] timesteplimit:15000
[problem] type:MAPF
[problem] agentnum:30
[graph] width:32
[graph] height:32
[graph] filename:./map/32by32_agents10_ex30.map
[task] id:16,start:0,end:0,service time:0,nodes:717,
[task] id:24,start:0,end:0,service time:0,nodes:658,
[task] id:18,start:0,end:0,service time:0,nodes:196,
[task] id:29,start:0,end:0,service time:0,nodes:524,
[task] id:3,start:0,end:0,service time:0,nodes:497,
[task] id:21,start:0,end:0,service time:0,nodes:590,
[task] id:0,start:0,end:0,service time:0,nodes:94,
[task] id:7,start:0,end:0,service time:0,nodes:332,
[task] id:12,start:0,end:0,service time:0,nodes:341,
[task] id:30,start:0,end:0,service time:0,nodes:658,
[task] id:1,start:0,end:0,service time:0,nodes:528,
[task] id:13,start:0,end:0,service time:0,nodes:428,
[task] id:5,start:0,end:0,service time:0,nodes:935,
[task] id:19,start:0,end:0,service time:0,nodes:438,
[task] id:20,start:0,end:0,service time:0,nodes:443,
[task] id:26,start:0,end:0,service time:0,nodes:263,
[task] id:9,start:0,end:0,service time:0,nodes:174,
[task] id:10,start:0,end:0,service time:0,nodes:280,
[task] id:23,start:0,end:0,service time:0,nodes:664,
[task] id:28,start:0,end:0,service time:0,nodes:768,
[task] id:4,start:0,end:0,service time:0,nodes:969,
[task] id:6,start:0,end:0,service time:0,nodes:199,
[task] id:8,start:0,end:0,service time:0,nodes:281,
[task] id:14,start:0,end:0,service time:0,nodes:72,
[task] id:2,start:0,end:0,service time:0,nodes:823,
[task] id:15,start:0,end:0,service time:0,nodes:613,
[task] id:11,start:0,end:0,service time:0,nodes:480,
[task] id:17,start:0,end:0,service time:0,nodes:473,
[task] id:22,start:0,end:0,service time:0,nodes:985,
[task] id:25,start:0,end:0,service time:0,nodes:450,
[task] id:27,start:0,end:0,service time:0,nodes:211,
[agent] id:0
path:283,315,316,317,285,286,287,255,223,191,159,127,95,94,94,94,94,94,94,94,94,94,94,94,94,94,94,94,94,94,94,94,94,94,94,94,94,94,
goal:94,94,94,94,94,94,94,94,94,94,94,94,94,94,94,94,94,94,94,94,94,94,94,94,94,94,94,94,94,94,94,94,94,94,94,94,94,94,
size:13
[agent] id:1
path:75,107,139,171,203,235,236,268,300,332,364,396,428,460,461,493,525,526,527,528,528,528,528,528,528,528,528,528,528,528,528,528,528,528,528,528,528,528,
goal:528,528,528,528,528,528,528,528,528,528,528,528,528,528,528,528,528,528,528,528,528,528,528,528,528,528,528,528,528,528,528,528,528,528,528,528,528,528,
size:19
[agent] id:2
path:86,87,119,151,183,215,247,279,311,310,342,374,406,438,470,469,501,500,501,533,565,597,629,661,693,725,757,758,759,791,823,823,823,823,823,823,823,823,
goal:823,823,823,823,823,823,823,823,823,823,823,823,823,823,823,823,823,823,823,823,823,823,823,823,823,823,823,823,823,823,823,823,823,823,823,823,823,823,
size:30
[agent] id:3
path:276,308,307,306,305,337,369,401,433,465,497,497,497,497,497,497,497,497,497,497,497,497,497,497,497,497,497,497,497,497,497,497,497,497,497,497,497,497,
goal:497,497,497,497,497,497,497,497,497,497,497,497,497,497,497,497,497,497,497,497,497,497,497,497,497,497,497,497,497,497,497,497,497,497,497,497,497,497,
size:10
[agent] id:4
path:369,401,433,465,497,529,561,593,592,591,623,655,687,686,718,750,782,814,846,878,877,909,941,973,972,971,970,969,969,969,969,969,969,969,969,969,969,969,
goal:969,969,969,969,969,969,969,969,969,969,969,969,969,969,969,969,969,969,969,969,969,969,969,969,969,969,969,969,969,969,969,969,969,969,969,969,969,969,
size:27
[agent] id:5
path:394,426,458,490,489,521,553,552,584,616,648,680,712,744,776,808,840,872,904,936,935,935,935,935,935,935,935,935,935,935,935,935,935,935,935,935,935,935,
goal:935,935,935,935,935,935,935,935,935,935,935,935,935,935,935,935,935,935,935,935,935,935,935,935,935,935,935,935,935,935,935,935,935,935,935,935,935,935,
size:20
[agent] id:6
path:999,967,935,934,902,870,838,806,774,742,710,678,646,614,582,550,518,486,454,422,390,358,326,294,262,230,231,199,199,199,199,199,199,199,199,199,199,199,
goal:199,199,199,199,199,199,199,199,199,199,199,199,199,199,199,199,199,199,199,199,199,199,199,199,199,199,199,199,199,199,199,199,199,199,199,199,199,199,
size:27
[agent] id:7
path:355,356,357,389,390,391,392,393,394,395,396,397,396,364,332,332,332,332,332,332,332,332,332,332,332,332,332,332,332,332,332,332,332,332,332,332,332,332,
goal:332,332,332,332,332,332,332,332,332,332,332,332,332,332,332,332,332,332,332,332,332,332,332,332,332,332,332,332,332,332,332,332,332,332,332,332,332,332,
size:14
[agent] id:8
path:715,716,717,685,686,687,688,689,690,691,659,627,628,596,564,565,566,534,535,503,504,472,473,441,409,377,345,313,281,281,281,281,281,281,281,281,281,281,
goal:281,281,281,281,281,281,281,281,281,281,281,281,281,281,281,281,281,281,281,281,281,281,281,281,281,281,281,281,281,281,281,281,281,281,281,281,281,281,
size:28
[agent] id:9
path:721,689,657,658,626,594,562,530,498,466,434,402,401,369,337,305,273,241,240,239,207,206,174,174,174,174,174,174,174,174,174,174,174,174,174,174,174,174,
goal:174,174,174,174,174,174,174,174,174,174,174,174,174,174,174,174,174,174,174,174,174,174,174,174,174,174,174,174,174,174,174,174,174,174,174,174,174,174,
size:22
[agent] id:10
path:703,671,639,607,606,605,604,603,571,539,538,537,536,504,472,473,441,409,377,345,313,281,280,280,280,280,280,280,280,280,280,280,280,280,280,280,280,280,
goal:280,280,280,280,280,280,280,280,280,280,280,280,280,280,280,280,280,280,280,280,280,280,280,280,280,280,280,280,280,280,280,280,280,280,280,280,280,280,
size:22
[agent] id:11
path:474,473,472,504,503,535,534,533,565,564,563,562,561,560,559,558,557,556,555,554,522,521,520,519,518,517,516,515,514,513,512,480,480,480,480,480,480,480,
goal:480,480,480,480,480,480,480,480,480,480,480,480,480,480,480,480,480,480,480,480,480,480,480,480,480,480,480,480,480,480,480,480,480,480,480,480,480,480,
size:31
[agent] id:12
path:605,604,603,571,539,538,537,536,535,534,533,501,469,437,405,373,341,341,341,341,341,341,341,341,341,341,341,341,341,341,341,341,341,341,341,341,341,341,
goal:341,341,341,341,341,341,341,341,341,341,341,341,341,341,341,341,341,341,341,341,341,341,341,341,341,341,341,341,341,341,341,341,341,341,341,341,341,341,
size:16
[agent] id:13
path:664,632,600,599,567,566,565,564,563,531,530,529,528,527,526,494,493,461,429,428,428,428,428,428,428,428,428,428,428,428,428,428,428,428,428,428,428,428,
goal:428,428,428,428,428,428,428,428,428,428,428,428,428,428,428,428,428,428,428,428,428,428,428,428,428,428,428,428,428,428,428,428,428,428,428,428,428,428,
size:19
[agent] id:14
path:380,379,378,377,345,313,312,311,310,309,308,307,306,274,242,241,240,239,207,206,174,173,172,140,139,107,75,74,73,72,72,72,72,72,72,72,72,72,
goal:72,72,72,72,72,72,72,72,72,72,72,72,72,72,72,72,72,72,72,72,72,72,72,72,72,72,72,72,72,72,72,72,72,72,72,72,72,72,
size:29
[agent] id:15
path:764,796,795,794,762,730,729,729,728,727,726,725,693,692,691,690,689,657,656,655,623,622,621,620,619,618,617,616,615,614,613,613,613,613,613,613,613,613,
goal:613,613,613,613,613,613,613,613,613,613,613,613,613,613,613,613,613,613,613,613,613,613,613,613,613,613,613,613,613,613,613,613,613,613,613,613,613,613,
size:30
[agent] id:16
path:811,779,747,715,716,717,717,717,717,717,717,717,717,717,717,717,717,717,717,717,717,717,717,717,717,717,717,717,717,717,717,717,717,717,717,717,717,717,
goal:717,717,717,717,717,717,717,717,717,717,717,717,717,717,717,717,717,717,717,717,717,717,717,717,717,717,717,717,717,717,717,717,717,717,717,717,717,717,
size:5
[agent] id:17
path:805,773,741,709,677,645,646,647,648,649,617,618,619,620,621,622,623,591,559,560,561,562,563,564,565,533,534,535,503,504,472,473,473,473,473,473,473,473,
goal:473,473,473,473,473,473,473,473,473,473,473,473,473,473,473,473,473,473,473,473,473,473,473,473,473,473,473,473,473,473,473,473,473,473,473,473,473,473,
size:31
[agent] id:18
path:354,322,290,258,259,227,228,196,196,196,196,196,196,196,196,196,196,196,196,196,196,196,196,196,196,196,196,196,196,196,196,196,196,196,196,196,196,196,
goal:196,196,196,196,196,196,196,196,196,196,196,196,196,196,196,196,196,196,196,196,196,196,196,196,196,196,196,196,196,196,196,196,196,196,196,196,196,196,
size:7
[agent] id:19
path:859,858,857,825,793,792,760,728,696,664,632,600,599,567,535,534,533,501,469,437,438,438,438,438,438,438,438,438,438,438,438,438,438,438,438,438,438,438,
goal:438,438,438,438,438,438,438,438,438,438,438,438,438,438,438,438,438,438,438,438,438,438,438,438,438,438,438,438,438,438,438,438,438,438,438,438,438,438,
size:20
[agent] id:20
path:656,657,658,659,691,692,660,628,596,597,598,566,534,535,503,504,472,473,441,442,443,443,443,443,443,443,443,443,443,443,443,443,443,443,443,443,443,443,
goal:443,443,443,443,443,443,443,443,443,443,443,443,443,443,443,443,443,443,443,443,443,443,443,443,443,443,443,443,443,443,443,443,443,443,443,443,443,443,
size:20
[agent] id:21
path:599,631,630,629,628,627,626,594,593,592,591,590,590,590,590,590,590,590,590,590,590,590,590,590,590,590,590,590,590,590,590,590,590,590,590,590,590,590,
goal:590,590,590,590,590,590,590,590,590,590,590,590,590,590,590,590,590,590,590,590,590,590,590,590,590,590,590,590,590,590,590,590,590,590,590,590,590,590,
size:11
[agent] id:22
path:271,303,304,336,368,400,432,464,465,497,529,561,593,594,626,658,690,722,754,786,818,850,882,883,884,885,886,918,950,982,983,984,985,985,985,985,985,985,
goal:985,985,985,985,985,985,985,985,985,985,985,985,985,985,985,985,985,985,985,985,985,985,985,985,985,985,985,985,985,985,985,985,985,985,985,985,985,985,
size:32
[agent] id:23
path:807,775,743,711,679,647,648,649,650,651,652,653,654,655,656,657,658,659,660,661,662,663,664,664,664,664,664,664,664,664,664,664,664,664,664,664,664,664,
goal:664,664,664,664,664,664,664,664,664,664,664,664,664,664,664,664,664,664,664,664,664,664,664,664,664,664,664,664,664,664,664,664,664,664,664,664,664,664,
size:22
[agent] id:24
path:726,725,693,661,660,659,658,658,658,658,658,658,658,658,659,627,626,626,658,658,658,658,658,658,658,658,658,658,658,658,658,658,658,658,658,658,658,658,
goal:658,658,658,658,658,658,658,658,658,658,658,658,658,658,658,658,658,658,658,658,658,658,658,658,658,658,658,658,658,658,658,658,658,658,658,658,658,658,
size:18
[agent] id:25
path:509,508,507,539,538,537,536,535,534,533,565,564,563,562,561,560,559,558,557,556,555,554,522,521,520,519,487,486,454,453,452,451,450,450,450,450,450,450,
goal:450,450,450,450,450,450,450,450,450,450,450,450,450,450,450,450,450,450,450,450,450,450,450,450,450,450,450,450,450,450,450,450,450,450,450,450,450,450,
size:32
[agent] id:26
path:738,706,707,708,676,644,612,613,614,582,550,518,486,454,422,390,358,326,294,262,263,263,263,263,263,263,263,263,263,263,263,263,263,263,263,263,263,263,
goal:263,263,263,263,263,263,263,263,263,263,263,263,263,263,263,263,263,263,263,263,263,263,263,263,263,263,263,263,263,263,263,263,263,263,263,263,263,263,
size:20
[agent] id:27
path:990,958,926,894,893,861,860,859,858,857,825,793,792,760,728,696,664,632,600,599,567,535,534,533,501,469,437,405,373,374,342,310,309,277,245,213,212,211,
goal:211,211,211,211,211,211,211,211,211,211,211,211,211,211,211,211,211,211,211,211,211,211,211,211,211,211,211,211,211,211,211,211,211,211,211,211,211,211,
size:37
[agent] id:28
path:395,427,459,458,490,522,554,553,552,584,616,648,680,712,711,710,709,708,707,739,738,737,736,768,768,768,768,768,768,768,768,768,768,768,768,768,768,768,
goal:768,768,768,768,768,768,768,768,768,768,768,768,768,768,768,768,768,768,768,768,768,768,768,768,768,768,768,768,768,768,768,768,768,768,768,768,768,768,
size:23
[agent] id:29
path:456,457,489,521,522,554,555,556,524,524,524,524,524,524,524,524,524,524,524,524,524,524,524,524,524,524,524,524,524,524,524,524,524,524,524,524,524,524,
goal:524,524,524,524,524,524,524,524,524,524,524,524,524,524,524,524,524,524,524,524,524,524,524,524,524,524,524,524,524,524,524,524,524,524,524,524,524,524,
size:8
SolutionCost:643
