[setting] seed:7433
[solver] type:SASB-ECBS
[solver] w:2.000000
[solver] ID:0
[solver] Lowlevelnode:4290
[solver] Highlevelnode:19
[solver] ConflictCount:10
[solver] solved:1
[solver] elapsed:31
[solver] makespan:36
[problem] timesteplimit:15000
[problem] type:MAPF
[problem] agentnum:30
[graph] width:32
[graph] height:32
[graph] filename:./map/32by32_agents10_ex30.map
[task] id:24,start:0,end:0,service time:0,nodes:590,
[task] id:8,start:0,end:0,service time:0,nodes:357,
[task] id:21,start:0,end:0,service time:0,nodes:933,
[task] id:13,start:0,end:0,service time:0,nodes:484,
[task] id:25,start:0,end:0,service time:0,nodes:12,
[task] id:0,start:0,end:0,service time:0,nodes:847,
[task] id:6,start:0,end:0,service time:0,nodes:701,
[task] id:16,start:0,end:0,service time:0,nodes:156,
[task] id:22,start:0,end:0,service time:0,nodes:554,
[task] id:29,start:0,end:0,service time:0,nodes:80,
[task] id:2,start:0,end:0,service time:0,nodes:565,
[task] id:15,start:0,end:0,service time:0,nodes:983,
[task] id:23,start:0,end:0,service time:0,nodes:106,
[task] id:7,start:0,end:0,service time:0,nodes:531,
[task] id:9,start:0,end:0,service time:0,nodes:851,
[task] id:28,start:0,end:0,service time:0,nodes:219,
[task] id:5,start:0,end:0,service time:0,nodes:230,
[task] id:14,start:0,end:0,service time:0,nodes:94,
[task] id:27,start:0,end:0,service time:0,nodes:713,
[task] id:12,start:0,end:0,service time:0,nodes:114,
[task] id:17,start:0,end:0,service time:0,nodes:997,
[task] id:4,start:0,end:0,service time:0,nodes:308,
[task] id:18,start:0,end:0,service time:0,nodes:476,
[task] id:19,start:0,end:0,service time:0,nodes:427,
[task] id:11,start:0,end:0,service time:0,nodes:355,
[task] id:1,start:0,end:0,service time:0,nodes:184,
[task] id:3,start:0,end:0,service time:0,nodes:737,
[task] id:10,start:0,end:0,service time:0,nodes:640,
[task] id:20,start:0,end:0,service time:0,nodes:177,
[task] id:26,start:0,end:0,service time:0,nodes:750,
[agent] id:0
path:521,553,554,555,556,557,589,621,653,685,717,749,781,782,814,846,847,847,847,847,847,847,847,847,847,847,847,847,847,847,847,847,847,847,847,847,847,
goal:847,847,847,847,847,847,847,847,847,847,847,847,847,847,847,847,847,847,847,847,847,847,847,847,847,847,847,847,847,847,847,847,847,847,847,847,847,
size:16
[agent] id:1
path:96,64,65,66,67,68,69,101,133,134,135,136,137,138,139,171,172,173,174,142,143,144,176,177,178,210,211,212,213,181,182,183,184,184,184,184,184,
goal:184,184,184,184,184,184,184,184,184,184,184,184,184,184,184,184,184,184,184,184,184,184,184,184,184,184,184,184,184,184,184,184,184,184,184,184,184,
size:32
[agent] id:2
path:979,978,946,914,882,850,818,786,754,722,690,658,626,594,562,563,564,565,565,565,565,565,565,565,565,565,565,565,565,565,565,565,565,565,565,565,565,
goal:565,565,565,565,565,565,565,565,565,565,565,565,565,565,565,565,565,565,565,565,565,565,565,565,565,565,565,565,565,565,565,565,565,565,565,565,565,
size:17
[agent] id:3
path:764,796,795,794,793,792,760,759,758,757,725,724,723,722,721,720,688,687,686,718,717,716,715,714,713,712,711,710,709,708,707,739,738,737,737,737,737,
goal:737,737,737,737,737,737,737,737,737,737,737,737,737,737,737,737,737,737,737,737,737,737,737,737,737,737,737,737,737,737,737,737,737,737,737,737,737,
size:33
[agent] id:4
path:872,840,808,776,744,712,680,648,616,584,552,520,521,489,457,458,426,394,395,396,364,332,300,301,302,303,304,305,306,307,308,308,308,308,308,308,308,
goal:308,308,308,308,308,308,308,308,308,308,308,308,308,308,308,308,308,308,308,308,308,308,308,308,308,308,308,308,308,308,308,308,308,308,308,308,308,
size:30
[agent] id:5
path:907,875,843,811,779,747,715,683,651,619,618,617,616,584,583,551,519,487,486,454,422,390,390,358,326,294,262,230,230,230,230,230,230,230,230,230,230,
goal:230,230,230,230,230,230,230,230,230,230,230,230,230,230,230,230,230,230,230,230,230,230,230,230,230,230,230,230,230,230,230,230,230,230,230,230,230,
size:27
[agent] id:6
path:561,593,594,626,658,659,660,661,662,663,695,696,697,698,699,700,701,701,701,701,701,701,701,701,701,701,701,701,701,701,701,701,701,701,701,701,701,
goal:701,701,701,701,701,701,701,701,701,701,701,701,701,701,701,701,701,701,701,701,701,701,701,701,701,701,701,701,701,701,701,701,701,701,701,701,701,
size:16
[agent] id:7
path:417,418,419,420,421,422,423,424,456,457,458,459,460,461,493,525,526,527,528,529,530,531,531,531,531,531,531,531,531,531,531,531,531,531,531,531,531,
goal:531,531,531,531,531,531,531,531,531,531,531,531,531,531,531,531,531,531,531,531,531,531,531,531,531,531,531,531,531,531,531,531,531,531,531,531,531,
size:21
[agent] id:8
path:643,611,579,547,515,483,451,419,420,421,389,357,357,357,357,357,357,357,357,357,357,357,357,357,357,357,357,357,357,357,357,357,357,357,357,357,357,
goal:357,357,357,357,357,357,357,357,357,357,357,357,357,357,357,357,357,357,357,357,357,357,357,357,357,357,357,357,357,357,357,357,357,357,357,357,357,
size:11
[agent] id:9
path:518,550,582,614,646,647,648,649,650,651,652,653,685,686,687,688,689,721,753,785,786,818,850,851,851,851,851,851,851,851,851,851,851,851,851,851,851,
goal:851,851,851,851,851,851,851,851,851,851,851,851,851,851,851,851,851,851,851,851,851,851,851,851,851,851,851,851,851,851,851,851,851,851,851,851,851,
size:23
[agent] id:10
path:178,210,242,274,306,305,337,369,401,433,465,497,529,561,593,592,591,623,655,654,653,652,651,650,649,648,647,646,645,644,643,642,641,640,640,640,640,
goal:640,640,640,640,640,640,640,640,640,640,640,640,640,640,640,640,640,640,640,640,640,640,640,640,640,640,640,640,640,640,640,640,640,640,640,640,640,
size:33
[agent] id:11
path:469,501,500,499,531,530,529,528,527,526,494,493,461,429,428,427,459,458,457,456,424,423,422,421,420,419,418,417,385,353,354,355,355,355,355,355,355,
goal:355,355,355,355,355,355,355,355,355,355,355,355,355,355,355,355,355,355,355,355,355,355,355,355,355,355,355,355,355,355,355,355,355,355,355,355,355,
size:31
[agent] id:12
path:649,650,651,652,653,654,622,623,591,559,527,528,528,528,529,497,465,433,401,369,337,305,273,241,209,177,145,113,114,114,114,114,114,114,114,114,114,
goal:114,114,114,114,114,114,114,114,114,114,114,114,114,114,114,114,114,114,114,114,114,114,114,114,114,114,114,114,114,114,114,114,114,114,114,114,114,
size:28
[agent] id:13
path:803,771,739,707,708,676,644,612,611,579,547,515,483,484,484,484,484,484,484,484,484,484,484,484,484,484,484,484,484,484,484,484,484,484,484,484,484,
goal:484,484,484,484,484,484,484,484,484,484,484,484,484,484,484,484,484,484,484,484,484,484,484,484,484,484,484,484,484,484,484,484,484,484,484,484,484,
size:13
[agent] id:14
path:73,74,42,10,11,12,44,45,77,78,79,80,81,82,83,84,52,53,54,86,87,88,89,90,91,92,93,94,94,94,94,94,94,94,94,94,94,
goal:94,94,94,94,94,94,94,94,94,94,94,94,94,94,94,94,94,94,94,94,94,94,94,94,94,94,94,94,94,94,94,94,94,94,94,94,94,
size:27
[agent] id:15
path:636,668,700,699,731,730,762,794,793,825,824,823,855,887,919,918,950,982,983,983,983,983,983,983,983,983,983,983,983,983,983,983,983,983,983,983,983,
goal:983,983,983,983,983,983,983,983,983,983,983,983,983,983,983,983,983,983,983,983,983,983,983,983,983,983,983,983,983,983,983,983,983,983,983,983,983,
size:18
[agent] id:16
path:474,442,410,378,377,345,313,281,280,248,216,184,185,186,187,155,156,156,156,156,156,156,156,156,156,156,156,156,156,156,156,156,156,156,156,156,156,
goal:156,156,156,156,156,156,156,156,156,156,156,156,156,156,156,156,156,156,156,156,156,156,156,156,156,156,156,156,156,156,156,156,156,156,156,156,156,
size:16
[agent] id:17
path:1020,1019,987,986,985,984,983,982,950,949,948,980,979,978,946,945,944,943,942,941,940,939,938,937,936,935,967,999,998,997,997,997,997,997,997,997,997,
goal:997,997,997,997,997,997,997,997,997,997,997,997,997,997,997,997,997,997,997,997,997,997,997,997,997,997,997,997,997,997,997,997,997,997,997,997,997,
size:29
[agent] id:18
path:614,582,583,551,552,553,554,555,556,557,558,559,560,560,561,562,563,531,499,500,501,533,534,535,536,537,538,539,507,508,476,476,476,476,476,476,476,
goal:476,476,476,476,476,476,476,476,476,476,476,476,476,476,476,476,476,476,476,476,476,476,476,476,476,476,476,476,476,476,476,476,476,476,476,476,476,
size:30
[agent] id:19
path:984,952,920,888,887,855,823,791,759,727,726,725,693,692,660,628,596,564,563,562,561,529,528,527,526,494,493,461,429,428,427,427,427,427,427,427,427,
goal:427,427,427,427,427,427,427,427,427,427,427,427,427,427,427,427,427,427,427,427,427,427,427,427,427,427,427,427,427,427,427,427,427,427,427,427,427,
size:30
[agent] id:20
path:1004,972,940,908,876,844,845,846,814,782,750,718,686,654,655,656,657,658,626,594,562,530,498,466,434,402,401,369,337,305,273,241,209,177,177,177,177,
goal:177,177,177,177,177,177,177,177,177,177,177,177,177,177,177,177,177,177,177,177,177,177,177,177,177,177,177,177,177,177,177,177,177,177,177,177,177,
size:33
[agent] id:21
path:911,943,942,941,940,939,938,937,936,935,934,933,933,933,933,933,933,933,933,933,933,933,933,933,933,933,933,933,933,933,933,933,933,933,933,933,933,
goal:933,933,933,933,933,933,933,933,933,933,933,933,933,933,933,933,933,933,933,933,933,933,933,933,933,933,933,933,933,933,933,933,933,933,933,933,933,
size:11
[agent] id:22
path:199,231,263,262,294,326,358,390,422,454,486,518,550,551,552,553,554,554,554,554,554,554,554,554,554,554,554,554,554,554,554,554,554,554,554,554,554,
goal:554,554,554,554,554,554,554,554,554,554,554,554,554,554,554,554,554,554,554,554,554,554,554,554,554,554,554,554,554,554,554,554,554,554,554,554,554,
size:16
[agent] id:23
path:620,621,589,557,525,493,461,429,397,396,364,332,300,268,236,204,203,171,139,107,106,106,106,106,106,106,106,106,106,106,106,106,106,106,106,106,106,
goal:106,106,106,106,106,106,106,106,106,106,106,106,106,106,106,106,106,106,106,106,106,106,106,106,106,106,106,106,106,106,106,106,106,106,106,106,106,
size:20
[agent] id:24
path:616,617,618,619,620,621,621,622,590,590,590,590,590,590,590,590,590,590,590,590,590,590,590,590,590,590,590,590,590,590,590,590,590,590,590,590,590,
goal:590,590,590,590,590,590,590,590,590,590,590,590,590,590,590,590,590,590,590,590,590,590,590,590,590,590,590,590,590,590,590,590,590,590,590,590,590,
size:8
[agent] id:25
path:336,304,303,271,239,207,206,174,142,110,78,77,45,13,12,12,12,12,12,12,12,12,12,12,12,12,12,12,12,12,12,12,12,12,12,12,12,
goal:12,12,12,12,12,12,12,12,12,12,12,12,12,12,12,12,12,12,12,12,12,12,12,12,12,12,12,12,12,12,12,12,12,12,12,12,12,
size:14
[agent] id:26
path:159,191,223,255,287,286,318,317,349,381,380,379,378,410,442,474,473,472,504,536,535,567,599,631,663,662,661,693,692,691,690,689,688,687,686,718,750,
goal:750,750,750,750,750,750,750,750,750,750,750,750,750,750,750,750,750,750,750,750,750,750,750,750,750,750,750,750,750,750,750,750,750,750,750,750,750,
size:36
[agent] id:27
path:377,409,441,473,472,504,536,535,567,599,631,663,662,661,693,692,691,690,689,688,687,686,718,717,716,715,714,713,713,713,713,713,713,713,713,713,713,
goal:713,713,713,713,713,713,713,713,713,713,713,713,713,713,713,713,713,713,713,713,713,713,713,713,713,713,713,713,713,713,713,713,713,713,713,713,713,
size:27
[agent] id:28
path:261,229,230,231,199,200,201,202,203,204,205,206,207,239,240,241,209,210,211,212,213,214,215,216,217,218,219,219,219,219,219,219,219,219,219,219,219,
goal:219,219,219,219,219,219,219,219,219,219,219,219,219,219,219,219,219,219,219,219,219,219,219,219,219,219,219,219,219,219,219,219,219,219,219,219,219,
size:26
[agent] id:29
path:165,133,134,135,136,137,138,139,140,172,173,174,142,110,78,79,80,80,80,80,80,80,80,80,80,80,80,80,80,80,80,80,80,80,80,80,80,
goal:80,80,80,80,80,80,80,80,80,80,80,80,80,80,80,80,80,80,80,80,80,80,80,80,80,80,80,80,80,80,80,80,80,80,80,80,80,
size:16
SolutionCost:688
