[setting] seed:28654
[solver] type:SASB-ECBS
[solver] w:2.000000
[solver] ID:0
[solver] Lowlevelnode:6935
[solver] Highlevelnode:17
[solver] ConflictCount:9
[solver] solved:1
[solver] elapsed:75
[solver] makespan:43
[problem] timesteplimit:15000
[problem] type:MAPF
[problem] agentnum:30
[graph] width:32
[graph] height:32
[graph] filename:./map/32by32_agents10_ex30.map
[task] id:8,start:0,end:0,service time:0,nodes:383,
[task] id:22,start:0,end:0,service time:0,nodes:468,
[task] id:29,start:0,end:0,service time:0,nodes:71,
[task] id:1,start:0,end:0,service time:0,nodes:374,
[task] id:27,start:0,end:0,service time:0,nodes:313,
[task] id:2,start:0,end:0,service time:0,nodes:857,
[task] id:10,start:0,end:0,service time:0,nodes:812,
[task] id:21,start:0,end:0,service time:0,nodes:980,
[task] id:26,start:0,end:0,service time:0,nodes:786,
[task] id:19,start:0,end:0,service time:0,nodes:695,
[task] id:23,start:0,end:0,service time:0,nodes:537,
[task] id:17,start:0,end:0,service time:0,nodes:159,
[task] id:3,start:0,end:0,service time:0,nodes:310,
[task] id:11,start:0,end:0,service time:0,nodes:376,
[task] id:16,start:0,end:0,service time:0,nodes:554,
[task] id:24,start:0,end:0,service time:0,nodes:472,
[task] id:6,start:0,end:0,service time:0,nodes:911,
[task] id:18,start:0,end:0,service time:0,nodes:330,
[task] id:15,start:0,end:0,service time:0,nodes:119,
[task] id:0,start:0,end:0,service time:0,nodes:723,
[task] id:14,start:0,end:0,service time:0,nodes:976,
[task] id:12,start:0,end:0,service time:0,nodes:881,
[task] id:13,start:0,end:0,service time:0,nodes:92,
[task] id:4,start:0,end:0,service time:0,nodes:816,
[task] id:20,start:0,end:0,service time:0,nodes:997,
[task] id:5,start:0,end:0,service time:0,nodes:606,
[task] id:7,start:0,end:0,service time:0,nodes:11,
[task] id:9,start:0,end:0,service time:0,nodes:259,
[task] id:28,start:0,end:0,service time:0,nodes:983,
[task] id:25,start:0,end:0,service time:0,nodes:547,
[agent] id:0
path:285,317,349,381,380,379,378,410,409,408,407,439,438,470,469,501,501,533,565,597,629,661,693,725,724,723,723,723,723,723,723,723,723,723,723,723,723,723,723,723,723,723,723,723,
goal:723,723,723,723,723,723,723,723,723,723,723,723,723,723,723,723,723,723,723,723,723,723,723,723,723,723,723,723,723,723,723,723,723,723,723,723,723,723,723,723,723,723,723,723,
size:25
[agent] id:1
path:216,248,280,312,344,376,375,374,374,374,374,374,374,374,374,374,374,374,374,374,374,374,374,374,374,374,374,374,374,374,374,374,374,374,374,374,374,374,374,374,374,374,374,374,
goal:374,374,374,374,374,374,374,374,374,374,374,374,374,374,374,374,374,374,374,374,374,374,374,374,374,374,374,374,374,374,374,374,374,374,374,374,374,374,374,374,374,374,374,374,
size:7
[agent] id:2
path:598,630,662,663,695,727,759,791,823,824,825,857,857,857,857,857,857,857,857,857,857,857,857,857,857,857,857,857,857,857,857,857,857,857,857,857,857,857,857,857,857,857,857,857,
goal:857,857,857,857,857,857,857,857,857,857,857,857,857,857,857,857,857,857,857,857,857,857,857,857,857,857,857,857,857,857,857,857,857,857,857,857,857,857,857,857,857,857,857,857,
size:11
[agent] id:3
path:454,422,390,391,392,393,394,395,396,364,332,300,301,302,303,304,305,306,307,308,309,310,310,310,310,310,310,310,310,310,310,310,310,310,310,310,310,310,310,310,310,310,310,310,
goal:310,310,310,310,310,310,310,310,310,310,310,310,310,310,310,310,310,310,310,310,310,310,310,310,310,310,310,310,310,310,310,310,310,310,310,310,310,310,310,310,310,310,310,310,
size:21
[agent] id:4
path:372,373,405,406,438,470,469,501,533,565,597,629,661,693,692,691,690,689,688,687,686,718,750,782,814,846,847,848,816,816,816,816,816,816,816,816,816,816,816,816,816,816,816,816,
goal:816,816,816,816,816,816,816,816,816,816,816,816,816,816,816,816,816,816,816,816,816,816,816,816,816,816,816,816,816,816,816,816,816,816,816,816,816,816,816,816,816,816,816,816,
size:28
[agent] id:5
path:705,673,641,642,643,644,645,646,647,648,649,650,651,652,653,654,655,656,657,658,626,627,628,629,630,631,632,633,634,602,603,604,605,606,606,606,606,606,606,606,606,606,606,606,
goal:606,606,606,606,606,606,606,606,606,606,606,606,606,606,606,606,606,606,606,606,606,606,606,606,606,606,606,606,606,606,606,606,606,606,606,606,606,606,606,606,606,606,606,606,
size:33
[agent] id:6
path:403,435,467,499,531,563,562,594,593,592,591,623,655,687,686,718,750,782,814,846,878,879,911,911,911,911,911,911,911,911,911,911,911,911,911,911,911,911,911,911,911,911,911,911,
goal:911,911,911,911,911,911,911,911,911,911,911,911,911,911,911,911,911,911,911,911,911,911,911,911,911,911,911,911,911,911,911,911,911,911,911,911,911,911,911,911,911,911,911,911,
size:22
[agent] id:7
path:914,882,850,818,786,754,722,690,658,626,594,562,530,498,466,434,402,401,369,337,305,273,241,209,177,145,113,81,80,79,78,77,45,13,12,11,11,11,11,11,11,11,11,11,
goal:11,11,11,11,11,11,11,11,11,11,11,11,11,11,11,11,11,11,11,11,11,11,11,11,11,11,11,11,11,11,11,11,11,11,11,11,11,11,11,11,11,11,11,11,
size:35
[agent] id:8
path:351,383,383,383,383,383,383,383,383,383,383,383,383,383,383,383,383,383,383,383,383,383,383,383,383,383,383,383,383,383,383,383,383,383,383,383,383,383,383,383,383,383,383,383,
goal:383,383,383,383,383,383,383,383,383,383,383,383,383,383,383,383,383,383,383,383,383,383,383,383,383,383,383,383,383,383,383,383,383,383,383,383,383,383,383,383,383,383,383,383,
size:1
[agent] id:9
path:982,950,918,886,854,853,852,851,819,818,786,754,722,690,658,626,594,562,530,529,528,527,526,494,493,461,429,397,396,395,394,393,392,391,359,358,326,294,262,261,260,259,259,259,
goal:259,259,259,259,259,259,259,259,259,259,259,259,259,259,259,259,259,259,259,259,259,259,259,259,259,259,259,259,259,259,259,259,259,259,259,259,259,259,259,259,259,259,259,259,
size:41
[agent] id:10
path:931,899,867,835,803,804,805,806,807,808,809,810,811,812,812,812,812,812,812,812,812,812,812,812,812,812,812,812,812,812,812,812,812,812,812,812,812,812,812,812,812,812,812,812,
goal:812,812,812,812,812,812,812,812,812,812,812,812,812,812,812,812,812,812,812,812,812,812,812,812,812,812,812,812,812,812,812,812,812,812,812,812,812,812,812,812,812,812,812,812,
size:13
[agent] id:11
path:45,77,78,110,142,174,206,207,239,271,303,304,305,306,307,308,309,310,311,312,344,376,376,376,376,376,376,376,376,376,376,376,376,376,376,376,376,376,376,376,376,376,376,376,
goal:376,376,376,376,376,376,376,376,376,376,376,376,376,376,376,376,376,376,376,376,376,376,376,376,376,376,376,376,376,376,376,376,376,376,376,376,376,376,376,376,376,376,376,376,
size:21
[agent] id:12
path:347,379,378,410,442,474,473,472,504,536,535,567,599,631,663,695,727,759,791,823,855,887,886,885,884,883,882,881,881,881,881,881,881,881,881,881,881,881,881,881,881,881,881,881,
goal:881,881,881,881,881,881,881,881,881,881,881,881,881,881,881,881,881,881,881,881,881,881,881,881,881,881,881,881,881,881,881,881,881,881,881,881,881,881,881,881,881,881,881,881,
size:27
[agent] id:13
path:199,200,201,202,203,171,172,173,174,142,110,78,79,80,81,82,83,84,52,53,54,86,87,88,89,90,91,92,92,92,92,92,92,92,92,92,92,92,92,92,92,92,92,92,
goal:92,92,92,92,92,92,92,92,92,92,92,92,92,92,92,92,92,92,92,92,92,92,92,92,92,92,92,92,92,92,92,92,92,92,92,92,92,92,92,92,92,92,92,92,
size:27
[agent] id:14
path:671,703,735,734,766,798,797,796,795,794,793,825,824,823,855,887,886,885,884,883,915,914,946,945,944,976,976,976,976,976,976,976,976,976,976,976,976,976,976,976,976,976,976,976,
goal:976,976,976,976,976,976,976,976,976,976,976,976,976,976,976,976,976,976,976,976,976,976,976,976,976,976,976,976,976,976,976,976,976,976,976,976,976,976,976,976,976,976,976,976,
size:25
[agent] id:15
path:263,231,199,200,201,202,203,204,205,206,207,239,240,241,209,210,211,212,213,181,182,150,151,119,119,119,119,119,119,119,119,119,119,119,119,119,119,119,119,119,119,119,119,119,
goal:119,119,119,119,119,119,119,119,119,119,119,119,119,119,119,119,119,119,119,119,119,119,119,119,119,119,119,119,119,119,119,119,119,119,119,119,119,119,119,119,119,119,119,119,
size:23
[agent] id:16
path:68,69,101,133,165,197,229,261,293,294,326,358,390,422,454,486,518,550,551,552,553,554,554,554,554,554,554,554,554,554,554,554,554,554,554,554,554,554,554,554,554,554,554,554,
goal:554,554,554,554,554,554,554,554,554,554,554,554,554,554,554,554,554,554,554,554,554,554,554,554,554,554,554,554,554,554,554,554,554,554,554,554,554,554,554,554,554,554,554,554,
size:21
[agent] id:17
path:443,442,410,409,377,345,313,281,280,248,216,184,185,186,187,188,189,190,158,159,159,159,159,159,159,159,159,159,159,159,159,159,159,159,159,159,159,159,159,159,159,159,159,159,
goal:159,159,159,159,159,159,159,159,159,159,159,159,159,159,159,159,159,159,159,159,159,159,159,159,159,159,159,159,159,159,159,159,159,159,159,159,159,159,159,159,159,159,159,159,
size:19
[agent] id:18
path:875,843,811,779,747,715,683,651,619,620,621,589,557,525,493,461,429,397,396,364,332,331,330,330,330,330,330,330,330,330,330,330,330,330,330,330,330,330,330,330,330,330,330,330,
goal:330,330,330,330,330,330,330,330,330,330,330,330,330,330,330,330,330,330,330,330,330,330,330,330,330,330,330,330,330,330,330,330,330,330,330,330,330,330,330,330,330,330,330,330,
size:22
[agent] id:19
path:524,556,557,589,621,653,654,655,656,657,658,659,660,661,662,663,695,695,695,695,695,695,695,695,695,695,695,695,695,695,695,695,695,695,695,695,695,695,695,695,695,695,695,695,
goal:695,695,695,695,695,695,695,695,695,695,695,695,695,695,695,695,695,695,695,695,695,695,695,695,695,695,695,695,695,695,695,695,695,695,695,695,695,695,695,695,695,695,695,695,
size:16
[agent] id:20
path:794,793,825,824,823,855,887,886,885,884,883,915,914,946,945,944,943,942,941,940,939,938,937,936,935,967,999,998,997,997,997,997,997,997,997,997,997,997,997,997,997,997,997,997,
goal:997,997,997,997,997,997,997,997,997,997,997,997,997,997,997,997,997,997,997,997,997,997,997,997,997,997,997,997,997,997,997,997,997,997,997,997,997,997,997,997,997,997,997,997,
size:28
[agent] id:21
path:969,970,971,972,973,974,942,943,944,945,946,978,979,980,980,980,980,980,980,980,980,980,980,980,980,980,980,980,980,980,980,980,980,980,980,980,980,980,980,980,980,980,980,980,
goal:980,980,980,980,980,980,980,980,980,980,980,980,980,980,980,980,980,980,980,980,980,980,980,980,980,980,980,980,980,980,980,980,980,980,980,980,980,980,980,980,980,980,980,980,
size:13
[agent] id:22
path:536,535,534,533,501,469,468,468,468,468,468,468,468,468,468,468,468,468,468,468,468,468,468,468,468,468,468,468,468,468,468,468,468,468,468,468,468,468,468,468,468,468,468,468,
goal:468,468,468,468,468,468,468,468,468,468,468,468,468,468,468,468,468,468,468,468,468,468,468,468,468,468,468,468,468,468,468,468,468,468,468,468,468,468,468,468,468,468,468,468,
size:6
[agent] id:23
path:273,305,337,369,401,433,465,497,498,499,500,501,533,534,535,536,537,537,537,537,537,537,537,537,537,537,537,537,537,537,537,537,537,537,537,537,537,537,537,537,537,537,537,537,
goal:537,537,537,537,537,537,537,537,537,537,537,537,537,537,537,537,537,537,537,537,537,537,537,537,537,537,537,537,537,537,537,537,537,537,537,537,537,537,537,537,537,537,537,537,
size:16
[agent] id:24
path:782,750,718,686,654,622,590,558,559,560,561,561,562,563,564,565,533,534,535,503,504,472,472,472,472,472,472,472,472,472,472,472,472,472,472,472,472,472,472,472,472,472,472,472,
goal:472,472,472,472,472,472,472,472,472,472,472,472,472,472,472,472,472,472,472,472,472,472,472,472,472,472,472,472,472,472,472,472,472,472,472,472,472,472,472,472,472,472,472,472,
size:21
[agent] id:25
path:127,159,191,190,189,188,187,186,185,184,183,215,214,213,212,211,243,242,241,240,239,271,303,302,301,300,332,364,364,396,428,460,459,458,490,522,521,553,552,551,550,549,548,547,
goal:547,547,547,547,547,547,547,547,547,547,547,547,547,547,547,547,547,547,547,547,547,547,547,547,547,547,547,547,547,547,547,547,547,547,547,547,547,547,547,547,547,547,547,547,
size:43
[agent] id:26
path:904,872,840,841,842,843,844,845,846,847,848,849,850,818,786,786,786,786,786,786,786,786,786,786,786,786,786,786,786,786,786,786,786,786,786,786,786,786,786,786,786,786,786,786,
goal:786,786,786,786,786,786,786,786,786,786,786,786,786,786,786,786,786,786,786,786,786,786,786,786,786,786,786,786,786,786,786,786,786,786,786,786,786,786,786,786,786,786,786,786,
size:14
[agent] id:27
path:468,436,437,405,373,341,309,310,311,312,313,313,313,313,313,313,313,313,313,313,313,313,313,313,313,313,313,313,313,313,313,313,313,313,313,313,313,313,313,313,313,313,313,313,
goal:313,313,313,313,313,313,313,313,313,313,313,313,313,313,313,313,313,313,313,313,313,313,313,313,313,313,313,313,313,313,313,313,313,313,313,313,313,313,313,313,313,313,313,313,
size:10
[agent] id:28
path:106,138,139,171,172,204,236,268,300,301,302,334,366,367,399,431,463,464,465,497,529,561,593,594,626,658,690,691,692,724,725,757,758,759,791,823,855,887,919,918,950,982,983,983,
goal:983,983,983,983,983,983,983,983,983,983,983,983,983,983,983,983,983,983,983,983,983,983,983,983,983,983,983,983,983,983,983,983,983,983,983,983,983,983,983,983,983,983,983,983,
size:42
[agent] id:29
path:11,10,42,74,73,72,71,71,71,71,71,71,71,71,71,71,71,71,71,71,71,71,71,71,71,71,71,71,71,71,71,71,71,71,71,71,71,71,71,71,71,71,71,71,
goal:71,71,71,71,71,71,71,71,71,71,71,71,71,71,71,71,71,71,71,71,71,71,71,71,71,71,71,71,71,71,71,71,71,71,71,71,71,71,71,71,71,71,71,71,
size:6
SolutionCost:637
