[setting] seed:1822
[solver] type:SASB-ECBS
[solver] w:2.000000
[solver] ID:0
[solver] Lowlevelnode:14188
[solver] Highlevelnode:31
[solver] ConflictCount:16
[solver] solved:1
[solver] elapsed:76
[solver] makespan:39
[problem] timesteplimit:15000
[problem] type:MAPF
[problem] agentnum:30
[graph] width:32
[graph] height:32
[graph] filename:./map/32by32_agents10_ex30.map
[task] id:7,start:0,end:0,service time:0,nodes:877,
[task] id:17,start:0,end:0,service time:0,nodes:429,
[task] id:11,start:0,end:0,service time:0,nodes:349,
[task] id:24,start:0,end:0,service time:0,nodes:743,
[task] id:29,start:0,end:0,service time:0,nodes:770,
[task] id:28,start:0,end:0,service time:0,nodes:268,
[task] id:5,start:0,end:0,service time:0,nodes:358,
[task] id:30,start:0,end:0,service time:0,nodes:358,
[task] id:6,start:0,end:0,service time:0,nodes:941,
[task] id:18,start:0,end:0,service time:0,nodes:323,
[task] id:19,start:0,end:0,service time:0,nodes:493,
[task] id:31,start:0,end:0,service time:0,nodes:358,
[task] id:16,start:0,end:0,service time:0,nodes:708,
[task] id:8,start:0,end:0,service time:0,nodes:530,
[task] id:12,start:0,end:0,service time:0,nodes:82,
[task] id:20,start:0,end:0,service time:0,nodes:258,
[task] id:21,start:0,end:0,service time:0,nodes:648,
[task] id:1,start:0,end:0,service time:0,nodes:202,
[task] id:25,start:0,end:0,service time:0,nodes:297,
[task] id:32,start:0,end:0,service time:0,nodes:648,
[task] id:2,start:0,end:0,service time:0,nodes:74,
[task] id:0,start:0,end:0,service time:0,nodes:926,
[task] id:13,start:0,end:0,service time:0,nodes:151,
[task] id:14,start:0,end:0,service time:0,nodes:911,
[task] id:26,start:0,end:0,service time:0,nodes:731,
[task] id:4,start:0,end:0,service time:0,nodes:50,
[task] id:27,start:0,end:0,service time:0,nodes:187,
[task] id:10,start:0,end:0,service time:0,nodes:937,
[task] id:15,start:0,end:0,service time:0,nodes:132,
[task] id:22,start:0,end:0,service time:0,nodes:736,
[task] id:3,start:0,end:0,service time:0,nodes:174,
[task] id:23,start:0,end:0,service time:0,nodes:94,
[task] id:9,start:0,end:0,service time:0,nodes:885,
[agent] id:0
path:526,558,590,622,654,686,687,688,720,721,722,723,724,725,757,758,759,791,823,824,825,857,858,859,860,892,924,925,926,926,926,926,926,926,926,926,926,926,926,926,
goal:926,926,926,926,926,926,926,926,926,926,926,926,926,926,926,926,926,926,926,926,926,926,926,926,926,926,926,926,926,926,926,926,926,926,926,926,926,926,926,926,
size:28
[agent] id:1
path:493,461,429,397,397,396,395,394,393,392,391,359,358,326,294,262,230,231,199,200,201,202,202,202,202,202,202,202,202,202,202,202,202,202,202,202,202,202,202,202,
goal:202,202,202,202,202,202,202,202,202,202,202,202,202,202,202,202,202,202,202,202,202,202,202,202,202,202,202,202,202,202,202,202,202,202,202,202,202,202,202,202,
size:21
[agent] id:2
path:613,614,582,550,518,486,454,422,390,390,358,326,294,262,230,231,199,167,135,103,71,72,73,74,74,74,74,74,74,74,74,74,74,74,74,74,74,74,74,74,
goal:74,74,74,74,74,74,74,74,74,74,74,74,74,74,74,74,74,74,74,74,74,74,74,74,74,74,74,74,74,74,74,74,74,74,74,74,74,74,74,74,
size:23
[agent] id:3
path:935,936,904,872,840,808,776,744,712,680,648,616,584,552,520,521,489,457,458,426,394,395,396,364,332,300,301,269,270,271,239,207,206,174,174,174,174,174,174,174,
goal:174,174,174,174,174,174,174,174,174,174,174,174,174,174,174,174,174,174,174,174,174,174,174,174,174,174,174,174,174,174,174,174,174,174,174,174,174,174,174,174,
size:33
[agent] id:4
path:729,697,696,664,663,631,599,567,535,534,533,501,469,437,436,435,403,402,401,369,337,305,273,241,209,177,145,113,81,49,50,50,50,50,50,50,50,50,50,50,
goal:50,50,50,50,50,50,50,50,50,50,50,50,50,50,50,50,50,50,50,50,50,50,50,50,50,50,50,50,50,50,50,50,50,50,50,50,50,50,50,50,
size:30
[agent] id:5
path:134,166,165,197,229,261,293,294,326,358,357,389,390,358,357,357,358,358,358,358,358,358,358,358,358,358,358,358,358,358,358,358,358,358,358,358,358,358,358,358,
goal:358,358,358,358,358,358,358,358,358,358,358,358,358,358,358,358,358,358,358,358,358,358,358,358,358,358,358,358,358,358,358,358,358,358,358,358,358,358,358,358,
size:16
[agent] id:6
path:803,835,867,899,900,901,933,934,935,936,937,938,939,940,941,941,941,941,941,941,941,941,941,941,941,941,941,941,941,941,941,941,941,941,941,941,941,941,941,941,
goal:941,941,941,941,941,941,941,941,941,941,941,941,941,941,941,941,941,941,941,941,941,941,941,941,941,941,941,941,941,941,941,941,941,941,941,941,941,941,941,941,
size:14
[agent] id:7
path:1004,972,940,908,876,877,877,877,877,877,877,877,877,877,877,877,877,877,877,877,877,877,877,877,877,877,877,877,877,877,877,877,877,877,877,877,877,877,877,877,
goal:877,877,877,877,877,877,877,877,877,877,877,877,877,877,877,877,877,877,877,877,877,877,877,877,877,877,877,877,877,877,877,877,877,877,877,877,877,877,877,877,
size:5
[agent] id:8
path:172,204,236,268,300,332,364,396,428,460,461,493,525,526,527,528,529,530,530,530,530,530,530,530,530,530,530,530,530,530,530,530,530,530,530,530,530,530,530,530,
goal:530,530,530,530,530,530,530,530,530,530,530,530,530,530,530,530,530,530,530,530,530,530,530,530,530,530,530,530,530,530,530,530,530,530,530,530,530,530,530,530,
size:17
[agent] id:9
path:257,258,290,322,354,355,356,357,389,421,453,485,517,549,550,582,614,646,678,710,742,774,806,838,839,840,841,842,843,844,845,846,878,879,880,881,882,883,884,885,
goal:885,885,885,885,885,885,885,885,885,885,885,885,885,885,885,885,885,885,885,885,885,885,885,885,885,885,885,885,885,885,885,885,885,885,885,885,885,885,885,885,
size:39
[agent] id:10
path:240,239,271,303,302,301,300,332,364,396,428,460,459,458,490,522,554,553,552,584,616,648,680,712,744,776,808,840,872,904,936,937,937,937,937,937,937,937,937,937,
goal:937,937,937,937,937,937,937,937,937,937,937,937,937,937,937,937,937,937,937,937,937,937,937,937,937,937,937,937,937,937,937,937,937,937,937,937,937,937,937,937,
size:31
[agent] id:11
path:222,223,255,287,286,318,317,349,349,349,349,349,349,349,349,349,349,349,349,349,349,349,349,349,349,349,349,349,349,349,349,349,349,349,349,349,349,349,349,349,
goal:349,349,349,349,349,349,349,349,349,349,349,349,349,349,349,349,349,349,349,349,349,349,349,349,349,349,349,349,349,349,349,349,349,349,349,349,349,349,349,349,
size:7
[agent] id:12
path:229,230,231,199,200,201,202,203,171,172,173,174,142,110,78,79,80,81,82,82,82,82,82,82,82,82,82,82,82,82,82,82,82,82,82,82,82,82,82,82,
goal:82,82,82,82,82,82,82,82,82,82,82,82,82,82,82,82,82,82,82,82,82,82,82,82,82,82,82,82,82,82,82,82,82,82,82,82,82,82,82,82,
size:18
[agent] id:13
path:521,522,554,555,556,556,557,558,559,560,561,562,530,498,466,434,435,436,437,405,373,341,309,277,245,213,181,182,150,151,151,151,151,151,151,151,151,151,151,151,
goal:151,151,151,151,151,151,151,151,151,151,151,151,151,151,151,151,151,151,151,151,151,151,151,151,151,151,151,151,151,151,151,151,151,151,151,151,151,151,151,151,
size:29
[agent] id:14
path:293,294,326,358,390,422,423,424,456,457,489,521,553,554,555,556,557,589,621,653,685,717,749,781,782,814,846,878,879,911,911,911,911,911,911,911,911,911,911,911,
goal:911,911,911,911,911,911,911,911,911,911,911,911,911,911,911,911,911,911,911,911,911,911,911,911,911,911,911,911,911,911,911,911,911,911,911,911,911,911,911,911,
size:29
[agent] id:15
path:655,623,591,559,527,528,529,497,465,433,401,369,337,305,273,241,240,239,207,206,174,173,172,140,139,138,137,136,135,134,133,132,132,132,132,132,132,132,132,132,
goal:132,132,132,132,132,132,132,132,132,132,132,132,132,132,132,132,132,132,132,132,132,132,132,132,132,132,132,132,132,132,132,132,132,132,132,132,132,132,132,132,
size:31
[agent] id:16
path:972,940,908,876,844,812,811,779,747,715,714,713,712,711,710,709,708,708,708,708,708,708,708,708,708,708,708,708,708,708,708,708,708,708,708,708,708,708,708,708,
goal:708,708,708,708,708,708,708,708,708,708,708,708,708,708,708,708,708,708,708,708,708,708,708,708,708,708,708,708,708,708,708,708,708,708,708,708,708,708,708,708,
size:16
[agent] id:17
path:300,332,364,396,428,429,429,429,429,429,429,429,429,429,429,429,429,429,429,429,429,429,429,429,429,429,429,429,429,429,429,429,429,429,429,429,429,429,429,429,
goal:429,429,429,429,429,429,429,429,429,429,429,429,429,429,429,429,429,429,429,429,429,429,429,429,429,429,429,429,429,429,429,429,429,429,429,429,429,429,429,429,
size:5
[agent] id:18
path:330,331,332,364,396,395,394,393,392,391,359,358,357,356,355,323,323,323,323,323,323,323,323,323,323,323,323,323,323,323,323,323,323,323,323,323,323,323,323,323,
goal:323,323,323,323,323,323,323,323,323,323,323,323,323,323,323,323,323,323,323,323,323,323,323,323,323,323,323,323,323,323,323,323,323,323,323,323,323,323,323,323,
size:15
[agent] id:19
path:663,631,630,629,628,627,626,594,593,592,591,559,558,557,525,493,493,493,493,493,493,493,493,493,493,493,493,493,493,493,493,493,493,493,493,493,493,493,493,493,
goal:493,493,493,493,493,493,493,493,493,493,493,493,493,493,493,493,493,493,493,493,493,493,493,493,493,493,493,493,493,493,493,493,493,493,493,493,493,493,493,493,
size:15
[agent] id:20
path:303,271,270,269,268,236,235,234,233,201,200,199,231,263,262,261,260,259,258,258,258,258,258,258,258,258,258,258,258,258,258,258,258,258,258,258,258,258,258,258,
goal:258,258,258,258,258,258,258,258,258,258,258,258,258,258,258,258,258,258,258,258,258,258,258,258,258,258,258,258,258,258,258,258,258,258,258,258,258,258,258,258,
size:18
[agent] id:21
path:635,634,633,632,664,663,662,661,660,659,658,657,656,655,654,653,652,651,650,649,648,649,648,648,648,648,648,648,648,648,648,648,648,648,648,648,648,648,648,648,
goal:648,648,648,648,648,648,648,648,648,648,648,648,648,648,648,648,648,648,648,648,648,648,648,648,648,648,648,648,648,648,648,648,648,648,648,648,648,648,648,648,
size:22
[agent] id:22
path:1016,984,952,920,888,887,855,854,853,852,851,850,849,848,847,846,845,844,812,811,810,809,808,807,806,805,804,803,771,739,738,737,736,736,736,736,736,736,736,736,
goal:736,736,736,736,736,736,736,736,736,736,736,736,736,736,736,736,736,736,736,736,736,736,736,736,736,736,736,736,736,736,736,736,736,736,736,736,736,736,736,736,
size:32
[agent] id:23
path:717,685,653,621,589,557,525,526,527,528,529,497,465,433,401,369,337,305,273,241,209,210,211,212,213,181,182,150,151,119,87,88,89,90,91,92,93,94,94,94,
goal:94,94,94,94,94,94,94,94,94,94,94,94,94,94,94,94,94,94,94,94,94,94,94,94,94,94,94,94,94,94,94,94,94,94,94,94,94,94,94,94,
size:37
[agent] id:24
path:874,842,810,809,808,776,744,743,743,743,743,743,743,743,743,743,743,743,743,743,743,743,743,743,743,743,743,743,743,743,743,743,743,743,743,743,743,743,743,743,
goal:743,743,743,743,743,743,743,743,743,743,743,743,743,743,743,743,743,743,743,743,743,743,743,743,743,743,743,743,743,743,743,743,743,743,743,743,743,743,743,743,
size:7
[agent] id:25
path:620,619,618,617,616,584,552,520,519,487,486,454,422,390,358,326,294,262,263,264,296,297,297,297,297,297,297,297,297,297,297,297,297,297,297,297,297,297,297,297,
goal:297,297,297,297,297,297,297,297,297,297,297,297,297,297,297,297,297,297,297,297,297,297,297,297,297,297,297,297,297,297,297,297,297,297,297,297,297,297,297,297,
size:21
[agent] id:26
path:26,58,90,122,121,153,185,217,216,248,280,312,344,376,408,409,441,473,472,504,536,537,569,570,602,634,635,667,699,731,731,731,731,731,731,731,731,731,731,731,
goal:731,731,731,731,731,731,731,731,731,731,731,731,731,731,731,731,731,731,731,731,731,731,731,731,731,731,731,731,731,731,731,731,731,731,731,731,731,731,731,731,
size:29
[agent] id:27
path:429,428,460,461,493,525,526,527,528,529,497,465,433,401,369,337,305,306,307,308,276,277,245,213,181,182,183,184,185,186,187,187,187,187,187,187,187,187,187,187,
goal:187,187,187,187,187,187,187,187,187,187,187,187,187,187,187,187,187,187,187,187,187,187,187,187,187,187,187,187,187,187,187,187,187,187,187,187,187,187,187,187,
size:30
[agent] id:28
path:139,171,203,235,236,204,204,236,268,268,268,268,268,268,268,268,268,268,268,268,268,268,268,268,268,268,268,268,268,268,268,268,268,268,268,268,268,268,268,268,
goal:268,268,268,268,268,268,268,268,268,268,268,268,268,268,268,268,268,268,268,268,268,268,268,268,268,268,268,268,268,268,268,268,268,268,268,268,268,268,268,268,
size:8
[agent] id:29
path:870,838,806,805,804,803,771,770,770,770,770,770,770,770,770,770,770,770,770,770,770,770,770,770,770,770,770,770,770,770,770,770,770,770,770,770,770,770,770,770,
goal:770,770,770,770,770,770,770,770,770,770,770,770,770,770,770,770,770,770,770,770,770,770,770,770,770,770,770,770,770,770,770,770,770,770,770,770,770,770,770,770,
size:7
SolutionCost:633
