[setting] seed:13432
[solver] type:SASB-ECBS
[solver] w:2.000000
[solver] ID:0
[solver] Lowlevelnode:8096
[solver] Highlevelnode:25
[solver] ConflictCount:13
[solver] solved:1
[solver] elapsed:49
[solver] makespan:49
[problem] timesteplimit:15000
[problem] type:MAPF
[problem] agentnum:30
[graph] width:32
[graph] height:32
[graph] filename:./map/32by32_agents10_ex30.map
[task] id:26,start:0,end:0,service time:0,nodes:647,
[task] id:1,start:0,end:0,service time:0,nodes:768,
[task] id:10,start:0,end:0,service time:0,nodes:390,
[task] id:16,start:0,end:0,service time:0,nodes:408,
[task] id:11,start:0,end:0,service time:0,nodes:911,
[task] id:25,start:0,end:0,service time:0,nodes:209,
[task] id:19,start:0,end:0,service time:0,nodes:334,
[task] id:29,start:0,end:0,service time:0,nodes:242,
[task] id:7,start:0,end:0,service time:0,nodes:557,
[task] id:4,start:0,end:0,service time:0,nodes:913,
[task] id:28,start:0,end:0,service time:0,nodes:720,
[task] id:0,start:0,end:0,service time:0,nodes:201,
[task] id:24,start:0,end:0,service time:0,nodes:755,
[task] id:9,start:0,end:0,service time:0,nodes:850,
[task] id:20,start:0,end:0,service time:0,nodes:308,
[task] id:23,start:0,end:0,service time:0,nodes:882,
[task] id:6,start:0,end:0,service time:0,nodes:366,
[task] id:13,start:0,end:0,service time:0,nodes:468,
[task] id:15,start:0,end:0,service time:0,nodes:701,
[task] id:3,start:0,end:0,service time:0,nodes:993,
[task] id:18,start:0,end:0,service time:0,nodes:239,
[task] id:27,start:0,end:0,service time:0,nodes:187,
[task] id:17,start:0,end:0,service time:0,nodes:68,
[task] id:8,start:0,end:0,service time:0,nodes:20,
[task] id:21,start:0,end:0,service time:0,nodes:544,
[task] id:2,start:0,end:0,service time:0,nodes:9,
[task] id:14,start:0,end:0,service time:0,nodes:858,
[task] id:5,start:0,end:0,service time:0,nodes:983,
[task] id:22,start:0,end:0,service time:0,nodes:793,
[task] id:12,start:0,end:0,service time:0,nodes:986,
[agent] id:0
path:617,616,584,552,520,519,487,486,454,422,423,391,359,358,326,294,262,230,231,199,200,201,201,201,201,201,201,201,201,201,201,201,201,201,201,201,201,201,201,201,201,201,201,201,201,201,201,201,201,201,
goal:201,201,201,201,201,201,201,201,201,201,201,201,201,201,201,201,201,201,201,201,201,201,201,201,201,201,201,201,201,201,201,201,201,201,201,201,201,201,201,201,201,201,201,201,201,201,201,201,201,201,
size:21
[agent] id:1
path:710,709,708,707,739,738,737,736,768,768,768,768,768,768,768,768,768,768,768,768,768,768,768,768,768,768,768,768,768,768,768,768,768,768,768,768,768,768,768,768,768,768,768,768,768,768,768,768,768,768,
goal:768,768,768,768,768,768,768,768,768,768,768,768,768,768,768,768,768,768,768,768,768,768,768,768,768,768,768,768,768,768,768,768,768,768,768,768,768,768,768,768,768,768,768,768,768,768,768,768,768,768,
size:8
[agent] id:2
path:793,792,760,728,696,664,632,600,599,567,535,534,533,501,469,437,405,373,341,309,277,245,213,212,211,210,178,146,114,82,81,80,79,78,77,45,13,12,11,10,9,9,9,9,9,9,9,9,9,9,
goal:9,9,9,9,9,9,9,9,9,9,9,9,9,9,9,9,9,9,9,9,9,9,9,9,9,9,9,9,9,9,9,9,9,9,9,9,9,9,9,9,9,9,9,9,9,9,9,9,9,9,
size:40
[agent] id:3
path:956,988,987,986,985,984,983,982,950,949,948,980,979,978,946,945,944,943,942,941,940,939,938,937,936,935,967,966,965,964,963,962,961,993,993,993,993,993,993,993,993,993,993,993,993,993,993,993,993,993,
goal:993,993,993,993,993,993,993,993,993,993,993,993,993,993,993,993,993,993,993,993,993,993,993,993,993,993,993,993,993,993,993,993,993,993,993,993,993,993,993,993,993,993,993,993,993,993,993,993,993,993,
size:33
[agent] id:4
path:646,678,710,742,774,806,838,839,840,841,842,874,875,876,877,878,879,880,912,913,913,913,913,913,913,913,913,913,913,913,913,913,913,913,913,913,913,913,913,913,913,913,913,913,913,913,913,913,913,913,
goal:913,913,913,913,913,913,913,913,913,913,913,913,913,913,913,913,913,913,913,913,913,913,913,913,913,913,913,913,913,913,913,913,913,913,913,913,913,913,913,913,913,913,913,913,913,913,913,913,913,913,
size:19
[agent] id:5
path:40,72,104,136,168,200,201,202,203,204,205,206,207,239,240,241,273,305,337,369,401,433,465,497,498,530,562,594,626,658,690,722,754,786,818,819,851,883,884,885,886,918,950,982,983,983,983,983,983,983,
goal:983,983,983,983,983,983,983,983,983,983,983,983,983,983,983,983,983,983,983,983,983,983,983,983,983,983,983,983,983,983,983,983,983,983,983,983,983,983,983,983,983,983,983,983,983,983,983,983,983,983,
size:44
[agent] id:6
path:736,737,705,673,641,609,610,611,612,613,614,615,616,617,618,619,620,621,589,590,558,526,527,528,529,497,465,433,401,369,368,367,366,366,366,366,366,366,366,366,366,366,366,366,366,366,366,366,366,366,
goal:366,366,366,366,366,366,366,366,366,366,366,366,366,366,366,366,366,366,366,366,366,366,366,366,366,366,366,366,366,366,366,366,366,366,366,366,366,366,366,366,366,366,366,366,366,366,366,366,366,366,
size:32
[agent] id:7
path:854,853,852,851,819,818,786,754,722,690,658,626,594,562,561,560,559,558,557,557,557,557,557,557,557,557,557,557,557,557,557,557,557,557,557,557,557,557,557,557,557,557,557,557,557,557,557,557,557,557,
goal:557,557,557,557,557,557,557,557,557,557,557,557,557,557,557,557,557,557,557,557,557,557,557,557,557,557,557,557,557,557,557,557,557,557,557,557,557,557,557,557,557,557,557,557,557,557,557,557,557,557,
size:18
[agent] id:8
path:611,579,547,515,483,451,419,420,421,389,357,358,326,294,262,230,231,199,200,201,202,203,171,172,173,174,142,110,78,79,80,48,49,17,18,19,20,20,20,20,20,20,20,20,20,20,20,20,20,20,
goal:20,20,20,20,20,20,20,20,20,20,20,20,20,20,20,20,20,20,20,20,20,20,20,20,20,20,20,20,20,20,20,20,20,20,20,20,20,20,20,20,20,20,20,20,20,20,20,20,20,20,
size:36
[agent] id:9
path:373,405,437,469,468,500,499,531,563,564,596,628,660,692,724,723,755,754,753,785,786,818,850,850,850,850,850,850,850,850,850,850,850,850,850,850,850,850,850,850,850,850,850,850,850,850,850,850,850,850,
goal:850,850,850,850,850,850,850,850,850,850,850,850,850,850,850,850,850,850,850,850,850,850,850,850,850,850,850,850,850,850,850,850,850,850,850,850,850,850,850,850,850,850,850,850,850,850,850,850,850,850,
size:22
[agent] id:10
path:647,615,583,551,519,487,486,454,422,390,390,390,390,390,390,390,390,390,390,390,390,390,390,390,390,390,390,390,390,390,390,390,390,390,390,390,390,390,390,390,390,390,390,390,390,390,390,390,390,390,
goal:390,390,390,390,390,390,390,390,390,390,390,390,390,390,390,390,390,390,390,390,390,390,390,390,390,390,390,390,390,390,390,390,390,390,390,390,390,390,390,390,390,390,390,390,390,390,390,390,390,390,
size:9
[agent] id:11
path:561,593,592,591,623,655,687,686,718,750,782,814,846,878,879,911,911,911,911,911,911,911,911,911,911,911,911,911,911,911,911,911,911,911,911,911,911,911,911,911,911,911,911,911,911,911,911,911,911,911,
goal:911,911,911,911,911,911,911,911,911,911,911,911,911,911,911,911,911,911,911,911,911,911,911,911,911,911,911,911,911,911,911,911,911,911,911,911,911,911,911,911,911,911,911,911,911,911,911,911,911,911,
size:15
[agent] id:12
path:38,70,71,103,135,167,199,200,201,202,203,204,205,206,207,239,240,241,273,305,337,369,401,433,465,466,498,530,562,594,626,658,690,722,754,786,818,819,851,883,884,885,886,918,919,920,952,984,985,986,
goal:986,986,986,986,986,986,986,986,986,986,986,986,986,986,986,986,986,986,986,986,986,986,986,986,986,986,986,986,986,986,986,986,986,986,986,986,986,986,986,986,986,986,986,986,986,986,986,986,986,986,
size:49
[agent] id:13
path:898,866,867,835,803,771,739,707,708,676,644,612,613,614,582,550,551,552,553,554,555,556,524,525,526,527,528,529,497,465,466,467,468,468,468,468,468,468,468,468,468,468,468,468,468,468,468,468,468,468,
goal:468,468,468,468,468,468,468,468,468,468,468,468,468,468,468,468,468,468,468,468,468,468,468,468,468,468,468,468,468,468,468,468,468,468,468,468,468,468,468,468,468,468,468,468,468,468,468,468,468,468,
size:32
[agent] id:14
path:11,12,44,45,77,78,110,142,174,206,207,239,271,303,304,336,368,400,432,464,465,497,529,561,593,594,626,658,690,722,723,724,725,757,758,759,791,823,824,825,857,858,858,858,858,858,858,858,858,858,
goal:858,858,858,858,858,858,858,858,858,858,858,858,858,858,858,858,858,858,858,858,858,858,858,858,858,858,858,858,858,858,858,858,858,858,858,858,858,858,858,858,858,858,858,858,858,858,858,858,858,858,
size:41
[agent] id:15
path:84,52,53,54,86,87,119,151,183,215,247,279,311,312,344,376,377,409,441,473,472,504,536,537,569,570,602,634,635,667,699,700,701,701,701,701,701,701,701,701,701,701,701,701,701,701,701,701,701,701,
goal:701,701,701,701,701,701,701,701,701,701,701,701,701,701,701,701,701,701,701,701,701,701,701,701,701,701,701,701,701,701,701,701,701,701,701,701,701,701,701,701,701,701,701,701,701,701,701,701,701,701,
size:32
[agent] id:16
path:92,91,123,155,187,219,218,217,216,248,280,312,344,376,408,408,408,408,408,408,408,408,408,408,408,408,408,408,408,408,408,408,408,408,408,408,408,408,408,408,408,408,408,408,408,408,408,408,408,408,
goal:408,408,408,408,408,408,408,408,408,408,408,408,408,408,408,408,408,408,408,408,408,408,408,408,408,408,408,408,408,408,408,408,408,408,408,408,408,408,408,408,408,408,408,408,408,408,408,408,408,408,
size:14
[agent] id:17
path:847,846,814,782,750,718,686,654,622,590,558,526,494,493,461,460,459,458,457,456,424,423,391,359,358,326,294,262,230,229,197,165,133,101,69,68,68,68,68,68,68,68,68,68,68,68,68,68,68,68,
goal:68,68,68,68,68,68,68,68,68,68,68,68,68,68,68,68,68,68,68,68,68,68,68,68,68,68,68,68,68,68,68,68,68,68,68,68,68,68,68,68,68,68,68,68,68,68,68,68,68,68,
size:35
[agent] id:18
path:833,801,802,770,738,706,707,708,676,644,612,613,614,582,550,518,486,454,422,423,391,392,393,394,395,396,364,332,300,268,269,270,271,239,239,239,239,239,239,239,239,239,239,239,239,239,239,239,239,239,
goal:239,239,239,239,239,239,239,239,239,239,239,239,239,239,239,239,239,239,239,239,239,239,239,239,239,239,239,239,239,239,239,239,239,239,239,239,239,239,239,239,239,239,239,239,239,239,239,239,239,239,
size:33
[agent] id:19
path:536,535,534,533,501,469,437,436,435,403,402,401,369,368,367,366,334,334,334,334,334,334,334,334,334,334,334,334,334,334,334,334,334,334,334,334,334,334,334,334,334,334,334,334,334,334,334,334,334,334,
goal:334,334,334,334,334,334,334,334,334,334,334,334,334,334,334,334,334,334,334,334,334,334,334,334,334,334,334,334,334,334,334,334,334,334,334,334,334,334,334,334,334,334,334,334,334,334,334,334,334,334,
size:16
[agent] id:20
path:950,918,886,854,822,823,791,759,727,695,663,631,599,567,535,534,533,501,469,437,405,373,341,309,308,308,308,308,308,308,308,308,308,308,308,308,308,308,308,308,308,308,308,308,308,308,308,308,308,308,
goal:308,308,308,308,308,308,308,308,308,308,308,308,308,308,308,308,308,308,308,308,308,308,308,308,308,308,308,308,308,308,308,308,308,308,308,308,308,308,308,308,308,308,308,308,308,308,308,308,308,308,
size:24
[agent] id:21
path:121,153,185,217,216,248,280,312,311,310,309,308,307,306,305,304,303,302,301,300,332,364,396,428,460,459,458,490,522,521,520,519,518,517,516,515,514,513,545,544,544,544,544,544,544,544,544,544,544,544,
goal:544,544,544,544,544,544,544,544,544,544,544,544,544,544,544,544,544,544,544,544,544,544,544,544,544,544,544,544,544,544,544,544,544,544,544,544,544,544,544,544,544,544,544,544,544,544,544,544,544,544,
size:39
[agent] id:22
path:192,193,225,257,258,290,322,354,355,356,356,357,389,421,453,485,517,549,550,582,614,615,616,648,649,650,651,652,653,685,686,687,688,689,721,722,723,724,725,757,758,759,791,792,793,793,793,793,793,793,
goal:793,793,793,793,793,793,793,793,793,793,793,793,793,793,793,793,793,793,793,793,793,793,793,793,793,793,793,793,793,793,793,793,793,793,793,793,793,793,793,793,793,793,793,793,793,793,793,793,793,793,
size:44
[agent] id:23
path:484,516,548,549,550,582,614,646,678,710,742,774,806,838,839,840,841,842,874,875,876,877,878,879,880,881,882,882,882,882,882,882,882,882,882,882,882,882,882,882,882,882,882,882,882,882,882,882,882,882,
goal:882,882,882,882,882,882,882,882,882,882,882,882,882,882,882,882,882,882,882,882,882,882,882,882,882,882,882,882,882,882,882,882,882,882,882,882,882,882,882,882,882,882,882,882,882,882,882,882,882,882,
size:26
[agent] id:24
path:900,901,869,837,838,839,840,841,842,843,844,845,845,846,847,848,849,850,818,786,754,755,755,755,755,755,755,755,755,755,755,755,755,755,755,755,755,755,755,755,755,755,755,755,755,755,755,755,755,755,
goal:755,755,755,755,755,755,755,755,755,755,755,755,755,755,755,755,755,755,755,755,755,755,755,755,755,755,755,755,755,755,755,755,755,755,755,755,755,755,755,755,755,755,755,755,755,755,755,755,755,755,
size:21
[agent] id:25
path:658,626,594,562,530,498,466,434,402,401,369,337,305,273,241,209,209,209,209,209,209,209,209,209,209,209,209,209,209,209,209,209,209,209,209,209,209,209,209,209,209,209,209,209,209,209,209,209,209,209,
goal:209,209,209,209,209,209,209,209,209,209,209,209,209,209,209,209,209,209,209,209,209,209,209,209,209,209,209,209,209,209,209,209,209,209,209,209,209,209,209,209,209,209,209,209,209,209,209,209,209,209,
size:15
[agent] id:26
path:643,644,645,646,647,647,647,647,647,647,647,647,647,647,647,647,647,647,647,647,647,647,647,647,647,647,647,647,647,647,647,647,647,647,647,647,647,647,647,647,647,647,647,647,647,647,647,647,647,647,
goal:647,647,647,647,647,647,647,647,647,647,647,647,647,647,647,647,647,647,647,647,647,647,647,647,647,647,647,647,647,647,647,647,647,647,647,647,647,647,647,647,647,647,647,647,647,647,647,647,647,647,
size:4
[agent] id:27
path:3,35,36,37,38,39,7,8,9,10,11,12,44,45,77,78,79,80,48,49,50,51,52,53,54,86,87,119,151,183,184,185,186,187,187,187,187,187,187,187,187,187,187,187,187,187,187,187,187,187,
goal:187,187,187,187,187,187,187,187,187,187,187,187,187,187,187,187,187,187,187,187,187,187,187,187,187,187,187,187,187,187,187,187,187,187,187,187,187,187,187,187,187,187,187,187,187,187,187,187,187,187,
size:33
[agent] id:28
path:310,342,374,406,438,470,469,501,533,565,597,629,661,693,725,724,723,722,721,720,720,720,720,720,720,720,720,720,720,720,720,720,720,720,720,720,720,720,720,720,720,720,720,720,720,720,720,720,720,720,
goal:720,720,720,720,720,720,720,720,720,720,720,720,720,720,720,720,720,720,720,720,720,720,720,720,720,720,720,720,720,720,720,720,720,720,720,720,720,720,720,720,720,720,720,720,720,720,720,720,720,720,
size:19
[agent] id:29
path:522,490,458,426,394,395,396,364,332,300,268,269,270,271,239,240,241,242,242,242,242,242,242,242,242,242,242,242,242,242,242,242,242,242,242,242,242,242,242,242,242,242,242,242,242,242,242,242,242,242,
goal:242,242,242,242,242,242,242,242,242,242,242,242,242,242,242,242,242,242,242,242,242,242,242,242,242,242,242,242,242,242,242,242,242,242,242,242,242,242,242,242,242,242,242,242,242,242,242,242,242,242,
size:17
SolutionCost:791
