[setting] seed:6334
[solver] type:SASB-ECBS
[solver] w:2.000000
[solver] ID:0
[solver] Lowlevelnode:8029
[solver] Highlevelnode:23
[solver] ConflictCount:12
[solver] solved:1
[solver] elapsed:51
[solver] makespan:40
[problem] timesteplimit:15000
[problem] type:MAPF
[problem] agentnum:30
[graph] width:32
[graph] height:32
[graph] filename:./map/32by32_agents10_ex30.map
[task] id:4,start:0,end:0,service time:0,nodes:136,
[task] id:29,start:0,end:0,service time:0,nodes:103,
[task] id:15,start:0,end:0,service time:0,nodes:551,
[task] id:23,start:0,end:0,service time:0,nodes:698,
[task] id:27,start:0,end:0,service time:0,nodes:773,
[task] id:25,start:0,end:0,service time:0,nodes:409,
[task] id:1,start:0,end:0,service time:0,nodes:499,
[task] id:19,start:0,end:0,service time:0,nodes:967,
[task] id:26,start:0,end:0,service time:0,nodes:358,
[task] id:2,start:0,end:0,service time:0,nodes:844,
[task] id:0,start:0,end:0,service time:0,nodes:641,
[task] id:3,start:0,end:0,service time:0,nodes:236,
[task] id:30,start:0,end:0,service time:0,nodes:358,
[task] id:7,start:0,end:0,service time:0,nodes:426,
[task] id:24,start:0,end:0,service time:0,nodes:394,
[task] id:9,start:0,end:0,service time:0,nodes:882,
[task] id:20,start:0,end:0,service time:0,nodes:712,
[task] id:10,start:0,end:0,service time:0,nodes:132,
[task] id:11,start:0,end:0,service time:0,nodes:755,
[task] id:14,start:0,end:0,service time:0,nodes:392,
[task] id:22,start:0,end:0,service time:0,nodes:188,
[task] id:28,start:0,end:0,service time:0,nodes:987,
[task] id:8,start:0,end:0,service time:0,nodes:692,
[task] id:12,start:0,end:0,service time:0,nodes:36,
[task] id:6,start:0,end:0,service time:0,nodes:396,
[task] id:17,start:0,end:0,service time:0,nodes:515,
[task] id:21,start:0,end:0,service time:0,nodes:922,
[task] id:13,start:0,end:0,service time:0,nodes:264,
[task] id:18,start:0,end:0,service time:0,nodes:311,
[task] id:16,start:0,end:0,service time:0,nodes:130,
[task] id:5,start:0,end:0,service time:0,nodes:94,
[agent] id:0
path:525,557,556,555,554,553,552,584,616,615,614,613,645,644,643,642,641,641,641,641,641,641,641,641,641,641,641,641,641,641,641,641,641,641,641,641,641,641,641,641,641,
goal:641,641,641,641,641,641,641,641,641,641,641,641,641,641,641,641,641,641,641,641,641,641,641,641,641,641,641,641,641,641,641,641,641,641,641,641,641,641,641,641,641,
size:16
[agent] id:1
path:686,654,622,590,558,526,527,528,529,497,498,499,499,499,499,499,499,499,499,499,499,499,499,499,499,499,499,499,499,499,499,499,499,499,499,499,499,499,499,499,499,
goal:499,499,499,499,499,499,499,499,499,499,499,499,499,499,499,499,499,499,499,499,499,499,499,499,499,499,499,499,499,499,499,499,499,499,499,499,499,499,499,499,499,
size:11
[agent] id:2
path:824,823,855,854,853,852,851,850,849,848,847,846,845,844,844,844,844,844,844,844,844,844,844,844,844,844,844,844,844,844,844,844,844,844,844,844,844,844,844,844,844,
goal:844,844,844,844,844,844,844,844,844,844,844,844,844,844,844,844,844,844,844,844,844,844,844,844,844,844,844,844,844,844,844,844,844,844,844,844,844,844,844,844,844,
size:13
[agent] id:3
path:151,183,215,214,213,212,211,243,242,241,240,239,207,206,205,204,236,236,236,236,236,236,236,236,236,236,236,236,236,236,236,236,236,236,236,236,236,236,236,236,236,
goal:236,236,236,236,236,236,236,236,236,236,236,236,236,236,236,236,236,236,236,236,236,236,236,236,236,236,236,236,236,236,236,236,236,236,236,236,236,236,236,236,236,
size:16
[agent] id:4
path:103,135,136,136,136,136,136,136,136,136,136,136,136,136,136,136,136,136,136,136,136,136,136,136,136,136,136,136,136,136,136,136,136,136,136,136,136,136,136,136,136,
goal:136,136,136,136,136,136,136,136,136,136,136,136,136,136,136,136,136,136,136,136,136,136,136,136,136,136,136,136,136,136,136,136,136,136,136,136,136,136,136,136,136,
size:2
[agent] id:5
path:747,715,683,651,619,620,621,589,557,525,526,527,528,529,497,465,433,401,369,337,305,273,241,209,210,211,212,213,181,182,150,151,119,87,88,89,90,91,92,93,94,
goal:94,94,94,94,94,94,94,94,94,94,94,94,94,94,94,94,94,94,94,94,94,94,94,94,94,94,94,94,94,94,94,94,94,94,94,94,94,94,94,94,94,
size:40
[agent] id:6
path:63,95,127,159,191,190,189,188,187,219,218,217,216,248,280,312,311,310,309,308,307,306,305,304,303,302,301,300,332,364,396,396,396,396,396,396,396,396,396,396,396,
goal:396,396,396,396,396,396,396,396,396,396,396,396,396,396,396,396,396,396,396,396,396,396,396,396,396,396,396,396,396,396,396,396,396,396,396,396,396,396,396,396,396,
size:30
[agent] id:7
path:114,146,178,210,242,274,306,305,304,303,302,301,300,332,364,396,428,427,426,426,426,426,426,426,426,426,426,426,426,426,426,426,426,426,426,426,426,426,426,426,426,
goal:426,426,426,426,426,426,426,426,426,426,426,426,426,426,426,426,426,426,426,426,426,426,426,426,426,426,426,426,426,426,426,426,426,426,426,426,426,426,426,426,426,
size:18
[agent] id:8
path:61,93,92,91,123,155,187,219,218,217,216,248,280,312,344,376,408,407,439,438,470,469,501,533,565,597,629,661,693,692,692,692,692,692,692,692,692,692,692,692,692,
goal:692,692,692,692,692,692,692,692,692,692,692,692,692,692,692,692,692,692,692,692,692,692,692,692,692,692,692,692,692,692,692,692,692,692,692,692,692,692,692,692,692,
size:29
[agent] id:9
path:241,273,305,337,369,401,433,465,497,498,530,562,561,593,594,626,658,690,722,754,786,818,850,882,882,882,882,882,882,882,882,882,882,882,882,882,882,882,882,882,882,
goal:882,882,882,882,882,882,882,882,882,882,882,882,882,882,882,882,882,882,882,882,882,882,882,882,882,882,882,882,882,882,882,882,882,882,882,882,882,882,882,882,882,
size:23
[agent] id:10
path:531,499,467,435,403,402,401,369,337,305,273,241,240,239,207,206,205,204,203,202,201,169,168,167,135,134,133,132,132,132,132,132,132,132,132,132,132,132,132,132,132,
goal:132,132,132,132,132,132,132,132,132,132,132,132,132,132,132,132,132,132,132,132,132,132,132,132,132,132,132,132,132,132,132,132,132,132,132,132,132,132,132,132,132,
size:27
[agent] id:11
path:418,450,482,514,515,547,579,611,643,644,645,646,647,648,649,650,651,652,653,685,686,687,688,720,752,753,754,755,755,755,755,755,755,755,755,755,755,755,755,755,755,
goal:755,755,755,755,755,755,755,755,755,755,755,755,755,755,755,755,755,755,755,755,755,755,755,755,755,755,755,755,755,755,755,755,755,755,755,755,755,755,755,755,755,
size:27
[agent] id:12
path:185,153,121,89,57,56,55,54,53,52,51,50,49,48,80,79,78,77,45,44,12,11,10,42,41,40,39,38,37,36,36,36,36,36,36,36,36,36,36,36,36,
goal:36,36,36,36,36,36,36,36,36,36,36,36,36,36,36,36,36,36,36,36,36,36,36,36,36,36,36,36,36,36,36,36,36,36,36,36,36,36,36,36,36,
size:29
[agent] id:13
path:477,478,446,414,413,381,380,379,378,377,345,313,312,311,310,309,308,307,306,274,242,241,240,239,207,206,205,204,203,202,201,200,199,231,263,264,264,264,264,264,264,
goal:264,264,264,264,264,264,264,264,264,264,264,264,264,264,264,264,264,264,264,264,264,264,264,264,264,264,264,264,264,264,264,264,264,264,264,264,264,264,264,264,264,
size:35
[agent] id:14
path:915,883,851,819,818,786,754,722,690,689,657,656,655,623,591,559,527,526,494,493,461,460,459,458,457,456,424,392,392,392,392,392,392,392,392,392,392,392,392,392,392,
goal:392,392,392,392,392,392,392,392,392,392,392,392,392,392,392,392,392,392,392,392,392,392,392,392,392,392,392,392,392,392,392,392,392,392,392,392,392,392,392,392,392,
size:27
[agent] id:15
path:483,515,547,548,549,550,551,551,551,551,551,551,551,551,551,551,551,551,551,551,551,551,551,551,551,551,551,551,551,551,551,551,551,551,551,551,551,551,551,551,551,
goal:551,551,551,551,551,551,551,551,551,551,551,551,551,551,551,551,551,551,551,551,551,551,551,551,551,551,551,551,551,551,551,551,551,551,551,551,551,551,551,551,551,
size:6
[agent] id:16
path:1004,972,940,908,876,844,812,811,779,747,715,683,651,619,618,617,616,584,552,520,519,487,486,454,422,390,389,357,356,355,323,322,290,258,257,225,193,161,162,130,130,
goal:130,130,130,130,130,130,130,130,130,130,130,130,130,130,130,130,130,130,130,130,130,130,130,130,130,130,130,130,130,130,130,130,130,130,130,130,130,130,130,130,130,
size:39
[agent] id:17
path:855,854,853,852,851,819,818,786,754,722,721,689,657,656,655,623,591,559,558,557,556,555,554,522,521,520,519,518,517,516,515,515,515,515,515,515,515,515,515,515,515,
goal:515,515,515,515,515,515,515,515,515,515,515,515,515,515,515,515,515,515,515,515,515,515,515,515,515,515,515,515,515,515,515,515,515,515,515,515,515,515,515,515,515,
size:30
[agent] id:18
path:804,805,773,774,742,743,744,712,680,681,649,650,650,651,652,620,621,589,557,525,526,527,528,529,497,465,433,401,369,337,305,306,307,308,309,310,311,311,311,311,311,
goal:311,311,311,311,311,311,311,311,311,311,311,311,311,311,311,311,311,311,311,311,311,311,311,311,311,311,311,311,311,311,311,311,311,311,311,311,311,311,311,311,311,
size:36
[agent] id:19
path:676,708,709,741,773,805,837,869,901,933,965,966,967,967,967,967,967,967,967,967,967,967,967,967,967,967,967,967,967,967,967,967,967,967,967,967,967,967,967,967,967,
goal:967,967,967,967,967,967,967,967,967,967,967,967,967,967,967,967,967,967,967,967,967,967,967,967,967,967,967,967,967,967,967,967,967,967,967,967,967,967,967,967,967,
size:12
[agent] id:20
path:570,602,634,633,632,664,663,662,661,693,692,691,690,689,688,687,686,718,717,716,715,714,713,712,712,712,712,712,712,712,712,712,712,712,712,712,712,712,712,712,712,
goal:712,712,712,712,712,712,712,712,712,712,712,712,712,712,712,712,712,712,712,712,712,712,712,712,712,712,712,712,712,712,712,712,712,712,712,712,712,712,712,712,712,
size:23
[agent] id:21
path:519,551,583,615,647,679,711,743,775,807,839,840,841,842,874,875,876,877,878,879,880,881,882,883,884,885,886,918,919,920,921,922,922,922,922,922,922,922,922,922,922,
goal:922,922,922,922,922,922,922,922,922,922,922,922,922,922,922,922,922,922,922,922,922,922,922,922,922,922,922,922,922,922,922,922,922,922,922,922,922,922,922,922,922,
size:31
[agent] id:22
path:760,728,696,664,663,631,599,567,535,503,504,472,473,441,442,410,378,377,345,313,281,280,248,216,184,185,186,187,188,188,188,188,188,188,188,188,188,188,188,188,188,
goal:188,188,188,188,188,188,188,188,188,188,188,188,188,188,188,188,188,188,188,188,188,188,188,188,188,188,188,188,188,188,188,188,188,188,188,188,188,188,188,188,188,
size:28
[agent] id:23
path:858,857,825,793,794,762,730,698,698,698,698,698,698,698,698,698,698,698,698,698,698,698,698,698,698,698,698,698,698,698,698,698,698,698,698,698,698,698,698,698,698,
goal:698,698,698,698,698,698,698,698,698,698,698,698,698,698,698,698,698,698,698,698,698,698,698,698,698,698,698,698,698,698,698,698,698,698,698,698,698,698,698,698,698,
size:7
[agent] id:24
path:1,33,65,66,67,68,69,101,133,165,197,229,261,293,294,326,358,390,391,392,393,394,394,394,394,394,394,394,394,394,394,394,394,394,394,394,394,394,394,394,394,
goal:394,394,394,394,394,394,394,394,394,394,394,394,394,394,394,394,394,394,394,394,394,394,394,394,394,394,394,394,394,394,394,394,394,394,394,394,394,394,394,394,394,
size:21
[agent] id:25
path:186,218,217,216,248,280,312,344,376,408,409,409,409,409,409,409,409,409,409,409,409,409,409,409,409,409,409,409,409,409,409,409,409,409,409,409,409,409,409,409,409,
goal:409,409,409,409,409,409,409,409,409,409,409,409,409,409,409,409,409,409,409,409,409,409,409,409,409,409,409,409,409,409,409,409,409,409,409,409,409,409,409,409,409,
size:10
[agent] id:26
path:269,301,300,332,364,396,395,394,393,392,391,359,358,358,358,358,359,358,358,358,358,358,358,358,358,358,358,358,358,358,358,358,358,358,358,358,358,358,358,358,358,
goal:358,358,358,358,358,358,358,358,358,358,358,358,358,358,358,358,358,358,358,358,358,358,358,358,358,358,358,358,358,358,358,358,358,358,358,358,358,358,358,358,358,
size:17
[agent] id:27
path:582,614,646,678,710,742,774,773,773,773,773,773,773,773,773,773,773,773,773,773,773,773,773,773,773,773,773,773,773,773,773,773,773,773,773,773,773,773,773,773,773,
goal:773,773,773,773,773,773,773,773,773,773,773,773,773,773,773,773,773,773,773,773,773,773,773,773,773,773,773,773,773,773,773,773,773,773,773,773,773,773,773,773,773,
size:7
[agent] id:28
path:432,464,465,497,529,561,593,594,626,658,690,722,754,786,818,850,882,883,884,885,886,918,950,982,983,984,985,986,987,987,987,987,987,987,987,987,987,987,987,987,987,
goal:987,987,987,987,987,987,987,987,987,987,987,987,987,987,987,987,987,987,987,987,987,987,987,987,987,987,987,987,987,987,987,987,987,987,987,987,987,987,987,987,987,
size:28
[agent] id:29
path:200,168,167,135,103,103,103,103,103,103,103,103,103,103,103,103,103,103,103,103,103,103,103,103,103,103,103,103,103,103,103,103,103,103,103,103,103,103,103,103,103,
goal:103,103,103,103,103,103,103,103,103,103,103,103,103,103,103,103,103,103,103,103,103,103,103,103,103,103,103,103,103,103,103,103,103,103,103,103,103,103,103,103,103,
size:4
SolutionCost:642
