[setting] seed:10301
[solver] type:SASB-ECBS
[solver] w:2.000000
[solver] ID:0
[solver] Lowlevelnode:4613
[solver] Highlevelnode:21
[solver] ConflictCount:11
[solver] solved:1
[solver] elapsed:35
[solver] makespan:39
[problem] timesteplimit:15000
[problem] type:MAPF
[problem] agentnum:30
[graph] width:32
[graph] height:32
[graph] filename:./map/32by32_agents10_ex30.map
[task] id:11,start:0,end:0,service time:0,nodes:919,
[task] id:21,start:0,end:0,service time:0,nodes:457,
[task] id:7,start:0,end:0,service time:0,nodes:561,
[task] id:2,start:0,end:0,service time:0,nodes:460,
[task] id:29,start:0,end:0,service time:0,nodes:778,
[task] id:6,start:0,end:0,service time:0,nodes:189,
[task] id:12,start:0,end:0,service time:0,nodes:458,
[task] id:1,start:0,end:0,service time:0,nodes:953,
[task] id:30,start:0,end:0,service time:0,nodes:457,
[task] id:0,start:0,end:0,service time:0,nodes:26,
[task] id:19,start:0,end:0,service time:0,nodes:734,
[task] id:15,start:0,end:0,service time:0,nodes:604,
[task] id:14,start:0,end:0,service time:0,nodes:423,
[task] id:18,start:0,end:0,service time:0,nodes:136,
[task] id:26,start:0,end:0,service time:0,nodes:579,
[task] id:27,start:0,end:0,service time:0,nodes:854,
[task] id:8,start:0,end:0,service time:0,nodes:883,
[task] id:25,start:0,end:0,service time:0,nodes:51,
[task] id:5,start:0,end:0,service time:0,nodes:757,
[task] id:17,start:0,end:0,service time:0,nodes:155,
[task] id:24,start:0,end:0,service time:0,nodes:634,
[task] id:4,start:0,end:0,service time:0,nodes:381,
[task] id:16,start:0,end:0,service time:0,nodes:476,
[task] id:22,start:0,end:0,service time:0,nodes:209,
[task] id:13,start:0,end:0,service time:0,nodes:503,
[task] id:9,start:0,end:0,service time:0,nodes:334,
[task] id:3,start:0,end:0,service time:0,nodes:718,
[task] id:23,start:0,end:0,service time:0,nodes:414,
[task] id:28,start:0,end:0,service time:0,nodes:137,
[task] id:20,start:0,end:0,service time:0,nodes:775,
[task] id:10,start:0,end:0,service time:0,nodes:649,
[agent] id:0
path:309,277,245,213,181,182,150,151,119,87,55,23,24,25,26,26,26,26,26,26,26,26,26,26,26,26,26,26,26,26,26,26,26,26,26,26,26,26,26,26,
goal:26,26,26,26,26,26,26,26,26,26,26,26,26,26,26,26,26,26,26,26,26,26,26,26,26,26,26,26,26,26,26,26,26,26,26,26,26,26,26,26,
size:14
[agent] id:1
path:913,881,882,883,884,885,886,886,887,888,920,952,953,953,953,953,953,953,953,953,953,953,953,953,953,953,953,953,953,953,953,953,953,953,953,953,953,953,953,953,
goal:953,953,953,953,953,953,953,953,953,953,953,953,953,953,953,953,953,953,953,953,953,953,953,953,953,953,953,953,953,953,953,953,953,953,953,953,953,953,953,953,
size:12
[agent] id:2
path:716,717,685,653,621,589,557,525,493,461,460,460,460,460,460,460,460,460,460,460,460,460,460,460,460,460,460,460,460,460,460,460,460,460,460,460,460,460,460,460,
goal:460,460,460,460,460,460,460,460,460,460,460,460,460,460,460,460,460,460,460,460,460,460,460,460,460,460,460,460,460,460,460,460,460,460,460,460,460,460,460,460,
size:10
[agent] id:3
path:67,68,69,101,133,165,166,167,199,200,201,233,234,235,236,268,300,332,364,332,331,331,332,364,396,428,429,461,493,525,557,589,621,653,685,717,718,718,718,718,
goal:718,718,718,718,718,718,718,718,718,718,718,718,718,718,718,718,718,718,718,718,718,718,718,718,718,718,718,718,718,718,718,718,718,718,718,718,718,718,718,718,
size:36
[agent] id:4
path:550,551,552,553,554,555,556,524,525,526,527,528,529,497,465,433,434,435,436,437,405,373,374,375,376,377,378,379,380,381,381,381,381,381,381,381,381,381,381,381,
goal:381,381,381,381,381,381,381,381,381,381,381,381,381,381,381,381,381,381,381,381,381,381,381,381,381,381,381,381,381,381,381,381,381,381,381,381,381,381,381,381,
size:29
[agent] id:5
path:389,421,453,485,517,549,550,582,614,646,647,648,649,650,651,652,653,685,686,687,688,720,721,722,723,724,725,757,757,757,757,757,757,757,757,757,757,757,757,757,
goal:757,757,757,757,757,757,757,757,757,757,757,757,757,757,757,757,757,757,757,757,757,757,757,757,757,757,757,757,757,757,757,757,757,757,757,757,757,757,757,757,
size:27
[agent] id:6
path:310,311,279,247,215,183,184,185,186,187,188,189,189,189,189,189,189,189,189,189,189,189,189,189,189,189,189,189,189,189,189,189,189,189,189,189,189,189,189,189,
goal:189,189,189,189,189,189,189,189,189,189,189,189,189,189,189,189,189,189,189,189,189,189,189,189,189,189,189,189,189,189,189,189,189,189,189,189,189,189,189,189,
size:11
[agent] id:7
path:723,691,659,627,626,594,562,561,561,561,561,561,561,561,561,561,561,561,561,561,561,561,561,561,561,561,561,561,561,561,561,561,561,561,561,561,561,561,561,561,
goal:561,561,561,561,561,561,561,561,561,561,561,561,561,561,561,561,561,561,561,561,561,561,561,561,561,561,561,561,561,561,561,561,561,561,561,561,561,561,561,561,
size:7
[agent] id:8
path:447,446,478,477,509,508,540,539,571,603,635,667,699,731,730,762,794,793,825,824,823,855,887,886,885,884,883,883,883,883,883,883,883,883,883,883,883,883,883,883,
goal:883,883,883,883,883,883,883,883,883,883,883,883,883,883,883,883,883,883,883,883,883,883,883,883,883,883,883,883,883,883,883,883,883,883,883,883,883,883,883,883,
size:26
[agent] id:9
path:987,986,985,953,921,920,888,887,855,823,791,759,727,695,663,631,599,567,535,534,533,501,469,437,436,435,403,402,401,369,368,367,366,334,334,334,334,334,334,334,
goal:334,334,334,334,334,334,334,334,334,334,334,334,334,334,334,334,334,334,334,334,334,334,334,334,334,334,334,334,334,334,334,334,334,334,334,334,334,334,334,334,
size:33
[agent] id:10
path:61,93,92,91,123,155,187,219,218,217,216,248,280,312,344,376,408,407,439,438,470,469,468,467,466,498,530,562,594,626,658,657,656,655,654,653,652,651,650,649,
goal:649,649,649,649,649,649,649,649,649,649,649,649,649,649,649,649,649,649,649,649,649,649,649,649,649,649,649,649,649,649,649,649,649,649,649,649,649,649,649,649,
size:39
[agent] id:11
path:823,855,887,919,919,919,919,919,919,919,919,919,919,919,919,919,919,919,919,919,919,919,919,919,919,919,919,919,919,919,919,919,919,919,919,919,919,919,919,919,
goal:919,919,919,919,919,919,919,919,919,919,919,919,919,919,919,919,919,919,919,919,919,919,919,919,919,919,919,919,919,919,919,919,919,919,919,919,919,919,919,919,
size:3
[agent] id:12
path:651,619,618,617,616,584,552,520,521,489,457,458,458,458,458,458,458,458,458,458,458,458,458,458,458,458,458,458,458,458,458,458,458,458,458,458,458,458,458,458,
goal:458,458,458,458,458,458,458,458,458,458,458,458,458,458,458,458,458,458,458,458,458,458,458,458,458,458,458,458,458,458,458,458,458,458,458,458,458,458,458,458,
size:11
[agent] id:13
path:353,354,355,356,357,389,390,391,392,393,394,426,427,428,429,461,493,525,526,527,528,529,497,498,499,500,501,533,534,535,503,503,503,503,503,503,503,503,503,503,
goal:503,503,503,503,503,503,503,503,503,503,503,503,503,503,503,503,503,503,503,503,503,503,503,503,503,503,503,503,503,503,503,503,503,503,503,503,503,503,503,503,
size:30
[agent] id:14
path:277,276,308,307,306,305,304,303,302,301,300,332,364,396,395,394,393,392,424,423,423,423,423,423,423,423,423,423,423,423,423,423,423,423,423,423,423,423,423,423,
goal:423,423,423,423,423,423,423,423,423,423,423,423,423,423,423,423,423,423,423,423,423,423,423,423,423,423,423,423,423,423,423,423,423,423,423,423,423,423,423,423,
size:19
[agent] id:15
path:988,956,924,892,860,859,858,857,825,793,794,762,730,698,699,667,635,603,604,604,604,604,604,604,604,604,604,604,604,604,604,604,604,604,604,604,604,604,604,604,
goal:604,604,604,604,604,604,604,604,604,604,604,604,604,604,604,604,604,604,604,604,604,604,604,604,604,604,604,604,604,604,604,604,604,604,604,604,604,604,604,604,
size:18
[agent] id:16
path:48,80,112,144,176,177,209,241,273,305,306,307,308,309,341,373,374,375,376,377,378,379,380,412,413,414,446,478,477,476,476,476,476,476,476,476,476,476,476,476,
goal:476,476,476,476,476,476,476,476,476,476,476,476,476,476,476,476,476,476,476,476,476,476,476,476,476,476,476,476,476,476,476,476,476,476,476,476,476,476,476,476,
size:29
[agent] id:17
path:72,73,74,42,10,11,12,44,45,77,78,79,80,81,82,83,84,52,53,54,86,87,119,120,121,122,123,155,155,155,155,155,155,155,155,155,155,155,155,155,
goal:155,155,155,155,155,155,155,155,155,155,155,155,155,155,155,155,155,155,155,155,155,155,155,155,155,155,155,155,155,155,155,155,155,155,155,155,155,155,155,155,
size:27
[agent] id:18
path:648,616,584,552,520,519,487,486,454,422,390,358,326,294,262,230,231,199,167,135,136,136,136,136,136,136,136,136,136,136,136,136,136,136,136,136,136,136,136,136,
goal:136,136,136,136,136,136,136,136,136,136,136,136,136,136,136,136,136,136,136,136,136,136,136,136,136,136,136,136,136,136,136,136,136,136,136,136,136,136,136,136,
size:20
[agent] id:19
path:915,883,851,852,853,821,822,823,791,792,793,794,795,796,764,765,733,734,734,734,734,734,734,734,734,734,734,734,734,734,734,734,734,734,734,734,734,734,734,734,
goal:734,734,734,734,734,734,734,734,734,734,734,734,734,734,734,734,734,734,734,734,734,734,734,734,734,734,734,734,734,734,734,734,734,734,734,734,734,734,734,734,
size:17
[agent] id:20
path:120,152,184,216,248,280,312,344,376,408,407,439,438,470,469,501,533,565,597,629,661,693,692,691,690,689,688,687,686,718,717,716,715,714,713,745,744,776,775,775,
goal:775,775,775,775,775,775,775,775,775,775,775,775,775,775,775,775,775,775,775,775,775,775,775,775,775,775,775,775,775,775,775,775,775,775,775,775,775,775,775,775,
size:38
[agent] id:21
path:423,424,456,457,457,457,457,457,457,458,490,489,457,457,457,457,457,457,457,457,457,457,457,457,457,457,457,457,457,457,457,457,457,457,457,457,457,457,457,457,
goal:457,457,457,457,457,457,457,457,457,457,457,457,457,457,457,457,457,457,457,457,457,457,457,457,457,457,457,457,457,457,457,457,457,457,457,457,457,457,457,457,
size:12
[agent] id:22
path:807,775,743,711,679,647,615,583,551,552,553,554,555,556,524,525,526,527,528,529,497,465,433,401,369,337,305,273,241,209,209,209,209,209,209,209,209,209,209,209,
goal:209,209,209,209,209,209,209,209,209,209,209,209,209,209,209,209,209,209,209,209,209,209,209,209,209,209,209,209,209,209,209,209,209,209,209,209,209,209,209,209,
size:29
[agent] id:23
path:641,609,610,611,612,613,614,615,616,617,618,619,620,621,589,590,591,592,593,594,562,563,564,565,566,534,535,536,537,538,539,507,508,509,477,478,446,414,414,414,
goal:414,414,414,414,414,414,414,414,414,414,414,414,414,414,414,414,414,414,414,414,414,414,414,414,414,414,414,414,414,414,414,414,414,414,414,414,414,414,414,414,
size:37
[agent] id:24
path:49,81,113,145,177,209,241,273,305,337,369,401,433,465,466,498,499,531,563,564,596,628,629,630,631,632,633,634,634,634,634,634,634,634,634,634,634,634,634,634,
goal:634,634,634,634,634,634,634,634,634,634,634,634,634,634,634,634,634,634,634,634,634,634,634,634,634,634,634,634,634,634,634,634,634,634,634,634,634,634,634,634,
size:27
[agent] id:25
path:755,723,691,659,627,626,594,562,530,498,466,434,402,401,369,337,305,273,241,209,177,145,113,81,49,50,51,51,51,51,51,51,51,51,51,51,51,51,51,51,
goal:51,51,51,51,51,51,51,51,51,51,51,51,51,51,51,51,51,51,51,51,51,51,51,51,51,51,51,51,51,51,51,51,51,51,51,51,51,51,51,51,
size:26
[agent] id:26
path:973,941,909,877,845,844,812,811,779,747,715,683,651,619,618,617,616,615,614,613,612,611,579,579,579,579,579,579,579,579,579,579,579,579,579,579,579,579,579,579,
goal:579,579,579,579,579,579,579,579,579,579,579,579,579,579,579,579,579,579,579,579,579,579,579,579,579,579,579,579,579,579,579,579,579,579,579,579,579,579,579,579,
size:22
[agent] id:27
path:738,770,802,803,835,836,837,838,839,840,841,842,843,844,845,846,847,848,849,850,851,852,853,854,854,854,854,854,854,854,854,854,854,854,854,854,854,854,854,854,
goal:854,854,854,854,854,854,854,854,854,854,854,854,854,854,854,854,854,854,854,854,854,854,854,854,854,854,854,854,854,854,854,854,854,854,854,854,854,854,854,854,
size:23
[agent] id:28
path:918,886,885,884,852,851,819,818,786,754,722,690,658,626,594,562,530,498,466,434,402,401,369,337,305,304,303,271,239,207,206,174,173,172,140,139,138,137,137,137,
goal:137,137,137,137,137,137,137,137,137,137,137,137,137,137,137,137,137,137,137,137,137,137,137,137,137,137,137,137,137,137,137,137,137,137,137,137,137,137,137,137,
size:37
[agent] id:29
path:770,771,803,804,805,806,807,808,809,810,778,778,778,778,778,778,778,778,778,778,778,778,778,778,778,778,778,778,778,778,778,778,778,778,778,778,778,778,778,778,
goal:778,778,778,778,778,778,778,778,778,778,778,778,778,778,778,778,778,778,778,778,778,778,778,778,778,778,778,778,778,778,778,778,778,778,778,778,778,778,778,778,
size:10
SolutionCost:679
