[setting] seed:23192
[solver] type:SASB-ECBS
[solver] w:2.000000
[solver] ID:0
[solver] Lowlevelnode:6044
[solver] Highlevelnode:17
[solver] ConflictCount:9
[solver] solved:1
[solver] elapsed:42
[solver] makespan:41
[problem] timesteplimit:15000
[problem] type:MAPF
[problem] agentnum:30
[graph] width:32
[graph] height:32
[graph] filename:./map/32by32_agents10_ex30.map
[task] id:22,start:0,end:0,service time:0,nodes:485,
[task] id:5,start:0,end:0,service time:0,nodes:623,
[task] id:7,start:0,end:0,service time:0,nodes:824,
[task] id:26,start:0,end:0,service time:0,nodes:200,
[task] id:1,start:0,end:0,service time:0,nodes:189,
[task] id:6,start:0,end:0,service time:0,nodes:311,
[task] id:20,start:0,end:0,service time:0,nodes:231,
[task] id:10,start:0,end:0,service time:0,nodes:753,
[task] id:28,start:0,end:0,service time:0,nodes:77,
[task] id:18,start:0,end:0,service time:0,nodes:937,
[task] id:13,start:0,end:0,service time:0,nodes:765,
[task] id:17,start:0,end:0,service time:0,nodes:749,
[task] id:9,start:0,end:0,service time:0,nodes:484,
[task] id:2,start:0,end:0,service time:0,nodes:912,
[task] id:0,start:0,end:0,service time:0,nodes:726,
[task] id:14,start:0,end:0,service time:0,nodes:771,
[task] id:24,start:0,end:0,service time:0,nodes:315,
[task] id:25,start:0,end:0,service time:0,nodes:106,
[task] id:27,start:0,end:0,service time:0,nodes:816,
[task] id:19,start:0,end:0,service time:0,nodes:38,
[task] id:23,start:0,end:0,service time:0,nodes:642,
[task] id:3,start:0,end:0,service time:0,nodes:418,
[task] id:8,start:0,end:0,service time:0,nodes:187,
[task] id:11,start:0,end:0,service time:0,nodes:37,
[task] id:4,start:0,end:0,service time:0,nodes:1010,
[task] id:15,start:0,end:0,service time:0,nodes:974,
[task] id:12,start:0,end:0,service time:0,nodes:87,
[task] id:29,start:0,end:0,service time:0,nodes:895,
[task] id:16,start:0,end:0,service time:0,nodes:24,
[task] id:21,start:0,end:0,service time:0,nodes:920,
[agent] id:0
path:201,233,234,235,236,268,300,332,364,396,428,460,461,493,525,557,589,621,653,685,686,687,688,720,721,722,723,724,725,726,726,726,726,726,726,726,726,726,726,726,726,726,
goal:726,726,726,726,726,726,726,726,726,726,726,726,726,726,726,726,726,726,726,726,726,726,726,726,726,726,726,726,726,726,726,726,726,726,726,726,726,726,726,726,726,726,
size:29
[agent] id:1
path:369,337,305,273,241,209,210,211,212,213,181,182,183,184,185,186,187,188,189,189,189,189,189,189,189,189,189,189,189,189,189,189,189,189,189,189,189,189,189,189,189,189,
goal:189,189,189,189,189,189,189,189,189,189,189,189,189,189,189,189,189,189,189,189,189,189,189,189,189,189,189,189,189,189,189,189,189,189,189,189,189,189,189,189,189,189,
size:18
[agent] id:2
path:140,172,204,236,268,300,332,364,396,428,460,461,493,525,557,589,621,653,685,717,749,781,782,814,846,878,879,911,912,912,912,912,912,912,912,912,912,912,912,912,912,912,
goal:912,912,912,912,912,912,912,912,912,912,912,912,912,912,912,912,912,912,912,912,912,912,912,912,912,912,912,912,912,912,912,912,912,912,912,912,912,912,912,912,912,912,
size:28
[agent] id:3
path:793,792,760,728,696,664,632,600,599,567,566,565,564,563,531,530,529,528,527,526,494,493,461,460,459,458,457,456,424,423,422,421,420,419,418,418,418,418,418,418,418,418,
goal:418,418,418,418,418,418,418,418,418,418,418,418,418,418,418,418,418,418,418,418,418,418,418,418,418,418,418,418,418,418,418,418,418,418,418,418,418,418,418,418,418,418,
size:34
[agent] id:4
path:88,120,152,184,216,248,280,312,344,376,408,407,439,438,470,469,501,533,565,597,629,661,693,725,724,723,755,754,786,818,850,882,914,946,978,1010,1010,1010,1010,1010,1010,1010,
goal:1010,1010,1010,1010,1010,1010,1010,1010,1010,1010,1010,1010,1010,1010,1010,1010,1010,1010,1010,1010,1010,1010,1010,1010,1010,1010,1010,1010,1010,1010,1010,1010,1010,1010,1010,1010,1010,1010,1010,1010,1010,1010,
size:35
[agent] id:5
path:432,464,465,497,529,561,593,592,591,623,623,623,623,623,623,623,623,623,623,623,623,623,623,623,623,623,623,623,623,623,623,623,623,623,623,623,623,623,623,623,623,623,
goal:623,623,623,623,623,623,623,623,623,623,623,623,623,623,623,623,623,623,623,623,623,623,623,623,623,623,623,623,623,623,623,623,623,623,623,623,623,623,623,623,623,623,
size:9
[agent] id:6
path:200,201,233,234,235,236,268,300,301,302,303,304,305,306,307,308,309,310,311,311,311,311,311,311,311,311,311,311,311,311,311,311,311,311,311,311,311,311,311,311,311,311,
goal:311,311,311,311,311,311,311,311,311,311,311,311,311,311,311,311,311,311,311,311,311,311,311,311,311,311,311,311,311,311,311,311,311,311,311,311,311,311,311,311,311,311,
size:18
[agent] id:7
path:635,667,699,731,730,762,794,793,825,824,824,824,824,824,824,824,824,824,824,824,824,824,824,824,824,824,824,824,824,824,824,824,824,824,824,824,824,824,824,824,824,824,
goal:824,824,824,824,824,824,824,824,824,824,824,824,824,824,824,824,824,824,824,824,824,824,824,824,824,824,824,824,824,824,824,824,824,824,824,824,824,824,824,824,824,824,
size:9
[agent] id:8
path:681,649,617,618,619,620,621,589,557,525,526,527,528,529,497,465,433,401,369,337,305,273,241,209,210,211,212,213,181,182,183,184,185,186,187,187,187,187,187,187,187,187,
goal:187,187,187,187,187,187,187,187,187,187,187,187,187,187,187,187,187,187,187,187,187,187,187,187,187,187,187,187,187,187,187,187,187,187,187,187,187,187,187,187,187,187,
size:34
[agent] id:9
path:633,632,600,599,567,566,565,564,563,562,561,560,559,558,558,558,557,556,555,554,522,521,520,519,518,517,516,484,484,484,484,484,484,484,484,484,484,484,484,484,484,484,
goal:484,484,484,484,484,484,484,484,484,484,484,484,484,484,484,484,484,484,484,484,484,484,484,484,484,484,484,484,484,484,484,484,484,484,484,484,484,484,484,484,484,484,
size:27
[agent] id:10
path:308,309,341,373,405,437,469,501,533,565,597,629,661,693,725,724,723,755,754,753,753,753,753,753,753,753,753,753,753,753,753,753,753,753,753,753,753,753,753,753,753,753,
goal:753,753,753,753,753,753,753,753,753,753,753,753,753,753,753,753,753,753,753,753,753,753,753,753,753,753,753,753,753,753,753,753,753,753,753,753,753,753,753,753,753,753,
size:19
[agent] id:11
path:929,930,898,866,867,835,803,771,739,707,708,676,644,612,613,614,582,550,518,486,454,422,390,358,326,294,262,230,229,197,165,133,101,69,37,37,37,37,37,37,37,37,
goal:37,37,37,37,37,37,37,37,37,37,37,37,37,37,37,37,37,37,37,37,37,37,37,37,37,37,37,37,37,37,37,37,37,37,37,37,37,37,37,37,37,37,
size:34
[agent] id:12
path:711,679,647,615,583,551,519,520,521,489,457,458,426,394,395,396,364,332,300,268,269,270,271,239,240,241,209,210,211,212,213,181,182,150,151,119,87,87,87,87,87,87,
goal:87,87,87,87,87,87,87,87,87,87,87,87,87,87,87,87,87,87,87,87,87,87,87,87,87,87,87,87,87,87,87,87,87,87,87,87,87,87,87,87,87,87,
size:36
[agent] id:13
path:218,217,216,248,280,312,344,376,408,409,441,473,472,504,536,537,569,570,602,634,635,667,699,700,701,733,765,765,765,765,765,765,765,765,765,765,765,765,765,765,765,765,
goal:765,765,765,765,765,765,765,765,765,765,765,765,765,765,765,765,765,765,765,765,765,765,765,765,765,765,765,765,765,765,765,765,765,765,765,765,765,765,765,765,765,765,
size:26
[agent] id:14
path:860,859,858,857,825,824,823,822,821,853,852,851,850,849,848,847,846,845,844,812,811,810,809,808,807,806,805,804,803,771,771,771,771,771,771,771,771,771,771,771,771,771,
goal:771,771,771,771,771,771,771,771,771,771,771,771,771,771,771,771,771,771,771,771,771,771,771,771,771,771,771,771,771,771,771,771,771,771,771,771,771,771,771,771,771,771,
size:29
[agent] id:15
path:413,412,380,379,378,410,442,474,473,472,504,536,535,567,599,631,663,695,727,759,791,823,855,887,886,885,884,883,915,914,946,945,944,943,942,974,974,974,974,974,974,974,
goal:974,974,974,974,974,974,974,974,974,974,974,974,974,974,974,974,974,974,974,974,974,974,974,974,974,974,974,974,974,974,974,974,974,974,974,974,974,974,974,974,974,974,
size:35
[agent] id:16
path:513,514,482,450,418,419,420,421,389,390,391,392,393,393,394,395,396,364,332,300,268,236,204,172,173,174,142,110,78,79,80,48,49,17,18,19,20,21,22,23,24,24,
goal:24,24,24,24,24,24,24,24,24,24,24,24,24,24,24,24,24,24,24,24,24,24,24,24,24,24,24,24,24,24,24,24,24,24,24,24,24,24,24,24,24,24,
size:40
[agent] id:17
path:134,166,167,199,200,201,233,234,235,236,268,300,332,364,396,428,460,461,493,525,557,589,621,653,685,717,749,749,749,749,749,749,749,749,749,749,749,749,749,749,749,749,
goal:749,749,749,749,749,749,749,749,749,749,749,749,749,749,749,749,749,749,749,749,749,749,749,749,749,749,749,749,749,749,749,749,749,749,749,749,749,749,749,749,749,749,
size:26
[agent] id:18
path:326,358,390,422,454,486,518,550,582,614,646,678,710,742,774,806,838,870,902,934,935,936,937,937,937,937,937,937,937,937,937,937,937,937,937,937,937,937,937,937,937,937,
goal:937,937,937,937,937,937,937,937,937,937,937,937,937,937,937,937,937,937,937,937,937,937,937,937,937,937,937,937,937,937,937,937,937,937,937,937,937,937,937,937,937,937,
size:22
[agent] id:19
path:221,189,188,187,219,218,217,216,215,214,213,212,211,243,242,241,240,239,207,206,174,173,172,140,139,107,75,74,42,41,40,39,38,38,38,38,38,38,38,38,38,38,
goal:38,38,38,38,38,38,38,38,38,38,38,38,38,38,38,38,38,38,38,38,38,38,38,38,38,38,38,38,38,38,38,38,38,38,38,38,38,38,38,38,38,38,
size:32
[agent] id:20
path:273,241,240,239,207,206,205,204,203,202,201,200,168,167,199,199,167,199,231,231,231,231,231,231,231,231,231,231,231,231,231,231,231,231,231,231,231,231,231,231,231,231,
goal:231,231,231,231,231,231,231,231,231,231,231,231,231,231,231,231,231,231,231,231,231,231,231,231,231,231,231,231,231,231,231,231,231,231,231,231,231,231,231,231,231,231,
size:18
[agent] id:21
path:11,12,44,45,77,78,110,142,174,206,207,239,271,303,304,336,368,400,432,464,465,497,529,561,593,594,626,658,690,722,754,786,818,850,882,883,884,885,886,918,919,920,
goal:920,920,920,920,920,920,920,920,920,920,920,920,920,920,920,920,920,920,920,920,920,920,920,920,920,920,920,920,920,920,920,920,920,920,920,920,920,920,920,920,920,920,
size:41
[agent] id:22
path:323,355,356,357,389,421,453,485,485,485,485,485,485,485,485,485,485,485,485,485,485,485,485,485,485,485,485,485,485,485,485,485,485,485,485,485,485,485,485,485,485,485,
goal:485,485,485,485,485,485,485,485,485,485,485,485,485,485,485,485,485,485,485,485,485,485,485,485,485,485,485,485,485,485,485,485,485,485,485,485,485,485,485,485,485,485,
size:7
[agent] id:23
path:798,766,734,702,701,700,699,698,697,696,664,663,662,661,660,659,658,657,656,655,654,653,652,651,650,649,648,647,646,645,644,643,642,642,642,642,642,642,642,642,642,642,
goal:642,642,642,642,642,642,642,642,642,642,642,642,642,642,642,642,642,642,642,642,642,642,642,642,642,642,642,642,642,642,642,642,642,642,642,642,642,642,642,642,642,642,
size:32
[agent] id:24
path:984,952,920,888,887,855,855,823,791,759,727,695,663,631,630,598,566,534,535,503,504,472,473,441,409,377,378,379,347,315,315,315,315,315,315,315,315,315,315,315,315,315,
goal:315,315,315,315,315,315,315,315,315,315,315,315,315,315,315,315,315,315,315,315,315,315,315,315,315,315,315,315,315,315,315,315,315,315,315,315,315,315,315,315,315,315,
size:29
[agent] id:25
path:785,753,721,689,657,658,626,594,562,530,498,466,434,402,401,369,337,305,273,241,240,239,207,206,205,173,172,140,139,107,106,106,106,106,106,106,106,106,106,106,106,106,
goal:106,106,106,106,106,106,106,106,106,106,106,106,106,106,106,106,106,106,106,106,106,106,106,106,106,106,106,106,106,106,106,106,106,106,106,106,106,106,106,106,106,106,
size:30
[agent] id:26
path:385,353,354,322,290,258,259,227,228,229,230,231,199,200,200,200,200,200,200,200,200,200,200,200,200,200,200,200,200,200,200,200,200,200,200,200,200,200,200,200,200,200,
goal:200,200,200,200,200,200,200,200,200,200,200,200,200,200,200,200,200,200,200,200,200,200,200,200,200,200,200,200,200,200,200,200,200,200,200,200,200,200,200,200,200,200,
size:13
[agent] id:27
path:75,107,139,171,203,235,236,268,300,332,364,396,428,460,461,493,525,557,589,621,653,685,717,749,781,782,814,846,847,848,816,816,816,816,816,816,816,816,816,816,816,816,
goal:816,816,816,816,816,816,816,816,816,816,816,816,816,816,816,816,816,816,816,816,816,816,816,816,816,816,816,816,816,816,816,816,816,816,816,816,816,816,816,816,816,816,
size:30
[agent] id:28
path:500,468,436,435,403,402,401,369,337,305,273,241,209,177,145,113,81,80,79,78,77,77,77,77,77,77,77,77,77,77,77,77,77,77,77,77,77,77,77,77,77,77,
goal:77,77,77,77,77,77,77,77,77,77,77,77,77,77,77,77,77,77,77,77,77,77,77,77,77,77,77,77,77,77,77,77,77,77,77,77,77,77,77,77,77,77,
size:20
[agent] id:29
path:641,642,643,644,645,646,647,648,649,650,651,652,653,685,686,687,688,720,721,722,723,724,725,757,758,759,791,792,793,825,857,858,859,860,892,893,894,895,895,895,895,895,
goal:895,895,895,895,895,895,895,895,895,895,895,895,895,895,895,895,895,895,895,895,895,895,895,895,895,895,895,895,895,895,895,895,895,895,895,895,895,895,895,895,895,895,
size:37
SolutionCost:797
