[setting] seed:8382
[solver] type:SASB-ECBS
[solver] w:2.000000
[solver] ID:0
[solver] Lowlevelnode:6240
[solver] Highlevelnode:25
[solver] ConflictCount:13
[solver] solved:1
[solver] elapsed:48
[solver] makespan:50
[problem] timesteplimit:15000
[problem] type:MAPF
[problem] agentnum:30
[graph] width:32
[graph] height:32
[graph] filename:./map/32by32_agents10_ex30.map
[task] id:26,start:0,end:0,service time:0,nodes:944,
[task] id:11,start:0,end:0,service time:0,nodes:574,
[task] id:12,start:0,end:0,service time:0,nodes:82,
[task] id:29,start:0,end:0,service time:0,nodes:985,
[task] id:8,start:0,end:0,service time:0,nodes:991,
[task] id:15,start:0,end:0,service time:0,nodes:424,
[task] id:20,start:0,end:0,service time:0,nodes:527,
[task] id:24,start:0,end:0,service time:0,nodes:143,
[task] id:4,start:0,end:0,service time:0,nodes:945,
[task] id:0,start:0,end:0,service time:0,nodes:437,
[task] id:19,start:0,end:0,service time:0,nodes:459,
[task] id:5,start:0,end:0,service time:0,nodes:130,
[task] id:22,start:0,end:0,service time:0,nodes:864,
[task] id:1,start:0,end:0,service time:0,nodes:79,
[task] id:21,start:0,end:0,service time:0,nodes:730,
[task] id:6,start:0,end:0,service time:0,nodes:51,
[task] id:2,start:0,end:0,service time:0,nodes:845,
[task] id:27,start:0,end:0,service time:0,nodes:559,
[task] id:25,start:0,end:0,service time:0,nodes:515,
[task] id:3,start:0,end:0,service time:0,nodes:934,
[task] id:23,start:0,end:0,service time:0,nodes:12,
[task] id:13,start:0,end:0,service time:0,nodes:26,
[task] id:17,start:0,end:0,service time:0,nodes:68,
[task] id:7,start:0,end:0,service time:0,nodes:191,
[task] id:18,start:0,end:0,service time:0,nodes:304,
[task] id:10,start:0,end:0,service time:0,nodes:419,
[task] id:16,start:0,end:0,service time:0,nodes:1007,
[task] id:28,start:0,end:0,service time:0,nodes:406,
[task] id:9,start:0,end:0,service time:0,nodes:883,
[task] id:14,start:0,end:0,service time:0,nodes:190,
[agent] id:0
path:489,457,458,459,460,461,493,525,526,527,528,529,530,498,466,434,435,436,437,437,437,437,437,437,437,437,437,437,437,437,437,437,437,437,437,437,437,437,437,437,437,437,437,437,437,437,437,437,437,437,437,
goal:437,437,437,437,437,437,437,437,437,437,437,437,437,437,437,437,437,437,437,437,437,437,437,437,437,437,437,437,437,437,437,437,437,437,437,437,437,437,437,437,437,437,437,437,437,437,437,437,437,437,437,
size:18
[agent] id:1
path:490,458,426,394,395,396,364,332,300,301,269,270,271,239,207,206,174,142,110,78,79,79,79,79,79,79,79,79,79,79,79,79,79,79,79,79,79,79,79,79,79,79,79,79,79,79,79,79,79,79,79,
goal:79,79,79,79,79,79,79,79,79,79,79,79,79,79,79,79,79,79,79,79,79,79,79,79,79,79,79,79,79,79,79,79,79,79,79,79,79,79,79,79,79,79,79,79,79,79,79,79,79,79,79,
size:20
[agent] id:2
path:1023,991,990,989,988,987,986,985,953,921,920,888,887,855,854,853,852,851,850,849,848,847,846,845,845,845,845,845,845,845,845,845,845,845,845,845,845,845,845,845,845,845,845,845,845,845,845,845,845,845,845,
goal:845,845,845,845,845,845,845,845,845,845,845,845,845,845,845,845,845,845,845,845,845,845,845,845,845,845,845,845,845,845,845,845,845,845,845,845,845,845,845,845,845,845,845,845,845,845,845,845,845,845,845,
size:23
[agent] id:3
path:859,858,857,825,824,823,855,887,886,885,884,883,915,914,913,912,911,943,942,941,940,939,938,937,936,935,934,934,934,934,934,934,934,934,934,934,934,934,934,934,934,934,934,934,934,934,934,934,934,934,934,
goal:934,934,934,934,934,934,934,934,934,934,934,934,934,934,934,934,934,934,934,934,934,934,934,934,934,934,934,934,934,934,934,934,934,934,934,934,934,934,934,934,934,934,934,934,934,934,934,934,934,934,934,
size:26
[agent] id:4
path:527,559,591,623,655,687,688,720,752,753,785,786,818,850,882,914,946,945,945,945,945,945,945,945,945,945,945,945,945,945,945,945,945,945,945,945,945,945,945,945,945,945,945,945,945,945,945,945,945,945,945,
goal:945,945,945,945,945,945,945,945,945,945,945,945,945,945,945,945,945,945,945,945,945,945,945,945,945,945,945,945,945,945,945,945,945,945,945,945,945,945,945,945,945,945,945,945,945,945,945,945,945,945,945,
size:17
[agent] id:5
path:7,39,71,103,135,134,133,165,197,196,228,227,259,258,257,225,193,161,162,130,130,130,130,130,130,130,130,130,130,130,130,130,130,130,130,130,130,130,130,130,130,130,130,130,130,130,130,130,130,130,130,
goal:130,130,130,130,130,130,130,130,130,130,130,130,130,130,130,130,130,130,130,130,130,130,130,130,130,130,130,130,130,130,130,130,130,130,130,130,130,130,130,130,130,130,130,130,130,130,130,130,130,130,130,
size:19
[agent] id:6
path:197,165,166,167,199,200,201,202,203,171,172,173,174,142,110,111,112,80,48,49,50,51,51,51,51,51,51,51,51,51,51,51,51,51,51,51,51,51,51,51,51,51,51,51,51,51,51,51,51,51,51,
goal:51,51,51,51,51,51,51,51,51,51,51,51,51,51,51,51,51,51,51,51,51,51,51,51,51,51,51,51,51,51,51,51,51,51,51,51,51,51,51,51,51,51,51,51,51,51,51,51,51,51,51,
size:21
[agent] id:7
path:819,851,852,853,821,822,823,791,759,727,695,663,631,599,567,535,503,504,472,473,441,409,377,378,379,347,315,316,317,285,286,287,255,223,191,191,191,191,191,191,191,191,191,191,191,191,191,191,191,191,191,
goal:191,191,191,191,191,191,191,191,191,191,191,191,191,191,191,191,191,191,191,191,191,191,191,191,191,191,191,191,191,191,191,191,191,191,191,191,191,191,191,191,191,191,191,191,191,191,191,191,191,191,191,
size:34
[agent] id:8
path:575,607,639,671,703,735,734,766,798,830,831,863,895,927,959,991,991,991,991,991,991,991,991,991,991,991,991,991,991,991,991,991,991,991,991,991,991,991,991,991,991,991,991,991,991,991,991,991,991,991,991,
goal:991,991,991,991,991,991,991,991,991,991,991,991,991,991,991,991,991,991,991,991,991,991,991,991,991,991,991,991,991,991,991,991,991,991,991,991,991,991,991,991,991,991,991,991,991,991,991,991,991,991,991,
size:15
[agent] id:9
path:101,133,134,166,167,199,200,201,233,234,235,236,268,300,301,302,334,366,367,399,431,463,464,465,497,529,561,593,594,626,658,690,722,754,786,818,850,882,883,883,883,883,883,883,883,883,883,883,883,883,883,
goal:883,883,883,883,883,883,883,883,883,883,883,883,883,883,883,883,883,883,883,883,883,883,883,883,883,883,883,883,883,883,883,883,883,883,883,883,883,883,883,883,883,883,883,883,883,883,883,883,883,883,883,
size:38
[agent] id:10
path:795,794,762,730,698,697,696,664,663,662,661,660,659,658,657,656,655,654,653,652,651,619,618,617,616,584,552,520,519,487,486,454,422,421,420,419,419,419,419,419,419,419,419,419,419,419,419,419,419,419,419,
goal:419,419,419,419,419,419,419,419,419,419,419,419,419,419,419,419,419,419,419,419,419,419,419,419,419,419,419,419,419,419,419,419,419,419,419,419,419,419,419,419,419,419,419,419,419,419,419,419,419,419,419,
size:35
[agent] id:11
path:473,472,504,536,537,569,570,571,603,604,605,573,574,574,574,574,574,574,574,574,574,574,574,574,574,574,574,574,574,574,574,574,574,574,574,574,574,574,574,574,574,574,574,574,574,574,574,574,574,574,574,
goal:574,574,574,574,574,574,574,574,574,574,574,574,574,574,574,574,574,574,574,574,574,574,574,574,574,574,574,574,574,574,574,574,574,574,574,574,574,574,574,574,574,574,574,574,574,574,574,574,574,574,574,
size:12
[agent] id:12
path:400,368,336,304,305,273,274,242,210,178,146,114,114,82,82,82,82,82,82,82,82,82,82,82,82,82,82,82,82,82,82,82,82,82,82,82,82,82,82,82,82,82,82,82,82,82,82,82,82,82,82,
goal:82,82,82,82,82,82,82,82,82,82,82,82,82,82,82,82,82,82,82,82,82,82,82,82,82,82,82,82,82,82,82,82,82,82,82,82,82,82,82,82,82,82,82,82,82,82,82,82,82,82,82,
size:13
[agent] id:13
path:65,66,67,35,36,37,38,39,7,8,9,10,11,12,13,45,77,78,79,80,48,49,17,18,19,20,21,22,23,24,25,26,26,26,26,26,26,26,26,26,26,26,26,26,26,26,26,26,26,26,26,
goal:26,26,26,26,26,26,26,26,26,26,26,26,26,26,26,26,26,26,26,26,26,26,26,26,26,26,26,26,26,26,26,26,26,26,26,26,26,26,26,26,26,26,26,26,26,26,26,26,26,26,26,
size:31
[agent] id:14
path:899,867,835,803,771,739,707,708,676,644,612,613,614,582,550,518,486,454,422,390,391,392,393,394,395,396,364,332,300,268,269,270,271,239,240,241,209,210,211,212,213,181,182,183,184,185,186,187,188,189,190,
goal:190,190,190,190,190,190,190,190,190,190,190,190,190,190,190,190,190,190,190,190,190,190,190,190,190,190,190,190,190,190,190,190,190,190,190,190,190,190,190,190,190,190,190,190,190,190,190,190,190,190,190,
size:50
[agent] id:15
path:499,498,497,529,528,527,526,494,493,461,460,459,458,457,456,424,424,424,424,424,424,424,424,424,424,424,424,424,424,424,424,424,424,424,424,424,424,424,424,424,424,424,424,424,424,424,424,424,424,424,424,
goal:424,424,424,424,424,424,424,424,424,424,424,424,424,424,424,424,424,424,424,424,424,424,424,424,424,424,424,424,424,424,424,424,424,424,424,424,424,424,424,424,424,424,424,424,424,424,424,424,424,424,424,
size:15
[agent] id:16
path:81,113,145,177,209,241,273,305,337,369,401,433,465,497,529,561,593,592,591,623,655,687,686,718,750,782,814,846,878,879,911,943,942,974,1006,1007,1007,1007,1007,1007,1007,1007,1007,1007,1007,1007,1007,1007,1007,1007,1007,
goal:1007,1007,1007,1007,1007,1007,1007,1007,1007,1007,1007,1007,1007,1007,1007,1007,1007,1007,1007,1007,1007,1007,1007,1007,1007,1007,1007,1007,1007,1007,1007,1007,1007,1007,1007,1007,1007,1007,1007,1007,1007,1007,1007,1007,1007,1007,1007,1007,1007,1007,1007,
size:35
[agent] id:17
path:92,91,90,58,57,56,55,54,53,52,84,83,82,81,80,79,78,110,78,77,45,13,12,11,10,42,74,73,72,71,70,69,68,68,68,68,68,68,68,68,68,68,68,68,68,68,68,68,68,68,68,
goal:68,68,68,68,68,68,68,68,68,68,68,68,68,68,68,68,68,68,68,68,68,68,68,68,68,68,68,68,68,68,68,68,68,68,68,68,68,68,68,68,68,68,68,68,68,68,68,68,68,68,68,
size:32
[agent] id:18
path:1020,988,956,924,892,860,859,858,857,825,793,792,760,728,696,664,632,600,599,567,535,534,533,501,469,468,436,435,403,402,401,369,337,305,304,304,304,304,304,304,304,304,304,304,304,304,304,304,304,304,304,
goal:304,304,304,304,304,304,304,304,304,304,304,304,304,304,304,304,304,304,304,304,304,304,304,304,304,304,304,304,304,304,304,304,304,304,304,304,304,304,304,304,304,304,304,304,304,304,304,304,304,304,304,
size:34
[agent] id:19
path:876,844,812,811,779,747,715,683,651,619,620,621,589,557,525,493,461,460,459,459,459,459,459,459,459,459,459,459,459,459,459,459,459,459,459,459,459,459,459,459,459,459,459,459,459,459,459,459,459,459,459,
goal:459,459,459,459,459,459,459,459,459,459,459,459,459,459,459,459,459,459,459,459,459,459,459,459,459,459,459,459,459,459,459,459,459,459,459,459,459,459,459,459,459,459,459,459,459,459,459,459,459,459,459,
size:18
[agent] id:20
path:212,211,243,242,274,306,305,337,369,401,433,465,497,529,528,527,527,527,527,527,527,527,527,527,527,527,527,527,527,527,527,527,527,527,527,527,527,527,527,527,527,527,527,527,527,527,527,527,527,527,527,
goal:527,527,527,527,527,527,527,527,527,527,527,527,527,527,527,527,527,527,527,527,527,527,527,527,527,527,527,527,527,527,527,527,527,527,527,527,527,527,527,527,527,527,527,527,527,527,527,527,527,527,527,
size:15
[agent] id:21
path:908,876,844,845,846,847,848,849,850,818,786,754,722,723,724,725,726,727,728,729,730,730,730,730,730,730,730,730,730,730,730,730,730,730,730,730,730,730,730,730,730,730,730,730,730,730,730,730,730,730,730,
goal:730,730,730,730,730,730,730,730,730,730,730,730,730,730,730,730,730,730,730,730,730,730,730,730,730,730,730,730,730,730,730,730,730,730,730,730,730,730,730,730,730,730,730,730,730,730,730,730,730,730,730,
size:20
[agent] id:22
path:972,971,970,969,969,969,937,936,935,967,966,965,964,963,931,930,929,928,896,864,864,864,864,864,864,864,864,864,864,864,864,864,864,864,864,864,864,864,864,864,864,864,864,864,864,864,864,864,864,864,864,
goal:864,864,864,864,864,864,864,864,864,864,864,864,864,864,864,864,864,864,864,864,864,864,864,864,864,864,864,864,864,864,864,864,864,864,864,864,864,864,864,864,864,864,864,864,864,864,864,864,864,864,864,
size:19
[agent] id:23
path:569,537,536,535,534,533,501,469,437,405,373,341,309,277,245,213,212,211,210,178,146,114,113,112,111,110,78,77,45,13,12,12,12,12,12,12,12,12,12,12,12,12,12,12,12,12,12,12,12,12,12,
goal:12,12,12,12,12,12,12,12,12,12,12,12,12,12,12,12,12,12,12,12,12,12,12,12,12,12,12,12,12,12,12,12,12,12,12,12,12,12,12,12,12,12,12,12,12,12,12,12,12,12,12,
size:30
[agent] id:24
path:121,153,152,151,150,182,181,213,212,211,210,178,146,145,144,143,143,143,143,143,143,143,143,143,143,143,143,143,143,143,143,143,143,143,143,143,143,143,143,143,143,143,143,143,143,143,143,143,143,143,143,
goal:143,143,143,143,143,143,143,143,143,143,143,143,143,143,143,143,143,143,143,143,143,143,143,143,143,143,143,143,143,143,143,143,143,143,143,143,143,143,143,143,143,143,143,143,143,143,143,143,143,143,143,
size:15
[agent] id:25
path:111,143,142,174,206,205,204,236,268,300,332,364,396,428,460,459,458,490,522,521,520,519,518,517,516,515,515,515,515,515,515,515,515,515,515,515,515,515,515,515,515,515,515,515,515,515,515,515,515,515,515,
goal:515,515,515,515,515,515,515,515,515,515,515,515,515,515,515,515,515,515,515,515,515,515,515,515,515,515,515,515,515,515,515,515,515,515,515,515,515,515,515,515,515,515,515,515,515,515,515,515,515,515,515,
size:25
[agent] id:26
path:902,934,935,936,937,938,939,940,941,942,943,944,944,944,944,944,944,944,944,944,944,944,944,944,944,944,944,944,944,944,944,944,944,944,944,944,944,944,944,944,944,944,944,944,944,944,944,944,944,944,944,
goal:944,944,944,944,944,944,944,944,944,944,944,944,944,944,944,944,944,944,944,944,944,944,944,944,944,944,944,944,944,944,944,944,944,944,944,944,944,944,944,944,944,944,944,944,944,944,944,944,944,944,944,
size:11
[agent] id:27
path:256,288,320,352,384,416,448,480,512,513,514,515,547,548,549,550,551,552,553,554,555,556,557,558,559,559,559,559,559,559,559,559,559,559,559,559,559,559,559,559,559,559,559,559,559,559,559,559,559,559,559,
goal:559,559,559,559,559,559,559,559,559,559,559,559,559,559,559,559,559,559,559,559,559,559,559,559,559,559,559,559,559,559,559,559,559,559,559,559,559,559,559,559,559,559,559,559,559,559,559,559,559,559,559,
size:24
[agent] id:28
path:931,899,867,835,803,771,739,707,708,676,644,612,613,614,615,616,617,618,619,620,621,589,590,591,592,560,528,529,497,465,466,467,468,469,470,438,406,406,406,406,406,406,406,406,406,406,406,406,406,406,406,
goal:406,406,406,406,406,406,406,406,406,406,406,406,406,406,406,406,406,406,406,406,406,406,406,406,406,406,406,406,406,406,406,406,406,406,406,406,406,406,406,406,406,406,406,406,406,406,406,406,406,406,406,
size:36
[agent] id:29
path:848,880,881,882,883,884,885,886,918,950,982,983,984,985,985,985,985,985,985,985,985,985,985,985,985,985,985,985,985,985,985,985,985,985,985,985,985,985,985,985,985,985,985,985,985,985,985,985,985,985,985,
goal:985,985,985,985,985,985,985,985,985,985,985,985,985,985,985,985,985,985,985,985,985,985,985,985,985,985,985,985,985,985,985,985,985,985,985,985,985,985,985,985,985,985,985,985,985,985,985,985,985,985,985,
size:13
SolutionCost:714
