[setting] seed:8994
[solver] type:SASB-ECBS
[solver] w:2.000000
[solver] ID:0
[solver] Lowlevelnode:3937
[solver] Highlevelnode:25
[solver] ConflictCount:13
[solver] solved:1
[solver] elapsed:30
[solver] makespan:49
[problem] timesteplimit:15000
[problem] type:MAPF
[problem] agentnum:30
[graph] width:32
[graph] height:32
[graph] filename:./map/32by32_agents10_ex30.map
[task] id:3,start:0,end:0,service time:0,nodes:773,
[task] id:28,start:0,end:0,service time:0,nodes:972,
[task] id:2,start:0,end:0,service time:0,nodes:984,
[task] id:5,start:0,end:0,service time:0,nodes:816,
[task] id:12,start:0,end:0,service time:0,nodes:451,
[task] id:7,start:0,end:0,service time:0,nodes:554,
[task] id:1,start:0,end:0,service time:0,nodes:943,
[task] id:6,start:0,end:0,service time:0,nodes:945,
[task] id:0,start:0,end:0,service time:0,nodes:653,
[task] id:25,start:0,end:0,service time:0,nodes:1004,
[task] id:19,start:0,end:0,service time:0,nodes:503,
[task] id:10,start:0,end:0,service time:0,nodes:156,
[task] id:23,start:0,end:0,service time:0,nodes:301,
[task] id:26,start:0,end:0,service time:0,nodes:2,
[task] id:9,start:0,end:0,service time:0,nodes:901,
[task] id:17,start:0,end:0,service time:0,nodes:940,
[task] id:24,start:0,end:0,service time:0,nodes:297,
[task] id:4,start:0,end:0,service time:0,nodes:292,
[task] id:11,start:0,end:0,service time:0,nodes:470,
[task] id:22,start:0,end:0,service time:0,nodes:969,
[task] id:27,start:0,end:0,service time:0,nodes:882,
[task] id:16,start:0,end:0,service time:0,nodes:535,
[task] id:8,start:0,end:0,service time:0,nodes:142,
[task] id:18,start:0,end:0,service time:0,nodes:178,
[task] id:21,start:0,end:0,service time:0,nodes:78,
[task] id:29,start:0,end:0,service time:0,nodes:166,
[task] id:15,start:0,end:0,service time:0,nodes:864,
[task] id:14,start:0,end:0,service time:0,nodes:64,
[task] id:13,start:0,end:0,service time:0,nodes:514,
[task] id:20,start:0,end:0,service time:0,nodes:92,
[agent] id:0
path:569,537,536,535,567,599,631,663,662,661,660,659,658,657,656,655,654,653,653,653,653,653,653,653,653,653,653,653,653,653,653,653,653,653,653,653,653,653,653,653,653,653,653,653,653,653,653,653,653,653,
goal:653,653,653,653,653,653,653,653,653,653,653,653,653,653,653,653,653,653,653,653,653,653,653,653,653,653,653,653,653,653,653,653,653,653,653,653,653,653,653,653,653,653,653,653,653,653,653,653,653,653,
size:17
[agent] id:1
path:726,725,724,723,755,754,786,818,850,882,914,946,945,944,943,943,943,943,943,943,943,943,943,943,943,943,943,943,943,943,943,943,943,943,943,943,943,943,943,943,943,943,943,943,943,943,943,943,943,943,
goal:943,943,943,943,943,943,943,943,943,943,943,943,943,943,943,943,943,943,943,943,943,943,943,943,943,943,943,943,943,943,943,943,943,943,943,943,943,943,943,943,943,943,943,943,943,943,943,943,943,943,
size:14
[agent] id:2
path:662,663,695,727,759,791,823,855,887,919,920,952,984,984,984,984,984,984,984,984,984,984,984,984,984,984,984,984,984,984,984,984,984,984,984,984,984,984,984,984,984,984,984,984,984,984,984,984,984,984,
goal:984,984,984,984,984,984,984,984,984,984,984,984,984,984,984,984,984,984,984,984,984,984,984,984,984,984,984,984,984,984,984,984,984,984,984,984,984,984,984,984,984,984,984,984,984,984,984,984,984,984,
size:12
[agent] id:3
path:745,744,776,775,774,773,773,773,773,773,773,773,773,773,773,773,773,773,773,773,773,773,773,773,773,773,773,773,773,773,773,773,773,773,773,773,773,773,773,773,773,773,773,773,773,773,773,773,773,773,
goal:773,773,773,773,773,773,773,773,773,773,773,773,773,773,773,773,773,773,773,773,773,773,773,773,773,773,773,773,773,773,773,773,773,773,773,773,773,773,773,773,773,773,773,773,773,773,773,773,773,773,
size:5
[agent] id:4
path:900,901,869,837,805,806,774,742,710,678,646,614,582,550,518,486,454,453,421,389,357,358,326,294,293,292,292,292,292,292,292,292,292,292,292,292,292,292,292,292,292,292,292,292,292,292,292,292,292,292,
goal:292,292,292,292,292,292,292,292,292,292,292,292,292,292,292,292,292,292,292,292,292,292,292,292,292,292,292,292,292,292,292,292,292,292,292,292,292,292,292,292,292,292,292,292,292,292,292,292,292,292,
size:25
[agent] id:5
path:558,590,622,654,686,718,750,782,814,846,847,848,816,816,816,816,816,816,816,816,816,816,816,816,816,816,816,816,816,816,816,816,816,816,816,816,816,816,816,816,816,816,816,816,816,816,816,816,816,816,
goal:816,816,816,816,816,816,816,816,816,816,816,816,816,816,816,816,816,816,816,816,816,816,816,816,816,816,816,816,816,816,816,816,816,816,816,816,816,816,816,816,816,816,816,816,816,816,816,816,816,816,
size:12
[agent] id:6
path:714,715,747,779,811,843,875,876,877,878,879,911,912,913,945,945,945,945,945,945,945,945,945,945,945,945,945,945,945,945,945,945,945,945,945,945,945,945,945,945,945,945,945,945,945,945,945,945,945,945,
goal:945,945,945,945,945,945,945,945,945,945,945,945,945,945,945,945,945,945,945,945,945,945,945,945,945,945,945,945,945,945,945,945,945,945,945,945,945,945,945,945,945,945,945,945,945,945,945,945,945,945,
size:14
[agent] id:7
path:840,841,809,808,776,744,712,680,648,616,584,552,553,554,554,554,554,554,554,554,554,554,554,554,554,554,554,554,554,554,554,554,554,554,554,554,554,554,554,554,554,554,554,554,554,554,554,554,554,554,
goal:554,554,554,554,554,554,554,554,554,554,554,554,554,554,554,554,554,554,554,554,554,554,554,554,554,554,554,554,554,554,554,554,554,554,554,554,554,554,554,554,554,554,554,554,554,554,554,554,554,554,
size:13
[agent] id:8
path:729,697,696,664,632,600,599,567,535,534,533,501,469,437,405,373,341,309,277,245,213,212,211,210,178,146,145,144,143,142,142,142,142,142,142,142,142,142,142,142,142,142,142,142,142,142,142,142,142,142,
goal:142,142,142,142,142,142,142,142,142,142,142,142,142,142,142,142,142,142,142,142,142,142,142,142,142,142,142,142,142,142,142,142,142,142,142,142,142,142,142,142,142,142,142,142,142,142,142,142,142,142,
size:29
[agent] id:9
path:627,659,658,690,689,688,687,686,718,750,782,814,846,845,844,843,842,841,840,872,871,870,902,901,901,901,901,901,901,901,901,901,901,901,901,901,901,901,901,901,901,901,901,901,901,901,901,901,901,901,
goal:901,901,901,901,901,901,901,901,901,901,901,901,901,901,901,901,901,901,901,901,901,901,901,901,901,901,901,901,901,901,901,901,901,901,901,901,901,901,901,901,901,901,901,901,901,901,901,901,901,901,
size:23
[agent] id:10
path:302,270,271,239,240,241,209,210,211,212,213,181,182,183,184,185,186,187,155,156,156,156,156,156,156,156,156,156,156,156,156,156,156,156,156,156,156,156,156,156,156,156,156,156,156,156,156,156,156,156,
goal:156,156,156,156,156,156,156,156,156,156,156,156,156,156,156,156,156,156,156,156,156,156,156,156,156,156,156,156,156,156,156,156,156,156,156,156,156,156,156,156,156,156,156,156,156,156,156,156,156,156,
size:19
[agent] id:11
path:958,926,894,893,861,860,859,858,857,825,793,792,760,728,696,664,632,600,599,567,535,534,533,501,469,470,470,470,470,470,470,470,470,470,470,470,470,470,470,470,470,470,470,470,470,470,470,470,470,470,
goal:470,470,470,470,470,470,470,470,470,470,470,470,470,470,470,470,470,470,470,470,470,470,470,470,470,470,470,470,470,470,470,470,470,470,470,470,470,470,470,470,470,470,470,470,470,470,470,470,470,470,
size:25
[agent] id:12
path:773,741,709,677,645,613,612,611,579,547,515,483,451,451,451,451,451,451,451,451,451,451,451,451,451,451,451,451,451,451,451,451,451,451,451,451,451,451,451,451,451,451,451,451,451,451,451,451,451,451,
goal:451,451,451,451,451,451,451,451,451,451,451,451,451,451,451,451,451,451,451,451,451,451,451,451,451,451,451,451,451,451,451,451,451,451,451,451,451,451,451,451,451,451,451,451,451,451,451,451,451,451,
size:12
[agent] id:13
path:92,91,123,155,187,219,218,217,216,215,214,213,212,211,243,242,241,240,239,207,206,205,204,203,202,201,200,199,231,263,262,294,326,358,390,422,454,486,518,517,516,515,514,514,514,514,514,514,514,514,
goal:514,514,514,514,514,514,514,514,514,514,514,514,514,514,514,514,514,514,514,514,514,514,514,514,514,514,514,514,514,514,514,514,514,514,514,514,514,514,514,514,514,514,514,514,514,514,514,514,514,514,
size:42
[agent] id:14
path:663,631,599,567,566,534,533,501,469,437,405,373,341,309,308,307,306,274,242,241,240,239,207,206,205,204,172,140,139,107,75,74,73,72,71,70,69,68,67,66,65,64,64,64,64,64,64,64,64,64,
goal:64,64,64,64,64,64,64,64,64,64,64,64,64,64,64,64,64,64,64,64,64,64,64,64,64,64,64,64,64,64,64,64,64,64,64,64,64,64,64,64,64,64,64,64,64,64,64,64,64,64,
size:41
[agent] id:15
path:9,41,73,105,137,169,201,200,199,231,263,262,294,326,358,390,422,454,486,518,550,582,614,646,678,710,742,774,806,838,837,836,835,867,866,898,930,929,928,896,864,864,864,864,864,864,864,864,864,864,
goal:864,864,864,864,864,864,864,864,864,864,864,864,864,864,864,864,864,864,864,864,864,864,864,864,864,864,864,864,864,864,864,864,864,864,864,864,864,864,864,864,864,864,864,864,864,864,864,864,864,864,
size:40
[agent] id:16
path:969,937,938,906,874,842,810,778,779,747,715,683,651,619,620,621,589,557,558,559,560,561,562,563,564,565,533,534,535,535,535,535,535,535,535,535,535,535,535,535,535,535,535,535,535,535,535,535,535,535,
goal:535,535,535,535,535,535,535,535,535,535,535,535,535,535,535,535,535,535,535,535,535,535,535,535,535,535,535,535,535,535,535,535,535,535,535,535,535,535,535,535,535,535,535,535,535,535,535,535,535,535,
size:28
[agent] id:17
path:403,435,467,499,531,530,529,561,593,592,591,623,655,687,686,718,750,782,814,846,878,877,909,941,940,940,940,940,940,940,940,940,940,940,940,940,940,940,940,940,940,940,940,940,940,940,940,940,940,940,
goal:940,940,940,940,940,940,940,940,940,940,940,940,940,940,940,940,940,940,940,940,940,940,940,940,940,940,940,940,940,940,940,940,940,940,940,940,940,940,940,940,940,940,940,940,940,940,940,940,940,940,
size:24
[agent] id:18
path:610,578,579,547,515,483,451,419,420,421,389,390,391,392,393,394,395,396,364,332,300,268,269,270,271,239,240,241,209,177,178,178,178,178,178,178,178,178,178,178,178,178,178,178,178,178,178,178,178,178,
goal:178,178,178,178,178,178,178,178,178,178,178,178,178,178,178,178,178,178,178,178,178,178,178,178,178,178,178,178,178,178,178,178,178,178,178,178,178,178,178,178,178,178,178,178,178,178,178,178,178,178,
size:30
[agent] id:19
path:852,853,821,822,823,824,792,760,728,696,664,632,600,600,600,599,567,535,503,503,503,503,503,503,503,503,503,503,503,503,503,503,503,503,503,503,503,503,503,503,503,503,503,503,503,503,503,503,503,503,
goal:503,503,503,503,503,503,503,503,503,503,503,503,503,503,503,503,503,503,503,503,503,503,503,503,503,503,503,503,503,503,503,503,503,503,503,503,503,503,503,503,503,503,503,503,503,503,503,503,503,503,
size:18
[agent] id:20
path:934,902,870,838,806,774,742,710,678,646,614,615,616,617,618,619,620,621,589,557,525,526,527,528,529,497,465,433,401,369,337,305,273,241,209,210,211,212,213,181,182,150,151,119,87,88,89,90,91,92,
goal:92,92,92,92,92,92,92,92,92,92,92,92,92,92,92,92,92,92,92,92,92,92,92,92,92,92,92,92,92,92,92,92,92,92,92,92,92,92,92,92,92,92,92,92,92,92,92,92,92,92,
size:49
[agent] id:21
path:775,743,711,679,647,615,583,551,519,520,521,489,457,458,426,427,428,428,396,364,332,300,268,236,204,172,173,174,142,110,78,78,78,78,78,78,78,78,78,78,78,78,78,78,78,78,78,78,78,78,
goal:78,78,78,78,78,78,78,78,78,78,78,78,78,78,78,78,78,78,78,78,78,78,78,78,78,78,78,78,78,78,78,78,78,78,78,78,78,78,78,78,78,78,78,78,78,78,78,78,78,78,
size:30
[agent] id:22
path:466,498,530,562,594,593,592,591,623,655,687,686,718,750,782,814,846,878,877,909,941,940,939,971,970,969,969,969,969,969,969,969,969,969,969,969,969,969,969,969,969,969,969,969,969,969,969,969,969,969,
goal:969,969,969,969,969,969,969,969,969,969,969,969,969,969,969,969,969,969,969,969,969,969,969,969,969,969,969,969,969,969,969,969,969,969,969,969,969,969,969,969,969,969,969,969,969,969,969,969,969,969,
size:25
[agent] id:23
path:723,691,659,627,626,594,562,530,498,466,434,402,401,369,337,305,304,303,302,301,301,301,301,301,301,301,301,301,301,301,301,301,301,301,301,301,301,301,301,301,301,301,301,301,301,301,301,301,301,301,
goal:301,301,301,301,301,301,301,301,301,301,301,301,301,301,301,301,301,301,301,301,301,301,301,301,301,301,301,301,301,301,301,301,301,301,301,301,301,301,301,301,301,301,301,301,301,301,301,301,301,301,
size:19
[agent] id:24
path:311,310,309,308,307,306,305,304,303,302,301,300,268,236,235,234,233,201,200,199,231,263,264,296,297,297,297,297,297,297,297,297,297,297,297,297,297,297,297,297,297,297,297,297,297,297,297,297,297,297,
goal:297,297,297,297,297,297,297,297,297,297,297,297,297,297,297,297,297,297,297,297,297,297,297,297,297,297,297,297,297,297,297,297,297,297,297,297,297,297,297,297,297,297,297,297,297,297,297,297,297,297,
size:24
[agent] id:25
path:589,621,653,685,717,749,781,781,782,814,846,878,877,909,941,973,1005,1004,1004,1004,1004,1004,1004,1004,1004,1004,1004,1004,1004,1004,1004,1004,1004,1004,1004,1004,1004,1004,1004,1004,1004,1004,1004,1004,1004,1004,1004,1004,1004,1004,
goal:1004,1004,1004,1004,1004,1004,1004,1004,1004,1004,1004,1004,1004,1004,1004,1004,1004,1004,1004,1004,1004,1004,1004,1004,1004,1004,1004,1004,1004,1004,1004,1004,1004,1004,1004,1004,1004,1004,1004,1004,1004,1004,1004,1004,1004,1004,1004,1004,1004,1004,
size:17
[agent] id:26
path:332,300,268,236,204,172,140,139,107,75,74,42,41,40,39,38,37,5,4,3,2,2,2,2,2,2,2,2,2,2,2,2,2,2,2,2,2,2,2,2,2,2,2,2,2,2,2,2,2,2,
goal:2,2,2,2,2,2,2,2,2,2,2,2,2,2,2,2,2,2,2,2,2,2,2,2,2,2,2,2,2,2,2,2,2,2,2,2,2,2,2,2,2,2,2,2,2,2,2,2,2,2,
size:20
[agent] id:27
path:381,380,379,378,410,442,474,473,472,504,536,535,567,599,631,663,695,727,759,791,823,855,887,886,885,884,883,882,882,882,882,882,882,882,882,882,882,882,882,882,882,882,882,882,882,882,882,882,882,882,
goal:882,882,882,882,882,882,882,882,882,882,882,882,882,882,882,882,882,882,882,882,882,882,882,882,882,882,882,882,882,882,882,882,882,882,882,882,882,882,882,882,882,882,882,882,882,882,882,882,882,882,
size:27
[agent] id:28
path:808,840,872,904,936,937,969,970,971,972,972,972,972,972,972,972,972,972,972,972,972,972,972,972,972,972,972,972,972,972,972,972,972,972,972,972,972,972,972,972,972,972,972,972,972,972,972,972,972,972,
goal:972,972,972,972,972,972,972,972,972,972,972,972,972,972,972,972,972,972,972,972,972,972,972,972,972,972,972,972,972,972,972,972,972,972,972,972,972,972,972,972,972,972,972,972,972,972,972,972,972,972,
size:9
[agent] id:29
path:413,381,380,379,378,377,345,313,312,311,310,309,308,307,306,274,242,241,240,239,207,206,205,204,203,202,201,169,168,167,166,166,166,166,166,166,166,166,166,166,166,166,166,166,166,166,166,166,166,166,
goal:166,166,166,166,166,166,166,166,166,166,166,166,166,166,166,166,166,166,166,166,166,166,166,166,166,166,166,166,166,166,166,166,166,166,166,166,166,166,166,166,166,166,166,166,166,166,166,166,166,166,
size:30
SolutionCost:693
