[setting] seed:9913
[solver] type:SASB-ECBS
[solver] w:2.000000
[solver] ID:0
[solver] Lowlevelnode:13587
[solver] Highlevelnode:23
[solver] ConflictCount:12
[solver] solved:1
[solver] elapsed:81
[solver] makespan:51
[problem] timesteplimit:15000
[problem] type:MAPF
[problem] agentnum:30
[graph] width:32
[graph] height:32
[graph] filename:./map/32by32_agents10_ex30.map
[task] id:17,start:0,end:0,service time:0,nodes:159,
[task] id:4,start:0,end:0,service time:0,nodes:649,
[task] id:20,start:0,end:0,service time:0,nodes:484,
[task] id:15,start:0,end:0,service time:0,nodes:876,
[task] id:11,start:0,end:0,service time:0,nodes:610,
[task] id:1,start:0,end:0,service time:0,nodes:880,
[task] id:10,start:0,end:0,service time:0,nodes:27,
[task] id:23,start:0,end:0,service time:0,nodes:614,
[task] id:27,start:0,end:0,service time:0,nodes:307,
[task] id:24,start:0,end:0,service time:0,nodes:755,
[task] id:7,start:0,end:0,service time:0,nodes:552,
[task] id:2,start:0,end:0,service time:0,nodes:619,
[task] id:14,start:0,end:0,service time:0,nodes:796,
[task] id:30,start:0,end:0,service time:0,nodes:614,
[task] id:13,start:0,end:0,service time:0,nodes:400,
[task] id:28,start:0,end:0,service time:0,nodes:53,
[task] id:0,start:0,end:0,service time:0,nodes:433,
[task] id:26,start:0,end:0,service time:0,nodes:846,
[task] id:21,start:0,end:0,service time:0,nodes:987,
[task] id:25,start:0,end:0,service time:0,nodes:607,
[task] id:6,start:0,end:0,service time:0,nodes:612,
[task] id:19,start:0,end:0,service time:0,nodes:810,
[task] id:8,start:0,end:0,service time:0,nodes:961,
[task] id:12,start:0,end:0,service time:0,nodes:29,
[task] id:9,start:0,end:0,service time:0,nodes:204,
[task] id:18,start:0,end:0,service time:0,nodes:58,
[task] id:29,start:0,end:0,service time:0,nodes:1016,
[task] id:3,start:0,end:0,service time:0,nodes:381,
[task] id:22,start:0,end:0,service time:0,nodes:848,
[task] id:16,start:0,end:0,service time:0,nodes:984,
[task] id:5,start:0,end:0,service time:0,nodes:985,
[agent] id:0
path:936,904,872,840,808,776,744,712,680,648,616,584,552,553,554,555,556,524,525,526,527,528,529,497,465,433,433,433,433,433,433,433,433,433,433,433,433,433,433,433,433,433,433,433,433,433,433,433,433,433,433,433,
goal:433,433,433,433,433,433,433,433,433,433,433,433,433,433,433,433,433,433,433,433,433,433,433,433,433,433,433,433,433,433,433,433,433,433,433,433,433,433,433,433,433,433,433,433,433,433,433,433,433,433,433,433,
size:25
[agent] id:1
path:528,560,592,591,623,655,687,686,718,750,782,814,846,878,879,880,880,880,880,880,880,880,880,880,880,880,880,880,880,880,880,880,880,880,880,880,880,880,880,880,880,880,880,880,880,880,880,880,880,880,880,880,
goal:880,880,880,880,880,880,880,880,880,880,880,880,880,880,880,880,880,880,880,880,880,880,880,880,880,880,880,880,880,880,880,880,880,880,880,880,880,880,880,880,880,880,880,880,880,880,880,880,880,880,880,880,
size:15
[agent] id:2
path:606,605,637,636,635,634,633,632,631,630,629,628,627,626,594,593,592,591,623,622,621,620,619,619,619,619,619,619,619,619,619,619,619,619,619,619,619,619,619,619,619,619,619,619,619,619,619,619,619,619,619,619,
goal:619,619,619,619,619,619,619,619,619,619,619,619,619,619,619,619,619,619,619,619,619,619,619,619,619,619,619,619,619,619,619,619,619,619,619,619,619,619,619,619,619,619,619,619,619,619,619,619,619,619,619,619,
size:22
[agent] id:3
path:1002,970,938,906,874,842,810,778,779,747,715,683,651,619,620,621,589,590,591,559,560,561,562,530,498,466,434,435,436,437,405,373,374,375,376,377,378,379,380,381,381,381,381,381,381,381,381,381,381,381,381,381,
goal:381,381,381,381,381,381,381,381,381,381,381,381,381,381,381,381,381,381,381,381,381,381,381,381,381,381,381,381,381,381,381,381,381,381,381,381,381,381,381,381,381,381,381,381,381,381,381,381,381,381,381,381,
size:39
[agent] id:4
path:685,653,652,651,650,649,649,649,649,649,649,649,649,649,649,649,649,649,649,649,649,649,649,649,649,649,649,649,649,649,649,649,649,649,649,649,649,649,649,649,649,649,649,649,649,649,649,649,649,649,649,649,
goal:649,649,649,649,649,649,649,649,649,649,649,649,649,649,649,649,649,649,649,649,649,649,649,649,649,649,649,649,649,649,649,649,649,649,649,649,649,649,649,649,649,649,649,649,649,649,649,649,649,649,649,649,
size:5
[agent] id:5
path:99,67,68,69,101,133,165,197,229,261,293,294,326,358,390,422,454,486,518,550,582,614,615,616,617,618,650,651,652,653,685,686,687,688,720,752,753,785,786,818,850,882,883,884,885,886,918,919,920,952,953,985,
goal:985,985,985,985,985,985,985,985,985,985,985,985,985,985,985,985,985,985,985,985,985,985,985,985,985,985,985,985,985,985,985,985,985,985,985,985,985,985,985,985,985,985,985,985,985,985,985,985,985,985,985,985,
size:51
[agent] id:6
path:112,144,143,142,174,206,205,204,236,268,300,332,364,396,395,394,393,392,424,423,422,454,486,518,550,549,548,547,579,611,612,612,612,612,612,612,612,612,612,612,612,612,612,612,612,612,612,612,612,612,612,612,
goal:612,612,612,612,612,612,612,612,612,612,612,612,612,612,612,612,612,612,612,612,612,612,612,612,612,612,612,612,612,612,612,612,612,612,612,612,612,612,612,612,612,612,612,612,612,612,612,612,612,612,612,612,
size:30
[agent] id:7
path:107,139,171,203,235,236,268,300,332,364,396,428,460,459,458,490,522,554,553,552,552,552,552,552,552,552,552,552,552,552,552,552,552,552,552,552,552,552,552,552,552,552,552,552,552,552,552,552,552,552,552,552,
goal:552,552,552,552,552,552,552,552,552,552,552,552,552,552,552,552,552,552,552,552,552,552,552,552,552,552,552,552,552,552,552,552,552,552,552,552,552,552,552,552,552,552,552,552,552,552,552,552,552,552,552,552,
size:19
[agent] id:8
path:1020,988,987,986,985,984,983,982,950,949,948,980,979,978,946,945,944,943,942,941,940,939,938,937,936,935,967,966,965,964,963,962,961,961,961,961,961,961,961,961,961,961,961,961,961,961,961,961,961,961,961,961,
goal:961,961,961,961,961,961,961,961,961,961,961,961,961,961,961,961,961,961,961,961,961,961,961,961,961,961,961,961,961,961,961,961,961,961,961,961,961,961,961,961,961,961,961,961,961,961,961,961,961,961,961,961,
size:32
[agent] id:9
path:961,929,930,898,866,867,835,803,771,739,707,708,676,644,645,646,647,615,583,551,519,520,521,489,457,458,426,394,395,396,364,332,300,268,236,204,204,204,204,204,204,204,204,204,204,204,204,204,204,204,204,204,
goal:204,204,204,204,204,204,204,204,204,204,204,204,204,204,204,204,204,204,204,204,204,204,204,204,204,204,204,204,204,204,204,204,204,204,204,204,204,204,204,204,204,204,204,204,204,204,204,204,204,204,204,204,
size:35
[agent] id:10
path:177,145,113,81,49,17,18,19,20,21,22,23,24,25,26,27,27,27,27,27,27,27,27,27,27,27,27,27,27,27,27,27,27,27,27,27,27,27,27,27,27,27,27,27,27,27,27,27,27,27,27,27,
goal:27,27,27,27,27,27,27,27,27,27,27,27,27,27,27,27,27,27,27,27,27,27,27,27,27,27,27,27,27,27,27,27,27,27,27,27,27,27,27,27,27,27,27,27,27,27,27,27,27,27,27,27,
size:15
[agent] id:11
path:934,902,870,838,806,774,742,710,678,646,614,613,612,611,610,610,610,610,610,610,610,610,610,610,610,610,610,610,610,610,610,610,610,610,610,610,610,610,610,610,610,610,610,610,610,610,610,610,610,610,610,610,
goal:610,610,610,610,610,610,610,610,610,610,610,610,610,610,610,610,610,610,610,610,610,610,610,610,610,610,610,610,610,610,610,610,610,610,610,610,610,610,610,610,610,610,610,610,610,610,610,610,610,610,610,610,
size:14
[agent] id:12
path:197,165,133,134,135,136,137,138,139,171,172,173,174,142,110,78,79,80,48,49,50,51,52,53,54,55,56,57,58,90,91,92,60,28,29,29,29,29,29,29,29,29,29,29,29,29,29,29,29,29,29,29,
goal:29,29,29,29,29,29,29,29,29,29,29,29,29,29,29,29,29,29,29,29,29,29,29,29,29,29,29,29,29,29,29,29,29,29,29,29,29,29,29,29,29,29,29,29,29,29,29,29,29,29,29,29,
size:34
[agent] id:13
path:577,578,579,547,548,549,550,551,552,553,554,555,556,524,525,526,527,528,529,497,465,433,401,400,400,400,400,400,400,400,400,400,400,400,400,400,400,400,400,400,400,400,400,400,400,400,400,400,400,400,400,400,
goal:400,400,400,400,400,400,400,400,400,400,400,400,400,400,400,400,400,400,400,400,400,400,400,400,400,400,400,400,400,400,400,400,400,400,400,400,400,400,400,400,400,400,400,400,400,400,400,400,400,400,400,400,
size:23
[agent] id:14
path:317,349,381,413,414,446,478,477,509,508,540,539,571,603,635,667,699,700,701,733,765,797,796,796,796,796,796,796,796,796,796,796,796,796,796,796,796,796,796,796,796,796,796,796,796,796,796,796,796,796,796,796,
goal:796,796,796,796,796,796,796,796,796,796,796,796,796,796,796,796,796,796,796,796,796,796,796,796,796,796,796,796,796,796,796,796,796,796,796,796,796,796,796,796,796,796,796,796,796,796,796,796,796,796,796,796,
size:22
[agent] id:15
path:1007,1006,974,942,941,909,877,876,876,876,876,876,876,876,876,876,876,876,876,876,876,876,876,876,876,876,876,876,876,876,876,876,876,876,876,876,876,876,876,876,876,876,876,876,876,876,876,876,876,876,876,876,
goal:876,876,876,876,876,876,876,876,876,876,876,876,876,876,876,876,876,876,876,876,876,876,876,876,876,876,876,876,876,876,876,876,876,876,876,876,876,876,876,876,876,876,876,876,876,876,876,876,876,876,876,876,
size:7
[agent] id:16
path:169,201,233,234,234,235,236,268,300,332,364,396,428,460,461,493,525,526,558,590,622,654,686,687,688,720,752,753,785,786,818,850,882,883,884,885,886,918,950,982,983,984,984,984,984,984,984,984,984,984,984,984,
goal:984,984,984,984,984,984,984,984,984,984,984,984,984,984,984,984,984,984,984,984,984,984,984,984,984,984,984,984,984,984,984,984,984,984,984,984,984,984,984,984,984,984,984,984,984,984,984,984,984,984,984,984,
size:41
[agent] id:17
path:93,94,126,158,159,159,159,159,159,159,159,159,159,159,159,159,159,159,159,159,159,159,159,159,159,159,159,159,159,159,159,159,159,159,159,159,159,159,159,159,159,159,159,159,159,159,159,159,159,159,159,159,
goal:159,159,159,159,159,159,159,159,159,159,159,159,159,159,159,159,159,159,159,159,159,159,159,159,159,159,159,159,159,159,159,159,159,159,159,159,159,159,159,159,159,159,159,159,159,159,159,159,159,159,159,159,
size:4
[agent] id:18
path:322,290,258,259,227,228,229,230,231,199,200,201,202,203,171,172,173,174,142,110,78,79,80,48,49,50,51,52,20,21,22,54,55,56,57,58,58,58,58,58,58,58,58,58,58,58,58,58,58,58,58,58,
goal:58,58,58,58,58,58,58,58,58,58,58,58,58,58,58,58,58,58,58,58,58,58,58,58,58,58,58,58,58,58,58,58,58,58,58,58,58,58,58,58,58,58,58,58,58,58,58,58,58,58,58,58,
size:35
[agent] id:19
path:67,68,69,101,133,165,197,229,261,293,294,326,358,390,422,454,486,518,550,582,614,646,678,710,742,774,806,807,808,809,810,810,810,810,810,810,810,810,810,810,810,810,810,810,810,810,810,810,810,810,810,810,
goal:810,810,810,810,810,810,810,810,810,810,810,810,810,810,810,810,810,810,810,810,810,810,810,810,810,810,810,810,810,810,810,810,810,810,810,810,810,810,810,810,810,810,810,810,810,810,810,810,810,810,810,810,
size:30
[agent] id:20
path:356,357,389,421,453,485,484,484,484,484,484,484,484,484,484,484,484,484,484,484,484,484,484,484,484,484,484,484,484,484,484,484,484,484,484,484,484,484,484,484,484,484,484,484,484,484,484,484,484,484,484,484,
goal:484,484,484,484,484,484,484,484,484,484,484,484,484,484,484,484,484,484,484,484,484,484,484,484,484,484,484,484,484,484,484,484,484,484,484,484,484,484,484,484,484,484,484,484,484,484,484,484,484,484,484,484,
size:6
[agent] id:21
path:276,308,309,341,373,405,437,469,501,533,565,597,629,661,693,725,757,758,759,791,823,855,887,919,920,952,984,985,986,987,987,987,987,987,987,987,987,987,987,987,987,987,987,987,987,987,987,987,987,987,987,987,
goal:987,987,987,987,987,987,987,987,987,987,987,987,987,987,987,987,987,987,987,987,987,987,987,987,987,987,987,987,987,987,987,987,987,987,987,987,987,987,987,987,987,987,987,987,987,987,987,987,987,987,987,987,
size:29
[agent] id:22
path:68,69,101,133,165,166,167,199,200,201,233,234,235,236,268,300,332,364,396,428,460,461,493,525,557,589,621,653,685,686,687,688,720,752,753,785,786,818,850,849,848,848,848,848,848,848,848,848,848,848,848,848,
goal:848,848,848,848,848,848,848,848,848,848,848,848,848,848,848,848,848,848,848,848,848,848,848,848,848,848,848,848,848,848,848,848,848,848,848,848,848,848,848,848,848,848,848,848,848,848,848,848,848,848,848,848,
size:40
[agent] id:23
path:168,200,199,231,263,262,294,326,358,390,422,454,486,518,550,582,614,614,614,614,613,613,614,614,614,614,614,614,614,614,614,614,614,614,614,614,614,614,614,614,614,614,614,614,614,614,614,614,614,614,614,614,
goal:614,614,614,614,614,614,614,614,614,614,614,614,614,614,614,614,614,614,614,614,614,614,614,614,614,614,614,614,614,614,614,614,614,614,614,614,614,614,614,614,614,614,614,614,614,614,614,614,614,614,614,614,
size:22
[agent] id:24
path:775,743,744,745,713,714,715,716,717,718,686,687,688,720,752,753,754,755,755,755,755,755,755,755,755,755,755,755,755,755,755,755,755,755,755,755,755,755,755,755,755,755,755,755,755,755,755,755,755,755,755,755,
goal:755,755,755,755,755,755,755,755,755,755,755,755,755,755,755,755,755,755,755,755,755,755,755,755,755,755,755,755,755,755,755,755,755,755,755,755,755,755,755,755,755,755,755,755,755,755,755,755,755,755,755,755,
size:17
[agent] id:25
path:113,114,146,178,210,242,274,306,307,308,309,341,373,405,437,469,501,533,534,535,536,537,569,570,602,603,604,605,606,607,607,607,607,607,607,607,607,607,607,607,607,607,607,607,607,607,607,607,607,607,607,607,
goal:607,607,607,607,607,607,607,607,607,607,607,607,607,607,607,607,607,607,607,607,607,607,607,607,607,607,607,607,607,607,607,607,607,607,607,607,607,607,607,607,607,607,607,607,607,607,607,607,607,607,607,607,
size:29
[agent] id:26
path:508,540,539,571,603,635,667,699,731,730,762,794,793,825,824,823,855,854,853,852,851,850,849,848,847,846,846,846,846,846,846,846,846,846,846,846,846,846,846,846,846,846,846,846,846,846,846,846,846,846,846,846,
goal:846,846,846,846,846,846,846,846,846,846,846,846,846,846,846,846,846,846,846,846,846,846,846,846,846,846,846,846,846,846,846,846,846,846,846,846,846,846,846,846,846,846,846,846,846,846,846,846,846,846,846,846,
size:25
[agent] id:27
path:654,622,590,558,526,527,528,529,497,465,433,401,369,337,305,306,307,307,307,307,307,307,307,307,307,307,307,307,307,307,307,307,307,307,307,307,307,307,307,307,307,307,307,307,307,307,307,307,307,307,307,307,
goal:307,307,307,307,307,307,307,307,307,307,307,307,307,307,307,307,307,307,307,307,307,307,307,307,307,307,307,307,307,307,307,307,307,307,307,307,307,307,307,307,307,307,307,307,307,307,307,307,307,307,307,307,
size:16
[agent] id:28
path:658,626,594,562,530,498,466,434,402,401,369,337,305,273,241,209,177,145,113,81,49,50,51,52,53,53,53,53,53,53,53,53,53,53,53,53,53,53,53,53,53,53,53,53,53,53,53,53,53,53,53,53,
goal:53,53,53,53,53,53,53,53,53,53,53,53,53,53,53,53,53,53,53,53,53,53,53,53,53,53,53,53,53,53,53,53,53,53,53,53,53,53,53,53,53,53,53,53,53,53,53,53,53,53,53,53,
size:24
[agent] id:29
path:235,236,268,300,332,364,396,428,460,461,493,525,557,589,621,653,685,686,687,688,720,752,753,785,786,818,850,882,883,884,885,886,918,950,982,983,1015,1016,1016,1016,1016,1016,1016,1016,1016,1016,1016,1016,1016,1016,1016,1016,
goal:1016,1016,1016,1016,1016,1016,1016,1016,1016,1016,1016,1016,1016,1016,1016,1016,1016,1016,1016,1016,1016,1016,1016,1016,1016,1016,1016,1016,1016,1016,1016,1016,1016,1016,1016,1016,1016,1016,1016,1016,1016,1016,1016,1016,1016,1016,1016,1016,1016,1016,1016,1016,
size:37
SolutionCost:743
