[setting] seed:10617
[solver] type:SASB-ECBS
[solver] w:2.000000
[solver] ID:0
[solver] Lowlevelnode:5425
[solver] Highlevelnode:17
[solver] ConflictCount:9
[solver] solved:1
[solver] elapsed:37
[solver] makespan:42
[problem] timesteplimit:15000
[problem] type:MAPF
[problem] agentnum:30
[graph] width:32
[graph] height:32
[graph] filename:./map/32by32_agents10_ex30.map
[task] id:10,start:0,end:0,service time:0,nodes:283,
[task] id:5,start:0,end:0,service time:0,nodes:687,
[task] id:9,start:0,end:0,service time:0,nodes:403,
[task] id:13,start:0,end:0,service time:0,nodes:560,
[task] id:14,start:0,end:0,service time:0,nodes:467,
[task] id:26,start:0,end:0,service time:0,nodes:749,
[task] id:4,start:0,end:0,service time:0,nodes:209,
[task] id:6,start:0,end:0,service time:0,nodes:518,
[task] id:7,start:0,end:0,service time:0,nodes:938,
[task] id:18,start:0,end:0,service time:0,nodes:187,
[task] id:8,start:0,end:0,service time:0,nodes:966,
[task] id:19,start:0,end:0,service time:0,nodes:833,
[task] id:22,start:0,end:0,service time:0,nodes:782,
[task] id:27,start:0,end:0,service time:0,nodes:632,
[task] id:20,start:0,end:0,service time:0,nodes:464,
[task] id:28,start:0,end:0,service time:0,nodes:199,
[task] id:24,start:0,end:0,service time:0,nodes:269,
[task] id:0,start:0,end:0,service time:0,nodes:697,
[task] id:21,start:0,end:0,service time:0,nodes:28,
[task] id:15,start:0,end:0,service time:0,nodes:400,
[task] id:12,start:0,end:0,service time:0,nodes:688,
[task] id:1,start:0,end:0,service time:0,nodes:713,
[task] id:16,start:0,end:0,service time:0,nodes:406,
[task] id:11,start:0,end:0,service time:0,nodes:55,
[task] id:23,start:0,end:0,service time:0,nodes:81,
[task] id:25,start:0,end:0,service time:0,nodes:904,
[task] id:17,start:0,end:0,service time:0,nodes:323,
[task] id:3,start:0,end:0,service time:0,nodes:65,
[task] id:2,start:0,end:0,service time:0,nodes:926,
[task] id:29,start:0,end:0,service time:0,nodes:347,
[agent] id:0
path:86,87,119,151,183,215,247,279,311,312,344,376,408,409,441,473,472,504,536,535,567,599,631,663,695,696,697,697,697,697,697,697,697,697,697,697,697,697,697,697,697,697,697,
goal:697,697,697,697,697,697,697,697,697,697,697,697,697,697,697,697,697,697,697,697,697,697,697,697,697,697,697,697,697,697,697,697,697,697,697,697,697,697,697,697,697,697,697,
size:26
[agent] id:1
path:926,894,893,861,860,859,858,857,825,824,823,855,854,853,852,851,850,849,848,847,846,845,844,812,811,779,747,715,714,713,713,713,713,713,713,713,713,713,713,713,713,713,713,
goal:713,713,713,713,713,713,713,713,713,713,713,713,713,713,713,713,713,713,713,713,713,713,713,713,713,713,713,713,713,713,713,713,713,713,713,713,713,713,713,713,713,713,713,
size:29
[agent] id:2
path:266,234,235,236,268,300,332,364,396,428,460,461,493,525,557,558,590,622,654,655,656,657,689,721,722,723,724,725,757,758,759,791,823,824,825,857,858,859,860,892,924,925,926,
goal:926,926,926,926,926,926,926,926,926,926,926,926,926,926,926,926,926,926,926,926,926,926,926,926,926,926,926,926,926,926,926,926,926,926,926,926,926,926,926,926,926,926,926,
size:42
[agent] id:3
path:911,879,847,846,814,782,750,718,686,654,622,590,558,526,494,493,461,429,397,396,364,332,300,268,236,204,172,140,139,107,75,74,73,72,71,70,69,68,67,66,65,65,65,
goal:65,65,65,65,65,65,65,65,65,65,65,65,65,65,65,65,65,65,65,65,65,65,65,65,65,65,65,65,65,65,65,65,65,65,65,65,65,65,65,65,65,65,65,
size:40
[agent] id:4
path:260,228,229,230,231,199,200,201,202,203,204,205,206,207,239,240,241,209,209,209,209,209,209,209,209,209,209,209,209,209,209,209,209,209,209,209,209,209,209,209,209,209,209,
goal:209,209,209,209,209,209,209,209,209,209,209,209,209,209,209,209,209,209,209,209,209,209,209,209,209,209,209,209,209,209,209,209,209,209,209,209,209,209,209,209,209,209,209,
size:17
[agent] id:5
path:632,664,663,662,661,693,692,691,690,689,688,687,687,687,687,687,687,687,687,687,687,687,687,687,687,687,687,687,687,687,687,687,687,687,687,687,687,687,687,687,687,687,687,
goal:687,687,687,687,687,687,687,687,687,687,687,687,687,687,687,687,687,687,687,687,687,687,687,687,687,687,687,687,687,687,687,687,687,687,687,687,687,687,687,687,687,687,687,
size:11
[agent] id:6
path:814,782,750,718,686,654,622,590,558,557,556,555,554,522,521,520,519,518,518,518,518,518,518,518,518,518,518,518,518,518,518,518,518,518,518,518,518,518,518,518,518,518,518,
goal:518,518,518,518,518,518,518,518,518,518,518,518,518,518,518,518,518,518,518,518,518,518,518,518,518,518,518,518,518,518,518,518,518,518,518,518,518,518,518,518,518,518,518,
size:17
[agent] id:7
path:985,984,983,982,950,949,948,980,979,978,946,945,944,943,942,941,940,939,938,938,938,938,938,938,938,938,938,938,938,938,938,938,938,938,938,938,938,938,938,938,938,938,938,
goal:938,938,938,938,938,938,938,938,938,938,938,938,938,938,938,938,938,938,938,938,938,938,938,938,938,938,938,938,938,938,938,938,938,938,938,938,938,938,938,938,938,938,938,
size:18
[agent] id:8
path:420,452,484,516,548,549,550,582,614,646,678,710,742,774,806,838,870,902,934,966,966,966,966,966,966,966,966,966,966,966,966,966,966,966,966,966,966,966,966,966,966,966,966,
goal:966,966,966,966,966,966,966,966,966,966,966,966,966,966,966,966,966,966,966,966,966,966,966,966,966,966,966,966,966,966,966,966,966,966,966,966,966,966,966,966,966,966,966,
size:19
[agent] id:9
path:332,300,301,302,334,366,367,399,400,401,402,403,403,403,403,403,403,403,403,403,403,403,403,403,403,403,403,403,403,403,403,403,403,403,403,403,403,403,403,403,403,403,403,
goal:403,403,403,403,403,403,403,403,403,403,403,403,403,403,403,403,403,403,403,403,403,403,403,403,403,403,403,403,403,403,403,403,403,403,403,403,403,403,403,403,403,403,403,
size:11
[agent] id:10
path:223,255,287,286,285,317,316,315,283,283,283,283,283,283,283,283,283,283,283,283,283,283,283,283,283,283,283,283,283,283,283,283,283,283,283,283,283,283,283,283,283,283,283,
goal:283,283,283,283,283,283,283,283,283,283,283,283,283,283,283,283,283,283,283,283,283,283,283,283,283,283,283,283,283,283,283,283,283,283,283,283,283,283,283,283,283,283,283,
size:8
[agent] id:11
path:919,887,855,823,791,759,727,726,725,693,661,629,597,565,533,501,469,437,405,373,341,309,277,245,213,181,182,150,151,119,87,55,55,55,55,55,55,55,55,55,55,55,55,
goal:55,55,55,55,55,55,55,55,55,55,55,55,55,55,55,55,55,55,55,55,55,55,55,55,55,55,55,55,55,55,55,55,55,55,55,55,55,55,55,55,55,55,55,
size:31
[agent] id:12
path:137,169,201,233,234,235,236,268,300,332,364,396,428,460,461,461,460,460,461,493,525,557,589,621,653,654,655,656,688,688,688,688,688,688,688,688,688,688,688,688,688,688,688,
goal:688,688,688,688,688,688,688,688,688,688,688,688,688,688,688,688,688,688,688,688,688,688,688,688,688,688,688,688,688,688,688,688,688,688,688,688,688,688,688,688,688,688,688,
size:28
[agent] id:13
path:726,725,693,661,629,597,565,564,563,562,561,560,560,560,560,560,560,560,560,560,560,560,560,560,560,560,560,560,560,560,560,560,560,560,560,560,560,560,560,560,560,560,560,
goal:560,560,560,560,560,560,560,560,560,560,560,560,560,560,560,560,560,560,560,560,560,560,560,560,560,560,560,560,560,560,560,560,560,560,560,560,560,560,560,560,560,560,560,
size:11
[agent] id:14
path:636,604,603,571,539,538,537,536,535,534,533,501,469,468,467,467,467,467,467,467,467,467,467,467,467,467,467,467,467,467,467,467,467,467,467,467,467,467,467,467,467,467,467,
goal:467,467,467,467,467,467,467,467,467,467,467,467,467,467,467,467,467,467,467,467,467,467,467,467,467,467,467,467,467,467,467,467,467,467,467,467,467,467,467,467,467,467,467,
size:14
[agent] id:15
path:799,798,766,734,702,670,669,637,605,604,603,571,539,538,537,536,535,534,533,501,469,437,436,435,434,402,401,400,400,400,400,400,400,400,400,400,400,400,400,400,400,400,400,
goal:400,400,400,400,400,400,400,400,400,400,400,400,400,400,400,400,400,400,400,400,400,400,400,400,400,400,400,400,400,400,400,400,400,400,400,400,400,400,400,400,400,400,400,
size:27
[agent] id:16
path:937,938,906,874,842,810,778,779,747,715,683,651,619,620,621,589,557,525,526,527,528,529,497,465,433,434,435,436,437,405,406,406,406,406,406,406,406,406,406,406,406,406,406,
goal:406,406,406,406,406,406,406,406,406,406,406,406,406,406,406,406,406,406,406,406,406,406,406,406,406,406,406,406,406,406,406,406,406,406,406,406,406,406,406,406,406,406,406,
size:30
[agent] id:17
path:888,888,887,855,823,791,759,727,726,725,693,661,660,659,658,626,594,593,592,591,559,527,526,494,493,461,429,397,396,395,394,393,392,391,359,358,357,356,355,323,323,323,323,
goal:323,323,323,323,323,323,323,323,323,323,323,323,323,323,323,323,323,323,323,323,323,323,323,323,323,323,323,323,323,323,323,323,323,323,323,323,323,323,323,323,323,323,323,
size:39
[agent] id:18
path:567,535,503,504,472,473,441,409,377,345,313,281,280,248,216,184,185,186,187,187,187,187,187,187,187,187,187,187,187,187,187,187,187,187,187,187,187,187,187,187,187,187,187,
goal:187,187,187,187,187,187,187,187,187,187,187,187,187,187,187,187,187,187,187,187,187,187,187,187,187,187,187,187,187,187,187,187,187,187,187,187,187,187,187,187,187,187,187,
size:18
[agent] id:19
path:1005,973,941,909,877,845,844,843,842,841,840,839,838,837,836,835,803,802,801,833,833,833,833,833,833,833,833,833,833,833,833,833,833,833,833,833,833,833,833,833,833,833,833,
goal:833,833,833,833,833,833,833,833,833,833,833,833,833,833,833,833,833,833,833,833,833,833,833,833,833,833,833,833,833,833,833,833,833,833,833,833,833,833,833,833,833,833,833,
size:19
[agent] id:20
path:644,612,613,614,615,616,617,618,619,620,621,589,557,558,526,527,528,529,497,465,464,464,464,464,464,464,464,464,464,464,464,464,464,464,464,464,464,464,464,464,464,464,464,
goal:464,464,464,464,464,464,464,464,464,464,464,464,464,464,464,464,464,464,464,464,464,464,464,464,464,464,464,464,464,464,464,464,464,464,464,464,464,464,464,464,464,464,464,
size:20
[agent] id:21
path:602,570,538,537,536,504,472,473,441,409,377,345,313,281,280,248,216,184,152,120,88,56,24,25,26,27,28,28,28,28,28,28,28,28,28,28,28,28,28,28,28,28,28,
goal:28,28,28,28,28,28,28,28,28,28,28,28,28,28,28,28,28,28,28,28,28,28,28,28,28,28,28,28,28,28,28,28,28,28,28,28,28,28,28,28,28,28,28,
size:26
[agent] id:22
path:515,547,579,611,643,644,676,677,678,710,711,712,713,714,715,716,717,718,750,782,782,782,782,782,782,782,782,782,782,782,782,782,782,782,782,782,782,782,782,782,782,782,782,
goal:782,782,782,782,782,782,782,782,782,782,782,782,782,782,782,782,782,782,782,782,782,782,782,782,782,782,782,782,782,782,782,782,782,782,782,782,782,782,782,782,782,782,782,
size:19
[agent] id:23
path:545,513,514,482,450,418,419,420,421,389,357,358,326,294,262,230,231,199,200,201,202,203,171,172,173,174,142,110,78,79,80,81,81,81,81,81,81,81,81,81,81,81,81,
goal:81,81,81,81,81,81,81,81,81,81,81,81,81,81,81,81,81,81,81,81,81,81,81,81,81,81,81,81,81,81,81,81,81,81,81,81,81,81,81,81,81,81,81,
size:31
[agent] id:24
path:287,286,285,317,316,315,347,379,378,377,345,313,312,311,310,309,308,307,306,305,304,303,271,270,269,269,269,269,269,269,269,269,269,269,269,269,269,269,269,269,269,269,269,
goal:269,269,269,269,269,269,269,269,269,269,269,269,269,269,269,269,269,269,269,269,269,269,269,269,269,269,269,269,269,269,269,269,269,269,269,269,269,269,269,269,269,269,269,
size:24
[agent] id:25
path:473,472,504,536,535,567,599,631,663,695,727,759,791,823,855,854,853,852,851,850,849,848,847,846,845,844,843,842,841,840,872,904,904,904,904,904,904,904,904,904,904,904,904,
goal:904,904,904,904,904,904,904,904,904,904,904,904,904,904,904,904,904,904,904,904,904,904,904,904,904,904,904,904,904,904,904,904,904,904,904,904,904,904,904,904,904,904,904,
size:31
[agent] id:26
path:867,835,803,804,805,806,807,808,809,810,778,779,747,715,716,717,749,749,749,749,749,749,749,749,749,749,749,749,749,749,749,749,749,749,749,749,749,749,749,749,749,749,749,
goal:749,749,749,749,749,749,749,749,749,749,749,749,749,749,749,749,749,749,749,749,749,749,749,749,749,749,749,749,749,749,749,749,749,749,749,749,749,749,749,749,749,749,749,
size:16
[agent] id:27
path:458,490,522,554,555,556,557,589,590,591,592,593,594,626,627,628,629,630,631,632,632,632,632,632,632,632,632,632,632,632,632,632,632,632,632,632,632,632,632,632,632,632,632,
goal:632,632,632,632,632,632,632,632,632,632,632,632,632,632,632,632,632,632,632,632,632,632,632,632,632,632,632,632,632,632,632,632,632,632,632,632,632,632,632,632,632,632,632,
size:19
[agent] id:28
path:673,641,609,577,545,513,514,482,450,418,419,420,421,389,357,358,326,294,262,230,231,199,199,199,199,199,199,199,199,199,199,199,199,199,199,199,199,199,199,199,199,199,199,
goal:199,199,199,199,199,199,199,199,199,199,199,199,199,199,199,199,199,199,199,199,199,199,199,199,199,199,199,199,199,199,199,199,199,199,199,199,199,199,199,199,199,199,199,
size:21
[agent] id:29
path:965,933,901,869,837,805,773,741,709,677,645,613,614,582,550,551,552,553,554,555,556,524,525,526,527,528,529,497,465,433,434,435,436,437,405,373,374,375,376,377,378,379,347,
goal:347,347,347,347,347,347,347,347,347,347,347,347,347,347,347,347,347,347,347,347,347,347,347,347,347,347,347,347,347,347,347,347,347,347,347,347,347,347,347,347,347,347,347,
size:42
SolutionCost:704
