[setting] seed:9802
[solver] type:SASB-ECBS
[solver] w:2.000000
[solver] ID:0
[solver] Lowlevelnode:15490
[solver] Highlevelnode:24
[solver] ConflictCount:12
[solver] solved:1
[solver] elapsed:136
[solver] makespan:46
[problem] timesteplimit:15000
[problem] type:MAPF
[problem] agentnum:30
[graph] width:32
[graph] height:32
[graph] filename:./map/32by32_agents10_ex30.map
[task] id:12,start:0,end:0,service time:0,nodes:383,
[task] id:29,start:0,end:0,service time:0,nodes:626,
[task] id:8,start:0,end:0,service time:0,nodes:561,
[task] id:17,start:0,end:0,service time:0,nodes:725,
[task] id:2,start:0,end:0,service time:0,nodes:153,
[task] id:21,start:0,end:0,service time:0,nodes:39,
[task] id:22,start:0,end:0,service time:0,nodes:853,
[task] id:27,start:0,end:0,service time:0,nodes:793,
[task] id:23,start:0,end:0,service time:0,nodes:423,
[task] id:15,start:0,end:0,service time:0,nodes:885,
[task] id:3,start:0,end:0,service time:0,nodes:779,
[task] id:6,start:0,end:0,service time:0,nodes:356,
[task] id:13,start:0,end:0,service time:0,nodes:528,
[task] id:14,start:0,end:0,service time:0,nodes:269,
[task] id:0,start:0,end:0,service time:0,nodes:332,
[task] id:19,start:0,end:0,service time:0,nodes:591,
[task] id:30,start:0,end:0,service time:0,nodes:332,
[task] id:25,start:0,end:0,service time:0,nodes:517,
[task] id:20,start:0,end:0,service time:0,nodes:866,
[task] id:26,start:0,end:0,service time:0,nodes:637,
[task] id:16,start:0,end:0,service time:0,nodes:644,
[task] id:7,start:0,end:0,service time:0,nodes:812,
[task] id:9,start:0,end:0,service time:0,nodes:358,
[task] id:5,start:0,end:0,service time:0,nodes:938,
[task] id:24,start:0,end:0,service time:0,nodes:65,
[task] id:1,start:0,end:0,service time:0,nodes:322,
[task] id:11,start:0,end:0,service time:0,nodes:703,
[task] id:28,start:0,end:0,service time:0,nodes:19,
[task] id:4,start:0,end:0,service time:0,nodes:247,
[task] id:10,start:0,end:0,service time:0,nodes:919,
[task] id:18,start:0,end:0,service time:0,nodes:839,
[agent] id:0
path:23,55,87,119,151,183,215,247,279,311,310,309,308,307,306,305,304,303,302,301,300,332,331,332,332,332,332,332,332,332,332,332,332,332,332,332,332,332,332,332,332,332,332,332,332,332,332,
goal:332,332,332,332,332,332,332,332,332,332,332,332,332,332,332,332,332,332,332,332,332,332,332,332,332,332,332,332,332,332,332,332,332,332,332,332,332,332,332,332,332,332,332,332,332,332,332,
size:23
[agent] id:1
path:408,376,344,312,311,310,309,308,307,307,306,305,304,303,302,301,300,268,236,204,203,202,201,200,199,231,263,262,261,260,259,258,290,322,322,322,322,322,322,322,322,322,322,322,322,322,322,
goal:322,322,322,322,322,322,322,322,322,322,322,322,322,322,322,322,322,322,322,322,322,322,322,322,322,322,322,322,322,322,322,322,322,322,322,322,322,322,322,322,322,322,322,322,322,322,322,
size:33
[agent] id:2
path:191,190,189,188,187,186,185,153,153,153,153,153,153,153,153,153,153,153,153,153,153,153,153,153,153,153,153,153,153,153,153,153,153,153,153,153,153,153,153,153,153,153,153,153,153,153,153,
goal:153,153,153,153,153,153,153,153,153,153,153,153,153,153,153,153,153,153,153,153,153,153,153,153,153,153,153,153,153,153,153,153,153,153,153,153,153,153,153,153,153,153,153,153,153,153,153,
size:7
[agent] id:3
path:663,662,661,693,692,691,690,689,688,687,686,718,717,716,715,747,779,779,779,779,779,779,779,779,779,779,779,779,779,779,779,779,779,779,779,779,779,779,779,779,779,779,779,779,779,779,779,
goal:779,779,779,779,779,779,779,779,779,779,779,779,779,779,779,779,779,779,779,779,779,779,779,779,779,779,779,779,779,779,779,779,779,779,779,779,779,779,779,779,779,779,779,779,779,779,779,
size:16
[agent] id:4
path:904,872,840,808,776,744,712,680,648,616,617,618,619,620,621,589,590,591,592,593,594,562,530,498,466,434,435,436,437,405,373,341,309,310,311,279,247,247,247,247,247,247,247,247,247,247,247,
goal:247,247,247,247,247,247,247,247,247,247,247,247,247,247,247,247,247,247,247,247,247,247,247,247,247,247,247,247,247,247,247,247,247,247,247,247,247,247,247,247,247,247,247,247,247,247,247,
size:36
[agent] id:5
path:140,172,204,236,268,268,300,332,364,396,428,460,461,493,525,557,589,621,653,685,717,718,750,782,814,846,878,877,909,941,940,939,938,938,938,938,938,938,938,938,938,938,938,938,938,938,938,
goal:938,938,938,938,938,938,938,938,938,938,938,938,938,938,938,938,938,938,938,938,938,938,938,938,938,938,938,938,938,938,938,938,938,938,938,938,938,938,938,938,938,938,938,938,938,938,938,
size:32
[agent] id:6
path:367,366,334,302,301,300,332,364,396,395,394,393,392,391,359,358,357,356,356,356,356,356,356,356,356,356,356,356,356,356,356,356,356,356,356,356,356,356,356,356,356,356,356,356,356,356,356,
goal:356,356,356,356,356,356,356,356,356,356,356,356,356,356,356,356,356,356,356,356,356,356,356,356,356,356,356,356,356,356,356,356,356,356,356,356,356,356,356,356,356,356,356,356,356,356,356,
size:17
[agent] id:7
path:39,71,103,135,167,199,231,263,262,294,326,358,390,422,454,486,518,550,582,614,646,678,710,742,774,806,807,808,809,810,811,812,812,812,812,812,812,812,812,812,812,812,812,812,812,812,812,
goal:812,812,812,812,812,812,812,812,812,812,812,812,812,812,812,812,812,812,812,812,812,812,812,812,812,812,812,812,812,812,812,812,812,812,812,812,812,812,812,812,812,812,812,812,812,812,812,
size:31
[agent] id:8
path:596,564,563,562,561,561,561,561,561,561,561,561,561,561,561,561,561,561,561,561,561,561,561,561,561,561,561,561,561,561,561,561,561,561,561,561,561,561,561,561,561,561,561,561,561,561,561,
goal:561,561,561,561,561,561,561,561,561,561,561,561,561,561,561,561,561,561,561,561,561,561,561,561,561,561,561,561,561,561,561,561,561,561,561,561,561,561,561,561,561,561,561,561,561,561,561,
size:4
[agent] id:9
path:317,349,381,380,379,378,377,376,375,374,373,341,309,308,307,306,305,304,303,302,301,300,332,364,396,395,394,393,392,391,359,358,358,358,358,358,358,358,358,358,358,358,358,358,358,358,358,
goal:358,358,358,358,358,358,358,358,358,358,358,358,358,358,358,358,358,358,358,358,358,358,358,358,358,358,358,358,358,358,358,358,358,358,358,358,358,358,358,358,358,358,358,358,358,358,358,
size:31
[agent] id:10
path:290,322,354,355,356,357,389,421,453,485,517,549,550,582,614,615,616,617,618,619,620,621,653,654,655,656,657,658,659,660,661,662,663,695,727,759,791,823,855,887,919,919,919,919,919,919,919,
goal:919,919,919,919,919,919,919,919,919,919,919,919,919,919,919,919,919,919,919,919,919,919,919,919,919,919,919,919,919,919,919,919,919,919,919,919,919,919,919,919,919,919,919,919,919,919,919,
size:40
[agent] id:11
path:142,174,206,207,239,271,303,304,336,368,400,432,464,465,497,529,530,562,563,564,596,628,660,661,662,663,695,696,697,698,699,700,701,702,703,703,703,703,703,703,703,703,703,703,703,703,703,
goal:703,703,703,703,703,703,703,703,703,703,703,703,703,703,703,703,703,703,703,703,703,703,703,703,703,703,703,703,703,703,703,703,703,703,703,703,703,703,703,703,703,703,703,703,703,703,703,
size:34
[agent] id:12
path:351,383,383,383,383,383,383,383,383,383,383,383,383,383,383,383,383,383,383,383,383,383,383,383,383,383,383,383,383,383,383,383,383,383,383,383,383,383,383,383,383,383,383,383,383,383,383,
goal:383,383,383,383,383,383,383,383,383,383,383,383,383,383,383,383,383,383,383,383,383,383,383,383,383,383,383,383,383,383,383,383,383,383,383,383,383,383,383,383,383,383,383,383,383,383,383,
size:1
[agent] id:13
path:18,50,82,114,146,178,210,242,274,306,305,337,369,401,433,465,497,529,528,528,528,528,528,528,528,528,528,528,528,528,528,528,528,528,528,528,528,528,528,528,528,528,528,528,528,528,528,
goal:528,528,528,528,528,528,528,528,528,528,528,528,528,528,528,528,528,528,528,528,528,528,528,528,528,528,528,528,528,528,528,528,528,528,528,528,528,528,528,528,528,528,528,528,528,528,528,
size:18
[agent] id:14
path:613,614,582,550,518,519,520,521,489,457,458,426,394,395,396,364,332,300,268,269,269,269,269,269,269,269,269,269,269,269,269,269,269,269,269,269,269,269,269,269,269,269,269,269,269,269,269,
goal:269,269,269,269,269,269,269,269,269,269,269,269,269,269,269,269,269,269,269,269,269,269,269,269,269,269,269,269,269,269,269,269,269,269,269,269,269,269,269,269,269,269,269,269,269,269,269,
size:19
[agent] id:15
path:598,630,662,663,695,727,759,791,823,855,887,886,885,885,885,885,885,885,885,885,885,885,885,885,885,885,885,885,885,885,885,885,885,885,885,885,885,885,885,885,885,885,885,885,885,885,885,
goal:885,885,885,885,885,885,885,885,885,885,885,885,885,885,885,885,885,885,885,885,885,885,885,885,885,885,885,885,885,885,885,885,885,885,885,885,885,885,885,885,885,885,885,885,885,885,885,
size:12
[agent] id:16
path:574,606,605,637,636,635,634,633,632,664,663,662,661,660,659,658,657,656,655,654,653,652,651,650,649,648,647,646,645,644,644,644,644,644,644,644,644,644,644,644,644,644,644,644,644,644,644,
goal:644,644,644,644,644,644,644,644,644,644,644,644,644,644,644,644,644,644,644,644,644,644,644,644,644,644,644,644,644,644,644,644,644,644,644,644,644,644,644,644,644,644,644,644,644,644,644,
size:29
[agent] id:17
path:632,664,696,728,727,726,725,725,725,725,725,725,725,725,725,725,725,725,725,725,725,725,725,725,725,725,725,725,725,725,725,725,725,725,725,725,725,725,725,725,725,725,725,725,725,725,725,
goal:725,725,725,725,725,725,725,725,725,725,725,725,725,725,725,725,725,725,725,725,725,725,725,725,725,725,725,725,725,725,725,725,725,725,725,725,725,725,725,725,725,725,725,725,725,725,725,
size:6
[agent] id:18
path:159,191,223,255,287,286,318,317,349,381,380,379,378,410,442,474,473,472,504,536,535,567,599,631,630,629,661,693,692,724,723,755,754,786,818,850,849,848,847,846,845,844,843,842,841,840,839,
goal:839,839,839,839,839,839,839,839,839,839,839,839,839,839,839,839,839,839,839,839,839,839,839,839,839,839,839,839,839,839,839,839,839,839,839,839,839,839,839,839,839,839,839,839,839,839,839,
size:46
[agent] id:19
path:867,835,803,771,739,707,708,676,644,612,613,614,615,616,617,618,619,620,621,589,590,591,591,591,591,591,591,591,591,591,591,591,591,591,591,591,591,591,591,591,591,591,591,591,591,591,591,
goal:591,591,591,591,591,591,591,591,591,591,591,591,591,591,591,591,591,591,591,591,591,591,591,591,591,591,591,591,591,591,591,591,591,591,591,591,591,591,591,591,591,591,591,591,591,591,591,
size:21
[agent] id:20
path:528,560,592,591,623,655,687,686,718,750,782,814,846,845,844,843,842,841,840,839,838,837,836,835,867,866,866,866,866,866,866,866,866,866,866,866,866,866,866,866,866,866,866,866,866,866,866,
goal:866,866,866,866,866,866,866,866,866,866,866,866,866,866,866,866,866,866,866,866,866,866,866,866,866,866,866,866,866,866,866,866,866,866,866,866,866,866,866,866,866,866,866,866,866,866,866,
size:25
[agent] id:21
path:166,134,135,136,104,72,40,39,39,39,39,39,39,39,39,39,39,39,39,39,39,39,39,39,39,39,39,39,39,39,39,39,39,39,39,39,39,39,39,39,39,39,39,39,39,39,39,
goal:39,39,39,39,39,39,39,39,39,39,39,39,39,39,39,39,39,39,39,39,39,39,39,39,39,39,39,39,39,39,39,39,39,39,39,39,39,39,39,39,39,39,39,39,39,39,39,
size:7
[agent] id:22
path:1017,985,953,921,920,888,887,855,854,853,853,853,853,853,853,853,853,853,853,853,853,853,853,853,853,853,853,853,853,853,853,853,853,853,853,853,853,853,853,853,853,853,853,853,853,853,853,
goal:853,853,853,853,853,853,853,853,853,853,853,853,853,853,853,853,853,853,853,853,853,853,853,853,853,853,853,853,853,853,853,853,853,853,853,853,853,853,853,853,853,853,853,853,853,853,853,
size:9
[agent] id:23
path:257,258,290,322,354,355,356,357,389,421,422,423,423,423,423,423,423,423,423,423,423,423,423,423,423,423,423,423,423,423,423,423,423,423,423,423,423,423,423,423,423,423,423,423,423,423,423,
goal:423,423,423,423,423,423,423,423,423,423,423,423,423,423,423,423,423,423,423,423,423,423,423,423,423,423,423,423,423,423,423,423,423,423,423,423,423,423,423,423,423,423,423,423,423,423,423,
size:11
[agent] id:24
path:562,530,498,466,434,402,401,369,337,305,273,241,240,239,207,206,174,173,172,140,139,107,75,74,73,72,71,70,69,68,67,66,65,65,65,65,65,65,65,65,65,65,65,65,65,65,65,
goal:65,65,65,65,65,65,65,65,65,65,65,65,65,65,65,65,65,65,65,65,65,65,65,65,65,65,65,65,65,65,65,65,65,65,65,65,65,65,65,65,65,65,65,65,65,65,65,
size:32
[agent] id:25
path:439,438,470,469,501,500,499,531,530,529,528,527,526,525,524,556,555,554,522,521,520,519,518,517,517,517,517,517,517,517,517,517,517,517,517,517,517,517,517,517,517,517,517,517,517,517,517,
goal:517,517,517,517,517,517,517,517,517,517,517,517,517,517,517,517,517,517,517,517,517,517,517,517,517,517,517,517,517,517,517,517,517,517,517,517,517,517,517,517,517,517,517,517,517,517,517,
size:23
[agent] id:26
path:489,521,553,554,555,556,557,589,590,591,592,593,594,562,563,564,596,628,629,630,631,632,633,634,635,636,637,637,637,637,637,637,637,637,637,637,637,637,637,637,637,637,637,637,637,637,637,
goal:637,637,637,637,637,637,637,637,637,637,637,637,637,637,637,637,637,637,637,637,637,637,637,637,637,637,637,637,637,637,637,637,637,637,637,637,637,637,637,637,637,637,637,637,637,637,637,
size:26
[agent] id:27
path:722,723,724,725,757,758,758,759,791,792,793,793,793,793,793,793,793,793,793,793,793,793,793,793,793,793,793,793,793,793,793,793,793,793,793,793,793,793,793,793,793,793,793,793,793,793,793,
goal:793,793,793,793,793,793,793,793,793,793,793,793,793,793,793,793,793,793,793,793,793,793,793,793,793,793,793,793,793,793,793,793,793,793,793,793,793,793,793,793,793,793,793,793,793,793,793,
size:10
[agent] id:28
path:878,846,814,782,750,718,686,654,622,590,558,559,527,528,529,530,498,466,434,402,401,369,337,305,273,241,209,177,145,113,81,49,17,18,19,19,19,19,19,19,19,19,19,19,19,19,19,
goal:19,19,19,19,19,19,19,19,19,19,19,19,19,19,19,19,19,19,19,19,19,19,19,19,19,19,19,19,19,19,19,19,19,19,19,19,19,19,19,19,19,19,19,19,19,19,19,
size:34
[agent] id:29
path:563,562,594,626,626,626,626,626,626,626,626,626,626,626,626,626,626,626,626,626,626,626,626,626,626,626,626,626,626,626,626,626,626,626,626,626,626,626,626,626,626,626,626,626,626,626,626,
goal:626,626,626,626,626,626,626,626,626,626,626,626,626,626,626,626,626,626,626,626,626,626,626,626,626,626,626,626,626,626,626,626,626,626,626,626,626,626,626,626,626,626,626,626,626,626,626,
size:3
SolutionCost:636
