[setting] seed:19239
[solver] type:SASB-ECBS
[solver] w:2.000000
[solver] ID:0
[solver] Lowlevelnode:6210
[solver] Highlevelnode:25
[solver] ConflictCount:13
[solver] solved:1
[solver] elapsed:43
[solver] makespan:42
[problem] timesteplimit:15000
[problem] type:MAPF
[problem] agentnum:30
[graph] width:32
[graph] height:32
[graph] filename:./map/32by32_agents10_ex30.map
[task] id:24,start:0,end:0,service time:0,nodes:230,
[task] id:9,start:0,end:0,service time:0,nodes:547,
[task] id:18,start:0,end:0,service time:0,nodes:879,
[task] id:13,start:0,end:0,service time:0,nodes:750,
[task] id:21,start:0,end:0,service time:0,nodes:426,
[task] id:6,start:0,end:0,service time:0,nodes:178,
[task] id:16,start:0,end:0,service time:0,nodes:8,
[task] id:2,start:0,end:0,service time:0,nodes:299,
[task] id:8,start:0,end:0,service time:0,nodes:537,
[task] id:25,start:0,end:0,service time:0,nodes:990,
[task] id:29,start:0,end:0,service time:0,nodes:764,
[task] id:23,start:0,end:0,service time:0,nodes:907,
[task] id:27,start:0,end:0,service time:0,nodes:422,
[task] id:1,start:0,end:0,service time:0,nodes:82,
[task] id:14,start:0,end:0,service time:0,nodes:731,
[task] id:19,start:0,end:0,service time:0,nodes:10,
[task] id:17,start:0,end:0,service time:0,nodes:550,
[task] id:0,start:0,end:0,service time:0,nodes:956,
[task] id:15,start:0,end:0,service time:0,nodes:80,
[task] id:7,start:0,end:0,service time:0,nodes:223,
[task] id:12,start:0,end:0,service time:0,nodes:354,
[task] id:10,start:0,end:0,service time:0,nodes:636,
[task] id:4,start:0,end:0,service time:0,nodes:753,
[task] id:11,start:0,end:0,service time:0,nodes:846,
[task] id:28,start:0,end:0,service time:0,nodes:336,
[task] id:22,start:0,end:0,service time:0,nodes:942,
[task] id:26,start:0,end:0,service time:0,nodes:75,
[task] id:3,start:0,end:0,service time:0,nodes:946,
[task] id:5,start:0,end:0,service time:0,nodes:803,
[task] id:20,start:0,end:0,service time:0,nodes:965,
[agent] id:0
path:443,442,474,473,472,504,536,535,567,599,631,663,695,727,759,791,823,824,825,857,858,859,860,892,924,956,956,956,956,956,956,956,956,956,956,956,956,956,956,956,956,956,956,
goal:956,956,956,956,956,956,956,956,956,956,956,956,956,956,956,956,956,956,956,956,956,956,956,956,956,956,956,956,956,956,956,956,956,956,956,956,956,956,956,956,956,956,956,
size:25
[agent] id:1
path:439,407,375,374,342,310,309,308,307,306,274,242,242,241,209,177,145,113,81,82,82,82,82,82,82,82,82,82,82,82,82,82,82,82,82,82,82,82,82,82,82,82,82,
goal:82,82,82,82,82,82,82,82,82,82,82,82,82,82,82,82,82,82,82,82,82,82,82,82,82,82,82,82,82,82,82,82,82,82,82,82,82,82,82,82,82,82,82,
size:19
[agent] id:2
path:263,231,199,200,201,233,234,235,236,268,300,299,299,299,299,299,299,299,299,299,299,299,299,299,299,299,299,299,299,299,299,299,299,299,299,299,299,299,299,299,299,299,299,
goal:299,299,299,299,299,299,299,299,299,299,299,299,299,299,299,299,299,299,299,299,299,299,299,299,299,299,299,299,299,299,299,299,299,299,299,299,299,299,299,299,299,299,299,
size:11
[agent] id:3
path:448,480,512,544,576,577,609,641,673,705,737,738,770,802,803,835,836,837,838,839,840,841,842,843,844,845,846,847,848,880,912,944,945,946,946,946,946,946,946,946,946,946,946,
goal:946,946,946,946,946,946,946,946,946,946,946,946,946,946,946,946,946,946,946,946,946,946,946,946,946,946,946,946,946,946,946,946,946,946,946,946,946,946,946,946,946,946,946,
size:33
[agent] id:4
path:14,13,45,77,78,110,142,174,206,207,239,271,303,304,336,368,400,432,464,465,497,529,561,593,594,626,658,690,722,754,753,753,753,753,753,753,753,753,753,753,753,753,753,
goal:753,753,753,753,753,753,753,753,753,753,753,753,753,753,753,753,753,753,753,753,753,753,753,753,753,753,753,753,753,753,753,753,753,753,753,753,753,753,753,753,753,753,753,
size:30
[agent] id:5
path:735,734,766,765,797,796,795,794,793,825,824,823,855,854,853,852,851,850,849,848,847,846,845,844,812,811,810,809,808,807,806,805,804,803,803,803,803,803,803,803,803,803,803,
goal:803,803,803,803,803,803,803,803,803,803,803,803,803,803,803,803,803,803,803,803,803,803,803,803,803,803,803,803,803,803,803,803,803,803,803,803,803,803,803,803,803,803,803,
size:33
[agent] id:6
path:281,280,248,216,215,214,213,212,211,210,178,178,178,178,178,178,178,178,178,178,178,178,178,178,178,178,178,178,178,178,178,178,178,178,178,178,178,178,178,178,178,178,178,
goal:178,178,178,178,178,178,178,178,178,178,178,178,178,178,178,178,178,178,178,178,178,178,178,178,178,178,178,178,178,178,178,178,178,178,178,178,178,178,178,178,178,178,178,
size:10
[agent] id:7
path:12,44,44,45,77,78,110,142,143,144,176,177,209,210,211,212,213,181,182,183,184,185,186,187,188,189,221,222,223,223,223,223,223,223,223,223,223,223,223,223,223,223,223,
goal:223,223,223,223,223,223,223,223,223,223,223,223,223,223,223,223,223,223,223,223,223,223,223,223,223,223,223,223,223,223,223,223,223,223,223,223,223,223,223,223,223,223,223,
size:28
[agent] id:8
path:531,563,564,565,566,567,535,503,503,504,536,537,537,537,537,537,537,537,537,537,537,537,537,537,537,537,537,537,537,537,537,537,537,537,537,537,537,537,537,537,537,537,537,
goal:537,537,537,537,537,537,537,537,537,537,537,537,537,537,537,537,537,537,537,537,537,537,537,537,537,537,537,537,537,537,537,537,537,537,537,537,537,537,537,537,537,537,537,
size:11
[agent] id:9
path:705,673,641,609,577,578,579,547,547,547,547,547,547,547,547,547,547,547,547,547,547,547,547,547,547,547,547,547,547,547,547,547,547,547,547,547,547,547,547,547,547,547,547,
goal:547,547,547,547,547,547,547,547,547,547,547,547,547,547,547,547,547,547,547,547,547,547,547,547,547,547,547,547,547,547,547,547,547,547,547,547,547,547,547,547,547,547,547,
size:7
[agent] id:10
path:22,54,86,87,119,151,183,215,247,279,311,312,344,376,408,409,441,473,472,504,536,535,567,599,631,632,633,634,635,636,636,636,636,636,636,636,636,636,636,636,636,636,636,
goal:636,636,636,636,636,636,636,636,636,636,636,636,636,636,636,636,636,636,636,636,636,636,636,636,636,636,636,636,636,636,636,636,636,636,636,636,636,636,636,636,636,636,636,
size:29
[agent] id:11
path:41,73,105,137,169,201,233,234,235,236,268,300,332,364,396,428,460,461,493,525,557,589,621,653,685,717,749,781,782,814,846,846,846,846,846,846,846,846,846,846,846,846,846,
goal:846,846,846,846,846,846,846,846,846,846,846,846,846,846,846,846,846,846,846,846,846,846,846,846,846,846,846,846,846,846,846,846,846,846,846,846,846,846,846,846,846,846,846,
size:30
[agent] id:12
path:971,939,907,906,874,842,810,809,808,776,744,712,680,648,616,584,552,520,519,487,486,454,453,421,389,357,356,355,354,354,354,354,354,354,354,354,354,354,354,354,354,354,354,
goal:354,354,354,354,354,354,354,354,354,354,354,354,354,354,354,354,354,354,354,354,354,354,354,354,354,354,354,354,354,354,354,354,354,354,354,354,354,354,354,354,354,354,354,
size:28
[agent] id:13
path:627,659,691,690,689,688,687,686,718,750,750,750,750,750,750,750,750,750,750,750,750,750,750,750,750,750,750,750,750,750,750,750,750,750,750,750,750,750,750,750,750,750,750,
goal:750,750,750,750,750,750,750,750,750,750,750,750,750,750,750,750,750,750,750,750,750,750,750,750,750,750,750,750,750,750,750,750,750,750,750,750,750,750,750,750,750,750,750,
size:9
[agent] id:14
path:782,814,846,847,848,849,850,851,852,853,821,822,823,791,792,760,728,729,730,731,731,731,731,731,731,731,731,731,731,731,731,731,731,731,731,731,731,731,731,731,731,731,731,
goal:731,731,731,731,731,731,731,731,731,731,731,731,731,731,731,731,731,731,731,731,731,731,731,731,731,731,731,731,731,731,731,731,731,731,731,731,731,731,731,731,731,731,731,
size:19
[agent] id:15
path:418,419,420,421,389,357,358,326,294,262,263,231,199,200,201,202,203,171,172,173,174,142,110,78,79,80,80,80,80,80,80,80,80,80,80,80,80,80,80,80,80,80,80,
goal:80,80,80,80,80,80,80,80,80,80,80,80,80,80,80,80,80,80,80,80,80,80,80,80,80,80,80,80,80,80,80,80,80,80,80,80,80,80,80,80,80,80,80,
size:25
[agent] id:16
path:33,1,2,3,4,5,37,38,39,7,8,8,8,8,8,8,8,8,8,8,8,8,8,8,8,8,8,8,8,8,8,8,8,8,8,8,8,8,8,8,8,8,8,
goal:8,8,8,8,8,8,8,8,8,8,8,8,8,8,8,8,8,8,8,8,8,8,8,8,8,8,8,8,8,8,8,8,8,8,8,8,8,8,8,8,8,8,8,
size:10
[agent] id:17
path:760,728,696,664,632,600,599,567,566,565,564,563,562,561,560,559,558,557,556,555,554,553,552,551,550,550,550,550,550,550,550,550,550,550,550,550,550,550,550,550,550,550,550,
goal:550,550,550,550,550,550,550,550,550,550,550,550,550,550,550,550,550,550,550,550,550,550,550,550,550,550,550,550,550,550,550,550,550,550,550,550,550,550,550,550,550,550,550,
size:24
[agent] id:18
path:779,811,843,875,876,877,878,879,879,879,879,879,879,879,879,879,879,879,879,879,879,879,879,879,879,879,879,879,879,879,879,879,879,879,879,879,879,879,879,879,879,879,879,
goal:879,879,879,879,879,879,879,879,879,879,879,879,879,879,879,879,879,879,879,879,879,879,879,879,879,879,879,879,879,879,879,879,879,879,879,879,879,879,879,879,879,879,879,
size:7
[agent] id:19
path:489,457,458,426,394,395,396,364,332,300,301,269,268,236,204,172,140,139,107,75,74,42,10,10,10,10,10,10,10,10,10,10,10,10,10,10,10,10,10,10,10,10,10,
goal:10,10,10,10,10,10,10,10,10,10,10,10,10,10,10,10,10,10,10,10,10,10,10,10,10,10,10,10,10,10,10,10,10,10,10,10,10,10,10,10,10,10,10,
size:22
[agent] id:20
path:347,379,378,410,442,474,473,472,504,536,535,567,599,631,663,662,661,693,692,691,690,689,688,687,686,718,717,716,715,747,779,811,843,875,874,906,938,937,936,935,967,966,965,
goal:965,965,965,965,965,965,965,965,965,965,965,965,965,965,965,965,965,965,965,965,965,965,965,965,965,965,965,965,965,965,965,965,965,965,965,965,965,965,965,965,965,965,965,
size:42
[agent] id:21
path:516,517,518,519,520,521,489,457,458,426,426,426,426,426,426,426,426,426,426,426,426,426,426,426,426,426,426,426,426,426,426,426,426,426,426,426,426,426,426,426,426,426,426,
goal:426,426,426,426,426,426,426,426,426,426,426,426,426,426,426,426,426,426,426,426,426,426,426,426,426,426,426,426,426,426,426,426,426,426,426,426,426,426,426,426,426,426,426,
size:9
[agent] id:22
path:313,345,377,409,441,473,472,504,536,535,567,599,631,663,695,727,759,791,823,855,887,886,885,884,883,915,914,946,945,944,943,942,942,942,942,942,942,942,942,942,942,942,942,
goal:942,942,942,942,942,942,942,942,942,942,942,942,942,942,942,942,942,942,942,942,942,942,942,942,942,942,942,942,942,942,942,942,942,942,942,942,942,942,942,942,942,942,942,
size:31
[agent] id:23
path:519,551,583,615,647,679,711,743,775,807,839,840,841,842,874,906,907,907,907,907,907,907,907,907,907,907,907,907,907,907,907,907,907,907,907,907,907,907,907,907,907,907,907,
goal:907,907,907,907,907,907,907,907,907,907,907,907,907,907,907,907,907,907,907,907,907,907,907,907,907,907,907,907,907,907,907,907,907,907,907,907,907,907,907,907,907,907,907,
size:16
[agent] id:24
path:359,358,326,294,262,230,230,230,230,230,230,230,230,230,230,230,230,230,230,230,230,230,230,230,230,230,230,230,230,230,230,230,230,230,230,230,230,230,230,230,230,230,230,
goal:230,230,230,230,230,230,230,230,230,230,230,230,230,230,230,230,230,230,230,230,230,230,230,230,230,230,230,230,230,230,230,230,230,230,230,230,230,230,230,230,230,230,230,
size:5
[agent] id:25
path:701,733,765,797,798,830,831,863,895,927,959,991,990,990,990,990,990,990,990,990,990,990,990,990,990,990,990,990,990,990,990,990,990,990,990,990,990,990,990,990,990,990,990,
goal:990,990,990,990,990,990,990,990,990,990,990,990,990,990,990,990,990,990,990,990,990,990,990,990,990,990,990,990,990,990,990,990,990,990,990,990,990,990,990,990,990,990,990,
size:12
[agent] id:26
path:507,539,538,537,536,535,534,533,501,469,437,405,373,341,309,308,307,306,274,242,241,240,239,207,206,174,173,172,140,139,107,75,75,75,75,75,75,75,75,75,75,75,75,
goal:75,75,75,75,75,75,75,75,75,75,75,75,75,75,75,75,75,75,75,75,75,75,75,75,75,75,75,75,75,75,75,75,75,75,75,75,75,75,75,75,75,75,75,
size:31
[agent] id:27
path:499,498,497,529,528,527,526,494,493,461,460,459,458,457,456,424,423,422,422,422,422,422,422,422,422,422,422,422,422,422,422,422,422,422,422,422,422,422,422,422,422,422,422,
goal:422,422,422,422,422,422,422,422,422,422,422,422,422,422,422,422,422,422,422,422,422,422,422,422,422,422,422,422,422,422,422,422,422,422,422,422,422,422,422,422,422,422,422,
size:17
[agent] id:28
path:831,799,798,766,734,702,670,669,637,636,635,634,633,632,600,599,567,535,534,533,501,469,437,436,435,403,402,401,369,337,336,336,336,336,336,336,336,336,336,336,336,336,336,
goal:336,336,336,336,336,336,336,336,336,336,336,336,336,336,336,336,336,336,336,336,336,336,336,336,336,336,336,336,336,336,336,336,336,336,336,336,336,336,336,336,336,336,336,
size:30
[agent] id:29
path:786,754,755,723,724,725,726,727,728,729,730,762,794,795,796,764,764,764,764,764,764,764,764,764,764,764,764,764,764,764,764,764,764,764,764,764,764,764,764,764,764,764,764,
goal:764,764,764,764,764,764,764,764,764,764,764,764,764,764,764,764,764,764,764,764,764,764,764,764,764,764,764,764,764,764,764,764,764,764,764,764,764,764,764,764,764,764,764,
size:15
SolutionCost:618
