[setting] seed:7494
[solver] type:SASB-ECBS
[solver] w:2.000000
[solver] ID:0
[solver] Lowlevelnode:11899
[solver] Highlevelnode:27
[solver] ConflictCount:14
[solver] solved:1
[solver] elapsed:69
[solver] makespan:47
[problem] timesteplimit:15000
[problem] type:MAPF
[problem] agentnum:30
[graph] width:32
[graph] height:32
[graph] filename:./map/32by32_agents10_ex30.map
[task] id:22,start:0,end:0,service time:0,nodes:89,
[task] id:13,start:0,end:0,service time:0,nodes:928,
[task] id:28,start:0,end:0,service time:0,nodes:247,
[task] id:3,start:0,end:0,service time:0,nodes:629,
[task] id:27,start:0,end:0,service time:0,nodes:493,
[task] id:20,start:0,end:0,service time:0,nodes:660,
[task] id:21,start:0,end:0,service time:0,nodes:302,
[task] id:4,start:0,end:0,service time:0,nodes:240,
[task] id:16,start:0,end:0,service time:0,nodes:919,
[task] id:12,start:0,end:0,service time:0,nodes:973,
[task] id:9,start:0,end:0,service time:0,nodes:875,
[task] id:11,start:0,end:0,service time:0,nodes:758,
[task] id:25,start:0,end:0,service time:0,nodes:485,
[task] id:8,start:0,end:0,service time:0,nodes:305,
[task] id:18,start:0,end:0,service time:0,nodes:466,
[task] id:29,start:0,end:0,service time:0,nodes:12,
[task] id:10,start:0,end:0,service time:0,nodes:734,
[task] id:19,start:0,end:0,service time:0,nodes:216,
[task] id:24,start:0,end:0,service time:0,nodes:819,
[task] id:0,start:0,end:0,service time:0,nodes:944,
[task] id:23,start:0,end:0,service time:0,nodes:62,
[task] id:14,start:0,end:0,service time:0,nodes:416,
[task] id:7,start:0,end:0,service time:0,nodes:219,
[task] id:30,start:0,end:0,service time:0,nodes:919,
[task] id:17,start:0,end:0,service time:0,nodes:949,
[task] id:6,start:0,end:0,service time:0,nodes:218,
[task] id:1,start:0,end:0,service time:0,nodes:925,
[task] id:5,start:0,end:0,service time:0,nodes:133,
[task] id:26,start:0,end:0,service time:0,nodes:980,
[task] id:2,start:0,end:0,service time:0,nodes:993,
[task] id:15,start:0,end:0,service time:0,nodes:22,
[agent] id:0
path:242,274,306,305,337,369,401,433,465,466,466,498,530,562,561,593,594,626,658,690,722,754,786,818,850,882,914,946,945,944,944,944,944,944,944,944,944,944,944,944,944,944,944,944,944,944,944,944,
goal:944,944,944,944,944,944,944,944,944,944,944,944,944,944,944,944,944,944,944,944,944,944,944,944,944,944,944,944,944,944,944,944,944,944,944,944,944,944,944,944,944,944,944,944,944,944,944,944,
size:29
[agent] id:1
path:359,391,423,424,456,457,489,521,553,554,555,556,557,589,621,653,685,686,687,688,720,721,722,723,724,725,726,727,759,791,823,824,825,857,858,859,860,892,924,925,925,925,925,925,925,925,925,925,
goal:925,925,925,925,925,925,925,925,925,925,925,925,925,925,925,925,925,925,925,925,925,925,925,925,925,925,925,925,925,925,925,925,925,925,925,925,925,925,925,925,925,925,925,925,925,925,925,925,
size:39
[agent] id:2
path:214,213,245,277,309,308,307,306,305,304,303,302,301,300,332,364,396,428,460,459,458,490,522,554,553,552,584,616,648,680,712,744,776,808,840,872,904,936,935,967,966,965,964,963,962,961,993,993,
goal:993,993,993,993,993,993,993,993,993,993,993,993,993,993,993,993,993,993,993,993,993,993,993,993,993,993,993,993,993,993,993,993,993,993,993,993,993,993,993,993,993,993,993,993,993,993,993,993,
size:46
[agent] id:3
path:915,883,851,819,818,786,754,722,690,658,626,627,628,629,629,629,629,629,629,629,629,629,629,629,629,629,629,629,629,629,629,629,629,629,629,629,629,629,629,629,629,629,629,629,629,629,629,629,
goal:629,629,629,629,629,629,629,629,629,629,629,629,629,629,629,629,629,629,629,629,629,629,629,629,629,629,629,629,629,629,629,629,629,629,629,629,629,629,629,629,629,629,629,629,629,629,629,629,
size:13
[agent] id:4
path:688,656,655,623,591,559,527,528,529,497,465,433,401,369,337,305,273,241,240,240,240,240,240,240,240,240,240,240,240,240,240,240,240,240,240,240,240,240,240,240,240,240,240,240,240,240,240,240,
goal:240,240,240,240,240,240,240,240,240,240,240,240,240,240,240,240,240,240,240,240,240,240,240,240,240,240,240,240,240,240,240,240,240,240,240,240,240,240,240,240,240,240,240,240,240,240,240,240,
size:18
[agent] id:5
path:950,918,886,854,853,852,851,819,818,786,754,722,690,658,626,594,562,530,498,466,434,402,401,369,337,336,304,303,271,239,207,206,205,204,172,140,139,138,137,136,135,134,133,133,133,133,133,133,
goal:133,133,133,133,133,133,133,133,133,133,133,133,133,133,133,133,133,133,133,133,133,133,133,133,133,133,133,133,133,133,133,133,133,133,133,133,133,133,133,133,133,133,133,133,133,133,133,133,
size:42
[agent] id:6
path:976,944,912,880,848,849,850,818,786,754,722,690,658,626,594,562,530,498,466,434,435,436,437,405,373,341,309,277,245,213,214,215,183,184,185,217,218,218,218,218,218,218,218,218,218,218,218,218,
goal:218,218,218,218,218,218,218,218,218,218,218,218,218,218,218,218,218,218,218,218,218,218,218,218,218,218,218,218,218,218,218,218,218,218,218,218,218,218,218,218,218,218,218,218,218,218,218,218,
size:36
[agent] id:7
path:454,422,390,391,392,393,394,395,395,396,364,332,300,268,269,270,271,303,304,305,273,241,209,210,211,212,213,214,215,183,184,185,217,218,219,219,219,219,219,219,219,219,219,219,219,219,219,219,
goal:219,219,219,219,219,219,219,219,219,219,219,219,219,219,219,219,219,219,219,219,219,219,219,219,219,219,219,219,219,219,219,219,219,219,219,219,219,219,219,219,219,219,219,219,219,219,219,219,
size:34
[agent] id:8
path:670,669,637,605,604,603,571,539,538,537,536,535,534,533,501,469,437,405,373,341,309,308,307,306,305,305,305,305,305,305,305,305,305,305,305,305,305,305,305,305,305,305,305,305,305,305,305,305,
goal:305,305,305,305,305,305,305,305,305,305,305,305,305,305,305,305,305,305,305,305,305,305,305,305,305,305,305,305,305,305,305,305,305,305,305,305,305,305,305,305,305,305,305,305,305,305,305,305,
size:24
[agent] id:9
path:544,576,577,609,641,673,705,737,738,770,802,803,835,836,837,838,839,840,841,842,874,875,875,875,875,875,875,875,875,875,875,875,875,875,875,875,875,875,875,875,875,875,875,875,875,875,875,875,
goal:875,875,875,875,875,875,875,875,875,875,875,875,875,875,875,875,875,875,875,875,875,875,875,875,875,875,875,875,875,875,875,875,875,875,875,875,875,875,875,875,875,875,875,875,875,875,875,875,
size:21
[agent] id:10
path:938,906,874,875,843,844,845,846,847,848,849,850,851,852,853,821,822,823,791,792,793,794,795,796,764,765,733,734,734,734,734,734,734,734,734,734,734,734,734,734,734,734,734,734,734,734,734,734,
goal:734,734,734,734,734,734,734,734,734,734,734,734,734,734,734,734,734,734,734,734,734,734,734,734,734,734,734,734,734,734,734,734,734,734,734,734,734,734,734,734,734,734,734,734,734,734,734,734,
size:27
[agent] id:11
path:216,248,280,312,344,376,408,409,441,473,472,504,536,535,567,599,631,663,695,727,759,758,758,758,758,758,758,758,758,758,758,758,758,758,758,758,758,758,758,758,758,758,758,758,758,758,758,758,
goal:758,758,758,758,758,758,758,758,758,758,758,758,758,758,758,758,758,758,758,758,758,758,758,758,758,758,758,758,758,758,758,758,758,758,758,758,758,758,758,758,758,758,758,758,758,758,758,758,
size:21
[agent] id:12
path:737,738,770,802,803,835,867,899,900,901,933,934,935,936,937,969,970,971,972,973,973,973,973,973,973,973,973,973,973,973,973,973,973,973,973,973,973,973,973,973,973,973,973,973,973,973,973,973,
goal:973,973,973,973,973,973,973,973,973,973,973,973,973,973,973,973,973,973,973,973,973,973,973,973,973,973,973,973,973,973,973,973,973,973,973,973,973,973,973,973,973,973,973,973,973,973,973,973,
size:19
[agent] id:13
path:966,965,964,963,931,930,929,928,928,928,928,928,928,928,928,928,928,928,928,928,928,928,928,928,928,928,928,928,928,928,928,928,928,928,928,928,928,928,928,928,928,928,928,928,928,928,928,928,
goal:928,928,928,928,928,928,928,928,928,928,928,928,928,928,928,928,928,928,928,928,928,928,928,928,928,928,928,928,928,928,928,928,928,928,928,928,928,928,928,928,928,928,928,928,928,928,928,928,
size:7
[agent] id:14
path:570,538,537,536,535,567,566,565,564,563,562,561,560,559,558,557,556,555,554,522,490,489,457,456,424,423,422,421,420,419,418,417,416,416,416,416,416,416,416,416,416,416,416,416,416,416,416,416,
goal:416,416,416,416,416,416,416,416,416,416,416,416,416,416,416,416,416,416,416,416,416,416,416,416,416,416,416,416,416,416,416,416,416,416,416,416,416,416,416,416,416,416,416,416,416,416,416,416,
size:32
[agent] id:15
path:965,933,901,869,837,805,773,741,709,677,645,613,614,582,550,518,486,454,422,390,358,326,294,262,230,231,199,200,201,202,203,171,172,173,174,142,110,78,79,80,48,49,17,18,19,20,21,22,
goal:22,22,22,22,22,22,22,22,22,22,22,22,22,22,22,22,22,22,22,22,22,22,22,22,22,22,22,22,22,22,22,22,22,22,22,22,22,22,22,22,22,22,22,22,22,22,22,22,
size:47
[agent] id:16
path:808,840,841,842,874,875,876,877,878,879,880,881,882,883,884,885,886,918,919,919,919,919,919,919,919,919,919,919,919,919,919,919,920,920,920,919,919,919,919,919,919,919,919,919,919,919,919,919,
goal:919,919,919,919,919,919,919,919,919,919,919,919,919,919,919,919,919,919,919,919,919,919,919,919,919,919,919,919,919,919,919,919,919,919,919,919,919,919,919,919,919,919,919,919,919,919,919,919,
size:35
[agent] id:17
path:58,90,122,121,153,185,217,216,248,280,312,344,376,408,409,441,473,472,504,536,535,567,599,631,663,695,727,759,791,823,855,887,919,918,950,949,949,949,949,949,949,949,949,949,949,949,949,949,
goal:949,949,949,949,949,949,949,949,949,949,949,949,949,949,949,949,949,949,949,949,949,949,949,949,949,949,949,949,949,949,949,949,949,949,949,949,949,949,949,949,949,949,949,949,949,949,949,949,
size:35
[agent] id:18
path:260,228,229,230,231,199,200,201,233,234,235,236,268,269,301,302,334,366,367,399,431,463,464,465,466,466,466,466,466,466,466,466,466,466,466,466,466,466,466,466,466,466,466,466,466,466,466,466,
goal:466,466,466,466,466,466,466,466,466,466,466,466,466,466,466,466,466,466,466,466,466,466,466,466,466,466,466,466,466,466,466,466,466,466,466,466,466,466,466,466,466,466,466,466,466,466,466,466,
size:24
[agent] id:19
path:749,717,685,653,621,589,557,525,526,527,528,529,497,465,433,401,369,337,305,273,241,209,210,211,212,213,214,215,216,216,216,216,216,216,216,216,216,216,216,216,216,216,216,216,216,216,216,216,
goal:216,216,216,216,216,216,216,216,216,216,216,216,216,216,216,216,216,216,216,216,216,216,216,216,216,216,216,216,216,216,216,216,216,216,216,216,216,216,216,216,216,216,216,216,216,216,216,216,
size:28
[agent] id:20
path:940,908,876,844,845,846,814,782,750,718,686,654,655,656,657,658,659,660,660,660,660,660,660,660,660,660,660,660,660,660,660,660,660,660,660,660,660,660,660,660,660,660,660,660,660,660,660,660,
goal:660,660,660,660,660,660,660,660,660,660,660,660,660,660,660,660,660,660,660,660,660,660,660,660,660,660,660,660,660,660,660,660,660,660,660,660,660,660,660,660,660,660,660,660,660,660,660,660,
size:17
[agent] id:21
path:348,347,379,378,377,345,313,312,311,310,309,308,307,306,305,304,303,302,302,302,302,302,302,302,302,302,302,302,302,302,302,302,302,302,302,302,302,302,302,302,302,302,302,302,302,302,302,302,
goal:302,302,302,302,302,302,302,302,302,302,302,302,302,302,302,302,302,302,302,302,302,302,302,302,302,302,302,302,302,302,302,302,302,302,302,302,302,302,302,302,302,302,302,302,302,302,302,302,
size:17
[agent] id:22
path:153,121,89,89,89,89,89,89,89,89,89,89,89,89,89,89,89,89,89,89,89,89,89,89,89,89,89,89,89,89,89,89,89,89,89,89,89,89,89,89,89,89,89,89,89,89,89,89,
goal:89,89,89,89,89,89,89,89,89,89,89,89,89,89,89,89,89,89,89,89,89,89,89,89,89,89,89,89,89,89,89,89,89,89,89,89,89,89,89,89,89,89,89,89,89,89,89,89,
size:2
[agent] id:23
path:594,562,530,498,466,434,435,436,437,405,373,341,309,277,245,213,181,182,150,151,119,120,121,122,90,91,92,60,61,62,62,62,62,62,62,62,62,62,62,62,62,62,62,62,62,62,62,62,
goal:62,62,62,62,62,62,62,62,62,62,62,62,62,62,62,62,62,62,62,62,62,62,62,62,62,62,62,62,62,62,62,62,62,62,62,62,62,62,62,62,62,62,62,62,62,62,62,62,
size:29
[agent] id:24
path:233,234,235,236,268,300,332,364,396,428,460,461,493,525,557,589,621,653,685,686,687,688,720,752,753,785,786,818,819,819,819,819,819,819,819,819,819,819,819,819,819,819,819,819,819,819,819,819,
goal:819,819,819,819,819,819,819,819,819,819,819,819,819,819,819,819,819,819,819,819,819,819,819,819,819,819,819,819,819,819,819,819,819,819,819,819,819,819,819,819,819,819,819,819,819,819,819,819,
size:28
[agent] id:25
path:537,536,535,534,533,565,564,563,562,561,560,559,558,557,556,555,554,522,521,520,519,487,486,485,485,485,485,485,485,485,485,485,485,485,485,485,485,485,485,485,485,485,485,485,485,485,485,485,
goal:485,485,485,485,485,485,485,485,485,485,485,485,485,485,485,485,485,485,485,485,485,485,485,485,485,485,485,485,485,485,485,485,485,485,485,485,485,485,485,485,485,485,485,485,485,485,485,485,
size:23
[agent] id:26
path:95,127,159,191,223,255,287,286,318,317,349,381,380,379,378,410,442,474,473,472,504,536,535,567,599,631,663,695,727,759,791,823,855,887,886,885,884,883,915,914,946,978,979,980,980,980,980,980,
goal:980,980,980,980,980,980,980,980,980,980,980,980,980,980,980,980,980,980,980,980,980,980,980,980,980,980,980,980,980,980,980,980,980,980,980,980,980,980,980,980,980,980,980,980,980,980,980,980,
size:43
[agent] id:27
path:385,417,418,419,420,421,422,423,424,456,457,458,459,460,461,493,493,493,493,493,493,493,493,493,493,493,493,493,493,493,493,493,493,493,493,493,493,493,493,493,493,493,493,493,493,493,493,493,
goal:493,493,493,493,493,493,493,493,493,493,493,493,493,493,493,493,493,493,493,493,493,493,493,493,493,493,493,493,493,493,493,493,493,493,493,493,493,493,493,493,493,493,493,493,493,493,493,493,
size:15
[agent] id:28
path:207,239,240,241,242,243,211,212,213,214,215,247,247,247,247,247,247,247,247,247,247,247,247,247,247,247,247,247,247,247,247,247,247,247,247,247,247,247,247,247,247,247,247,247,247,247,247,247,
goal:247,247,247,247,247,247,247,247,247,247,247,247,247,247,247,247,247,247,247,247,247,247,247,247,247,247,247,247,247,247,247,247,247,247,247,247,247,247,247,247,247,247,247,247,247,247,247,247,
size:11
[agent] id:29
path:189,188,156,155,123,91,90,58,57,56,55,54,53,52,51,50,49,48,80,79,78,77,45,13,12,12,12,12,12,12,12,12,12,12,12,12,12,12,12,12,12,12,12,12,12,12,12,12,
goal:12,12,12,12,12,12,12,12,12,12,12,12,12,12,12,12,12,12,12,12,12,12,12,12,12,12,12,12,12,12,12,12,12,12,12,12,12,12,12,12,12,12,12,12,12,12,12,12,
size:24
SolutionCost:786
