[setting] seed:16189
[solver] type:SASB-ECBS
[solver] w:2.000000
[solver] ID:0
[solver] Lowlevelnode:10399
[solver] Highlevelnode:23
[solver] ConflictCount:12
[solver] solved:1
[solver] elapsed:59
[solver] makespan:40
[problem] timesteplimit:15000
[problem] type:MAPF
[problem] agentnum:30
[graph] width:32
[graph] height:32
[graph] filename:./map/32by32_agents10_ex30.map
[task] id:12,start:0,end:0,service time:0,nodes:742,
[task] id:1,start:0,end:0,service time:0,nodes:712,
[task] id:4,start:0,end:0,service time:0,nodes:413,
[task] id:20,start:0,end:0,service time:0,nodes:782,
[task] id:5,start:0,end:0,service time:0,nodes:151,
[task] id:0,start:0,end:0,service time:0,nodes:435,
[task] id:24,start:0,end:0,service time:0,nodes:681,
[task] id:29,start:0,end:0,service time:0,nodes:701,
[task] id:25,start:0,end:0,service time:0,nodes:553,
[task] id:19,start:0,end:0,service time:0,nodes:750,
[task] id:11,start:0,end:0,service time:0,nodes:771,
[task] id:27,start:0,end:0,service time:0,nodes:956,
[task] id:17,start:0,end:0,service time:0,nodes:1019,
[task] id:23,start:0,end:0,service time:0,nodes:240,
[task] id:21,start:0,end:0,service time:0,nodes:318,
[task] id:2,start:0,end:0,service time:0,nodes:204,
[task] id:16,start:0,end:0,service time:0,nodes:596,
[task] id:14,start:0,end:0,service time:0,nodes:169,
[task] id:3,start:0,end:0,service time:0,nodes:2,
[task] id:7,start:0,end:0,service time:0,nodes:924,
[task] id:26,start:0,end:0,service time:0,nodes:7,
[task] id:10,start:0,end:0,service time:0,nodes:693,
[task] id:6,start:0,end:0,service time:0,nodes:919,
[task] id:9,start:0,end:0,service time:0,nodes:356,
[task] id:28,start:0,end:0,service time:0,nodes:939,
[task] id:18,start:0,end:0,service time:0,nodes:949,
[task] id:22,start:0,end:0,service time:0,nodes:821,
[task] id:8,start:0,end:0,service time:0,nodes:442,
[task] id:13,start:0,end:0,service time:0,nodes:584,
[task] id:15,start:0,end:0,service time:0,nodes:804,
[agent] id:0
path:299,300,301,302,303,304,336,368,400,432,433,434,435,435,435,435,435,435,435,435,435,435,435,435,435,435,435,435,435,435,435,435,435,435,435,435,435,435,435,435,435,
goal:435,435,435,435,435,435,435,435,435,435,435,435,435,435,435,435,435,435,435,435,435,435,435,435,435,435,435,435,435,435,435,435,435,435,435,435,435,435,435,435,435,
size:12
[agent] id:1
path:967,935,936,904,872,840,808,776,744,712,712,712,712,712,712,712,712,712,712,712,712,712,712,712,712,712,712,712,712,712,712,712,712,712,712,712,712,712,712,712,712,
goal:712,712,712,712,712,712,712,712,712,712,712,712,712,712,712,712,712,712,712,712,712,712,712,712,712,712,712,712,712,712,712,712,712,712,712,712,712,712,712,712,712,
size:9
[agent] id:2
path:743,711,679,647,615,583,551,519,520,521,489,457,457,458,426,394,395,396,364,332,300,268,236,204,204,204,204,204,204,204,204,204,204,204,204,204,204,204,204,204,204,
goal:204,204,204,204,204,204,204,204,204,204,204,204,204,204,204,204,204,204,204,204,204,204,204,204,204,204,204,204,204,204,204,204,204,204,204,204,204,204,204,204,204,
size:23
[agent] id:3
path:463,431,399,367,366,334,302,270,269,268,236,204,172,140,139,107,75,74,42,41,40,39,38,37,5,4,3,2,2,2,2,2,2,2,2,2,2,2,2,2,2,
goal:2,2,2,2,2,2,2,2,2,2,2,2,2,2,2,2,2,2,2,2,2,2,2,2,2,2,2,2,2,2,2,2,2,2,2,2,2,2,2,2,2,
size:27
[agent] id:4
path:538,539,507,508,476,477,478,446,414,413,413,413,413,413,413,413,413,413,413,413,413,413,413,413,413,413,413,413,413,413,413,413,413,413,413,413,413,413,413,413,413,
goal:413,413,413,413,413,413,413,413,413,413,413,413,413,413,413,413,413,413,413,413,413,413,413,413,413,413,413,413,413,413,413,413,413,413,413,413,413,413,413,413,413,
size:9
[agent] id:5
path:30,62,94,93,92,91,123,122,121,153,152,151,151,151,151,151,151,151,151,151,151,151,151,151,151,151,151,151,151,151,151,151,151,151,151,151,151,151,151,151,151,
goal:151,151,151,151,151,151,151,151,151,151,151,151,151,151,151,151,151,151,151,151,151,151,151,151,151,151,151,151,151,151,151,151,151,151,151,151,151,151,151,151,151,
size:11
[agent] id:6
path:176,177,209,241,273,305,337,369,401,433,465,497,529,561,593,594,626,658,690,722,754,786,818,850,882,883,884,885,886,918,919,919,919,919,919,919,919,919,919,919,919,
goal:919,919,919,919,919,919,919,919,919,919,919,919,919,919,919,919,919,919,919,919,919,919,919,919,919,919,919,919,919,919,919,919,919,919,919,919,919,919,919,919,919,
size:30
[agent] id:7
path:904,936,937,938,939,940,941,942,943,944,945,946,978,979,980,948,949,950,982,983,984,985,986,987,988,989,957,925,924,924,924,924,924,924,924,924,924,924,924,924,924,
goal:924,924,924,924,924,924,924,924,924,924,924,924,924,924,924,924,924,924,924,924,924,924,924,924,924,924,924,924,924,924,924,924,924,924,924,924,924,924,924,924,924,
size:28
[agent] id:8
path:768,736,737,705,673,641,642,643,644,645,646,647,648,649,650,651,652,653,654,655,656,657,657,658,626,627,628,629,597,565,533,534,535,503,504,472,473,441,442,442,442,
goal:442,442,442,442,442,442,442,442,442,442,442,442,442,442,442,442,442,442,442,442,442,442,442,442,442,442,442,442,442,442,442,442,442,442,442,442,442,442,442,442,442,
size:38
[agent] id:9
path:1006,974,973,972,940,908,876,844,812,811,779,747,715,683,651,619,618,617,616,584,552,520,519,487,486,454,422,390,358,357,356,356,356,356,356,356,356,356,356,356,356,
goal:356,356,356,356,356,356,356,356,356,356,356,356,356,356,356,356,356,356,356,356,356,356,356,356,356,356,356,356,356,356,356,356,356,356,356,356,356,356,356,356,356,
size:30
[agent] id:10
path:416,448,480,512,544,576,577,609,641,642,643,644,645,646,647,648,649,650,651,652,653,685,686,687,688,689,690,691,692,693,693,693,693,693,693,693,693,693,693,693,693,
goal:693,693,693,693,693,693,693,693,693,693,693,693,693,693,693,693,693,693,693,693,693,693,693,693,693,693,693,693,693,693,693,693,693,693,693,693,693,693,693,693,693,
size:29
[agent] id:11
path:721,689,688,687,686,718,717,716,715,714,713,745,744,776,808,807,806,805,804,803,771,771,771,771,771,771,771,771,771,771,771,771,771,771,771,771,771,771,771,771,771,
goal:771,771,771,771,771,771,771,771,771,771,771,771,771,771,771,771,771,771,771,771,771,771,771,771,771,771,771,771,771,771,771,771,771,771,771,771,771,771,771,771,771,
size:20
[agent] id:12
path:838,806,774,742,742,742,742,742,742,742,742,742,742,742,742,742,742,742,742,742,742,742,742,742,742,742,742,742,742,742,742,742,742,742,742,742,742,742,742,742,742,
goal:742,742,742,742,742,742,742,742,742,742,742,742,742,742,742,742,742,742,742,742,742,742,742,742,742,742,742,742,742,742,742,742,742,742,742,742,742,742,742,742,742,
size:3
[agent] id:13
path:63,95,127,159,191,190,189,188,187,219,218,217,216,248,280,312,311,310,309,308,307,306,305,304,303,302,301,300,332,364,396,428,460,459,458,490,522,521,520,552,584,
goal:584,584,584,584,584,584,584,584,584,584,584,584,584,584,584,584,584,584,584,584,584,584,584,584,584,584,584,584,584,584,584,584,584,584,584,584,584,584,584,584,584,
size:40
[agent] id:14
path:691,659,627,626,594,562,530,498,466,434,402,401,369,337,305,273,241,240,239,207,206,205,204,203,202,201,169,169,169,169,169,169,169,169,169,169,169,169,169,169,169,
goal:169,169,169,169,169,169,169,169,169,169,169,169,169,169,169,169,169,169,169,169,169,169,169,169,169,169,169,169,169,169,169,169,169,169,169,169,169,169,169,169,169,
size:26
[agent] id:15
path:184,216,248,280,312,344,376,408,407,439,438,470,469,501,500,499,531,530,529,528,560,592,591,623,655,654,686,718,717,716,715,747,779,811,810,809,808,807,806,805,804,
goal:804,804,804,804,804,804,804,804,804,804,804,804,804,804,804,804,804,804,804,804,804,804,804,804,804,804,804,804,804,804,804,804,804,804,804,804,804,804,804,804,804,
size:40
[agent] id:16
path:357,389,421,453,485,517,549,550,551,552,553,554,555,556,557,558,559,560,560,561,562,563,564,596,596,596,596,596,596,596,596,596,596,596,596,596,596,596,596,596,596,
goal:596,596,596,596,596,596,596,596,596,596,596,596,596,596,596,596,596,596,596,596,596,596,596,596,596,596,596,596,596,596,596,596,596,596,596,596,596,596,596,596,596,
size:23
[agent] id:17
path:938,939,940,941,942,943,944,945,946,978,979,980,948,949,950,982,983,984,985,986,987,1019,1019,1019,1019,1019,1019,1019,1019,1019,1019,1019,1019,1019,1019,1019,1019,1019,1019,1019,1019,
goal:1019,1019,1019,1019,1019,1019,1019,1019,1019,1019,1019,1019,1019,1019,1019,1019,1019,1019,1019,1019,1019,1019,1019,1019,1019,1019,1019,1019,1019,1019,1019,1019,1019,1019,1019,1019,1019,1019,1019,1019,1019,
size:21
[agent] id:18
path:78,110,142,174,206,207,239,271,303,304,336,368,400,432,464,465,497,529,561,593,594,626,658,690,722,754,786,818,850,882,883,884,885,886,918,950,949,949,949,949,949,
goal:949,949,949,949,949,949,949,949,949,949,949,949,949,949,949,949,949,949,949,949,949,949,949,949,949,949,949,949,949,949,949,949,949,949,949,949,949,949,949,949,949,
size:36
[agent] id:19
path:700,699,731,730,729,728,727,726,725,724,723,722,721,720,688,687,686,718,750,750,750,750,750,750,750,750,750,750,750,750,750,750,750,750,750,750,750,750,750,750,750,
goal:750,750,750,750,750,750,750,750,750,750,750,750,750,750,750,750,750,750,750,750,750,750,750,750,750,750,750,750,750,750,750,750,750,750,750,750,750,750,750,750,750,
size:18
[agent] id:20
path:776,808,809,810,811,812,844,845,846,814,782,782,782,782,782,782,782,782,782,782,782,782,782,782,782,782,782,782,782,782,782,782,782,782,782,782,782,782,782,782,782,
goal:782,782,782,782,782,782,782,782,782,782,782,782,782,782,782,782,782,782,782,782,782,782,782,782,782,782,782,782,782,782,782,782,782,782,782,782,782,782,782,782,782,
size:10
[agent] id:21
path:727,695,663,631,632,600,599,567,535,503,504,472,473,441,409,377,378,379,347,315,316,317,318,318,318,318,318,318,318,318,318,318,318,318,318,318,318,318,318,318,318,
goal:318,318,318,318,318,318,318,318,318,318,318,318,318,318,318,318,318,318,318,318,318,318,318,318,318,318,318,318,318,318,318,318,318,318,318,318,318,318,318,318,318,
size:22
[agent] id:22
path:259,260,292,293,294,326,358,390,422,454,486,518,550,582,614,646,647,648,649,650,651,652,653,685,686,687,688,720,752,753,785,786,818,819,851,852,853,821,821,821,821,
goal:821,821,821,821,821,821,821,821,821,821,821,821,821,821,821,821,821,821,821,821,821,821,821,821,821,821,821,821,821,821,821,821,821,821,821,821,821,821,821,821,821,
size:37
[agent] id:23
path:819,818,786,754,722,690,658,626,594,562,530,498,466,434,402,401,369,337,305,273,241,240,240,240,240,240,240,240,240,240,240,240,240,240,240,240,240,240,240,240,240,
goal:240,240,240,240,240,240,240,240,240,240,240,240,240,240,240,240,240,240,240,240,240,240,240,240,240,240,240,240,240,240,240,240,240,240,240,240,240,240,240,240,240,
size:21
[agent] id:24
path:394,426,458,490,522,554,553,552,584,616,648,680,681,681,681,681,681,681,681,681,681,681,681,681,681,681,681,681,681,681,681,681,681,681,681,681,681,681,681,681,681,
goal:681,681,681,681,681,681,681,681,681,681,681,681,681,681,681,681,681,681,681,681,681,681,681,681,681,681,681,681,681,681,681,681,681,681,681,681,681,681,681,681,681,
size:12
[agent] id:25
path:233,234,235,236,268,300,332,364,396,428,460,459,458,490,522,554,553,553,553,553,553,553,553,553,553,553,553,553,553,553,553,553,553,553,553,553,553,553,553,553,553,
goal:553,553,553,553,553,553,553,553,553,553,553,553,553,553,553,553,553,553,553,553,553,553,553,553,553,553,553,553,553,553,553,553,553,553,553,553,553,553,553,553,553,
size:16
[agent] id:26
path:686,654,622,590,558,526,494,493,461,429,397,396,364,332,300,268,236,204,172,140,139,107,75,74,42,10,9,8,7,7,7,7,7,7,7,7,7,7,7,7,7,
goal:7,7,7,7,7,7,7,7,7,7,7,7,7,7,7,7,7,7,7,7,7,7,7,7,7,7,7,7,7,7,7,7,7,7,7,7,7,7,7,7,7,
size:28
[agent] id:27
path:504,536,535,567,599,631,663,695,727,759,791,823,824,825,857,858,859,860,892,924,956,956,956,956,956,956,956,956,956,956,956,956,956,956,956,956,956,956,956,956,956,
goal:956,956,956,956,956,956,956,956,956,956,956,956,956,956,956,956,956,956,956,956,956,956,956,956,956,956,956,956,956,956,956,956,956,956,956,956,956,956,956,956,956,
size:20
[agent] id:28
path:228,229,261,262,262,294,326,358,390,422,454,486,518,519,519,551,583,615,647,679,711,743,775,807,839,871,872,904,936,937,938,939,939,939,939,939,939,939,939,939,939,
goal:939,939,939,939,939,939,939,939,939,939,939,939,939,939,939,939,939,939,939,939,939,939,939,939,939,939,939,939,939,939,939,939,939,939,939,939,939,939,939,939,939,
size:31
[agent] id:29
path:1021,989,957,925,893,894,895,863,831,799,798,766,734,702,701,701,701,701,701,701,701,701,701,701,701,701,701,701,701,701,701,701,701,701,701,701,701,701,701,701,701,
goal:701,701,701,701,701,701,701,701,701,701,701,701,701,701,701,701,701,701,701,701,701,701,701,701,701,701,701,701,701,701,701,701,701,701,701,701,701,701,701,701,701,
size:14
SolutionCost:684
