[setting] seed:1298
[solver] type:SASB-ECBS
[solver] w:2.000000
[solver] ID:0
[solver] Lowlevelnode:4030
[solver] Highlevelnode:23
[solver] ConflictCount:12
[solver] solved:1
[solver] elapsed:37
[solver] makespan:38
[problem] timesteplimit:15000
[problem] type:MAPF
[problem] agentnum:30
[graph] width:32
[graph] height:32
[graph] filename:./map/32by32_agents10_ex30.map
[task] id:22,start:0,end:0,service time:0,nodes:112,
[task] id:8,start:0,end:0,service time:0,nodes:534,
[task] id:14,start:0,end:0,service time:0,nodes:94,
[task] id:25,start:0,end:0,service time:0,nodes:22,
[task] id:5,start:0,end:0,service time:0,nodes:950,
[task] id:7,start:0,end:0,service time:0,nodes:557,
[task] id:9,start:0,end:0,service time:0,nodes:946,
[task] id:28,start:0,end:0,service time:0,nodes:356,
[task] id:10,start:0,end:0,service time:0,nodes:212,
[task] id:20,start:0,end:0,service time:0,nodes:399,
[task] id:4,start:0,end:0,service time:0,nodes:84,
[task] id:15,start:0,end:0,service time:0,nodes:899,
[task] id:27,start:0,end:0,service time:0,nodes:140,
[task] id:0,start:0,end:0,service time:0,nodes:918,
[task] id:6,start:0,end:0,service time:0,nodes:74,
[task] id:16,start:0,end:0,service time:0,nodes:67,
[task] id:24,start:0,end:0,service time:0,nodes:715,
[task] id:13,start:0,end:0,service time:0,nodes:573,
[task] id:1,start:0,end:0,service time:0,nodes:441,
[task] id:26,start:0,end:0,service time:0,nodes:297,
[task] id:29,start:0,end:0,service time:0,nodes:743,
[task] id:18,start:0,end:0,service time:0,nodes:604,
[task] id:19,start:0,end:0,service time:0,nodes:456,
[task] id:2,start:0,end:0,service time:0,nodes:957,
[task] id:11,start:0,end:0,service time:0,nodes:521,
[task] id:23,start:0,end:0,service time:0,nodes:114,
[task] id:12,start:0,end:0,service time:0,nodes:63,
[task] id:3,start:0,end:0,service time:0,nodes:132,
[task] id:17,start:0,end:0,service time:0,nodes:836,
[task] id:21,start:0,end:0,service time:0,nodes:603,
[agent] id:0
path:405,437,469,501,533,565,597,629,661,693,725,757,758,759,791,823,855,887,886,918,918,918,918,918,918,918,918,918,918,918,918,918,918,918,918,918,918,918,918,
goal:918,918,918,918,918,918,918,918,918,918,918,918,918,918,918,918,918,918,918,918,918,918,918,918,918,918,918,918,918,918,918,918,918,918,918,918,918,918,918,
size:19
[agent] id:1
path:847,848,849,850,818,786,754,722,690,658,626,594,562,563,564,565,566,567,535,503,504,472,473,441,441,441,441,441,441,441,441,441,441,441,441,441,441,441,441,
goal:441,441,441,441,441,441,441,441,441,441,441,441,441,441,441,441,441,441,441,441,441,441,441,441,441,441,441,441,441,441,441,441,441,441,441,441,441,441,441,
size:23
[agent] id:2
path:808,840,841,842,874,875,876,877,878,879,880,881,882,883,884,885,886,918,919,920,952,953,985,986,987,955,956,957,957,957,957,957,957,957,957,957,957,957,957,
goal:957,957,957,957,957,957,957,957,957,957,957,957,957,957,957,957,957,957,957,957,957,957,957,957,957,957,957,957,957,957,957,957,957,957,957,957,957,957,957,
size:27
[agent] id:3
path:29,28,27,26,58,57,56,55,54,53,52,84,83,115,114,146,145,144,143,142,174,173,172,171,139,138,137,136,135,134,133,132,132,132,132,132,132,132,132,
goal:132,132,132,132,132,132,132,132,132,132,132,132,132,132,132,132,132,132,132,132,132,132,132,132,132,132,132,132,132,132,132,132,132,132,132,132,132,132,132,
size:31
[agent] id:4
path:307,306,274,242,210,178,146,145,113,81,82,83,51,83,84,84,84,84,84,84,84,84,84,84,84,84,84,84,84,84,84,84,84,84,84,84,84,84,84,
goal:84,84,84,84,84,84,84,84,84,84,84,84,84,84,84,84,84,84,84,84,84,84,84,84,84,84,84,84,84,84,84,84,84,84,84,84,84,84,84,
size:14
[agent] id:5
path:757,758,759,791,823,855,887,919,918,950,950,950,950,950,950,950,950,950,950,950,950,950,950,950,950,950,950,950,950,950,950,950,950,950,950,950,950,950,950,
goal:950,950,950,950,950,950,950,950,950,950,950,950,950,950,950,950,950,950,950,950,950,950,950,950,950,950,950,950,950,950,950,950,950,950,950,950,950,950,950,
size:9
[agent] id:6
path:486,454,422,390,391,392,393,394,395,396,364,332,300,268,236,204,172,171,139,107,75,74,74,74,74,74,74,74,74,74,74,74,74,74,74,74,74,74,74,
goal:74,74,74,74,74,74,74,74,74,74,74,74,74,74,74,74,74,74,74,74,74,74,74,74,74,74,74,74,74,74,74,74,74,74,74,74,74,74,74,
size:21
[agent] id:7
path:434,466,498,530,562,561,560,559,558,557,557,557,557,557,557,557,557,557,557,557,557,557,557,557,557,557,557,557,557,557,557,557,557,557,557,557,557,557,557,
goal:557,557,557,557,557,557,557,557,557,557,557,557,557,557,557,557,557,557,557,557,557,557,557,557,557,557,557,557,557,557,557,557,557,557,557,557,557,557,557,
size:9
[agent] id:8
path:538,537,536,535,534,534,534,534,534,534,534,534,534,534,534,534,534,534,534,534,534,534,534,534,534,534,534,534,534,534,534,534,534,534,534,534,534,534,534,
goal:534,534,534,534,534,534,534,534,534,534,534,534,534,534,534,534,534,534,534,534,534,534,534,534,534,534,534,534,534,534,534,534,534,534,534,534,534,534,534,
size:4
[agent] id:9
path:985,984,983,982,950,949,948,980,979,978,946,946,946,946,946,946,946,946,946,946,946,946,946,946,946,946,946,946,946,946,946,946,946,946,946,946,946,946,946,
goal:946,946,946,946,946,946,946,946,946,946,946,946,946,946,946,946,946,946,946,946,946,946,946,946,946,946,946,946,946,946,946,946,946,946,946,946,946,946,946,
size:10
[agent] id:10
path:92,91,123,155,187,219,218,217,216,215,214,213,212,212,212,212,212,212,212,212,212,212,212,212,212,212,212,212,212,212,212,212,212,212,212,212,212,212,212,
goal:212,212,212,212,212,212,212,212,212,212,212,212,212,212,212,212,212,212,212,212,212,212,212,212,212,212,212,212,212,212,212,212,212,212,212,212,212,212,212,
size:12
[agent] id:11
path:825,793,792,760,728,727,726,725,693,692,660,659,627,626,594,562,561,560,559,558,526,525,524,556,555,554,522,521,521,521,521,521,521,521,521,521,521,521,521,
goal:521,521,521,521,521,521,521,521,521,521,521,521,521,521,521,521,521,521,521,521,521,521,521,521,521,521,521,521,521,521,521,521,521,521,521,521,521,521,521,
size:27
[agent] id:12
path:759,727,695,663,631,599,567,535,503,504,472,473,441,442,410,378,379,347,315,316,317,285,286,287,255,223,191,159,127,95,63,63,63,63,63,63,63,63,63,
goal:63,63,63,63,63,63,63,63,63,63,63,63,63,63,63,63,63,63,63,63,63,63,63,63,63,63,63,63,63,63,63,63,63,63,63,63,63,63,63,
size:30
[agent] id:13
path:524,556,557,589,590,591,592,593,594,626,627,628,629,630,631,632,633,634,602,603,604,605,573,573,573,573,573,573,573,573,573,573,573,573,573,573,573,573,573,
goal:573,573,573,573,573,573,573,573,573,573,573,573,573,573,573,573,573,573,573,573,573,573,573,573,573,573,573,573,573,573,573,573,573,573,573,573,573,573,573,
size:22
[agent] id:14
path:25,57,89,90,91,92,93,94,94,94,94,94,94,94,94,94,94,94,94,94,94,94,94,94,94,94,94,94,94,94,94,94,94,94,94,94,94,94,94,
goal:94,94,94,94,94,94,94,94,94,94,94,94,94,94,94,94,94,94,94,94,94,94,94,94,94,94,94,94,94,94,94,94,94,94,94,94,94,94,94,
size:7
[agent] id:15
path:782,814,846,845,844,843,842,841,840,872,871,870,902,901,900,899,899,899,899,899,899,899,899,899,899,899,899,899,899,899,899,899,899,899,899,899,899,899,899,
goal:899,899,899,899,899,899,899,899,899,899,899,899,899,899,899,899,899,899,899,899,899,899,899,899,899,899,899,899,899,899,899,899,899,899,899,899,899,899,899,
size:15
[agent] id:16
path:429,397,396,364,332,300,268,236,204,172,140,139,107,75,74,73,72,71,70,69,68,67,67,67,67,67,67,67,67,67,67,67,67,67,67,67,67,67,67,
goal:67,67,67,67,67,67,67,67,67,67,67,67,67,67,67,67,67,67,67,67,67,67,67,67,67,67,67,67,67,67,67,67,67,67,67,67,67,67,67,
size:21
[agent] id:17
path:570,602,634,633,632,664,696,728,760,792,824,823,855,854,853,852,851,850,849,848,847,846,845,844,843,842,841,840,839,838,837,836,836,836,836,836,836,836,836,
goal:836,836,836,836,836,836,836,836,836,836,836,836,836,836,836,836,836,836,836,836,836,836,836,836,836,836,836,836,836,836,836,836,836,836,836,836,836,836,836,
size:31
[agent] id:18
path:123,155,187,219,218,217,216,248,280,312,344,376,408,409,441,473,472,504,536,537,569,570,602,603,604,604,604,604,604,604,604,604,604,604,604,604,604,604,604,
goal:604,604,604,604,604,604,604,604,604,604,604,604,604,604,604,604,604,604,604,604,604,604,604,604,604,604,604,604,604,604,604,604,604,604,604,604,604,604,604,
size:24
[agent] id:19
path:152,184,216,248,280,312,311,310,309,308,307,306,305,304,303,302,301,300,332,364,396,428,460,459,458,457,456,456,456,456,456,456,456,456,456,456,456,456,456,
goal:456,456,456,456,456,456,456,456,456,456,456,456,456,456,456,456,456,456,456,456,456,456,456,456,456,456,456,456,456,456,456,456,456,456,456,456,456,456,456,
size:26
[agent] id:20
path:598,566,565,564,563,531,499,467,435,403,402,401,400,399,399,399,399,399,399,399,399,399,399,399,399,399,399,399,399,399,399,399,399,399,399,399,399,399,399,
goal:399,399,399,399,399,399,399,399,399,399,399,399,399,399,399,399,399,399,399,399,399,399,399,399,399,399,399,399,399,399,399,399,399,399,399,399,399,399,399,
size:13
[agent] id:21
path:928,929,930,898,866,867,835,803,771,739,707,708,676,644,645,646,647,648,649,650,651,652,653,654,655,656,657,658,626,627,628,629,630,631,632,633,634,602,603,
goal:603,603,603,603,603,603,603,603,603,603,603,603,603,603,603,603,603,603,603,603,603,603,603,603,603,603,603,603,603,603,603,603,603,603,603,603,603,603,603,
size:38
[agent] id:22
path:48,80,112,112,112,112,112,112,112,112,112,112,112,112,112,112,112,112,112,112,112,112,112,112,112,112,112,112,112,112,112,112,112,112,112,112,112,112,112,
goal:112,112,112,112,112,112,112,112,112,112,112,112,112,112,112,112,112,112,112,112,112,112,112,112,112,112,112,112,112,112,112,112,112,112,112,112,112,112,112,
size:2
[agent] id:23
path:582,550,518,486,454,422,390,391,392,393,394,395,396,364,332,300,268,269,270,271,239,240,241,209,177,145,113,114,114,114,114,114,114,114,114,114,114,114,114,
goal:114,114,114,114,114,114,114,114,114,114,114,114,114,114,114,114,114,114,114,114,114,114,114,114,114,114,114,114,114,114,114,114,114,114,114,114,114,114,114,
size:27
[agent] id:24
path:406,438,470,469,501,533,565,597,629,661,693,692,691,690,689,688,687,686,718,717,716,715,715,715,715,715,715,715,715,715,715,715,715,715,715,715,715,715,715,
goal:715,715,715,715,715,715,715,715,715,715,715,715,715,715,715,715,715,715,715,715,715,715,715,715,715,715,715,715,715,715,715,715,715,715,715,715,715,715,715,
size:21
[agent] id:25
path:80,81,49,17,18,19,20,21,22,22,22,22,22,22,22,22,22,22,22,22,22,22,22,22,22,22,22,22,22,22,22,22,22,22,22,22,22,22,22,
goal:22,22,22,22,22,22,22,22,22,22,22,22,22,22,22,22,22,22,22,22,22,22,22,22,22,22,22,22,22,22,22,22,22,22,22,22,22,22,22,
size:8
[agent] id:26
path:215,214,213,212,211,243,242,241,240,239,207,206,205,204,203,202,201,200,199,231,263,264,296,297,297,297,297,297,297,297,297,297,297,297,297,297,297,297,297,
goal:297,297,297,297,297,297,297,297,297,297,297,297,297,297,297,297,297,297,297,297,297,297,297,297,297,297,297,297,297,297,297,297,297,297,297,297,297,297,297,
size:23
[agent] id:27
path:22,54,53,52,84,83,115,114,146,145,144,143,142,174,173,172,140,140,140,140,140,140,140,140,140,140,140,140,140,140,140,140,140,140,140,140,140,140,140,
goal:140,140,140,140,140,140,140,140,140,140,140,140,140,140,140,140,140,140,140,140,140,140,140,140,140,140,140,140,140,140,140,140,140,140,140,140,140,140,140,
size:16
[agent] id:28
path:166,165,197,229,261,293,294,326,358,357,356,356,356,356,356,356,356,356,356,356,356,356,356,356,356,356,356,356,356,356,356,356,356,356,356,356,356,356,356,
goal:356,356,356,356,356,356,356,356,356,356,356,356,356,356,356,356,356,356,356,356,356,356,356,356,356,356,356,356,356,356,356,356,356,356,356,356,356,356,356,
size:10
[agent] id:29
path:71,103,135,167,199,231,263,262,294,326,358,390,422,454,486,518,550,582,614,646,678,710,742,743,743,743,743,743,743,743,743,743,743,743,743,743,743,743,743,
goal:743,743,743,743,743,743,743,743,743,743,743,743,743,743,743,743,743,743,743,743,743,743,743,743,743,743,743,743,743,743,743,743,743,743,743,743,743,743,743,
size:23
SolutionCost:563
