[setting] seed:20252
[solver] type:SASB-ECBS
[solver] w:2.000000
[solver] ID:0
[solver] Lowlevelnode:49969
[solver] Highlevelnode:27
[solver] ConflictCount:14
[solver] solved:1
[solver] elapsed:279
[solver] makespan:44
[problem] timesteplimit:15000
[problem] type:MAPF
[problem] agentnum:30
[graph] width:32
[graph] height:32
[graph] filename:./map/32by32_agents10_ex30.map
[task] id:13,start:0,end:0,service time:0,nodes:409,
[task] id:14,start:0,end:0,service time:0,nodes:342,
[task] id:8,start:0,end:0,service time:0,nodes:431,
[task] id:22,start:0,end:0,service time:0,nodes:908,
[task] id:6,start:0,end:0,service time:0,nodes:82,
[task] id:3,start:0,end:0,service time:0,nodes:841,
[task] id:15,start:0,end:0,service time:0,nodes:654,
[task] id:24,start:0,end:0,service time:0,nodes:691,
[task] id:27,start:0,end:0,service time:0,nodes:212,
[task] id:12,start:0,end:0,service time:0,nodes:752,
[task] id:0,start:0,end:0,service time:0,nodes:870,
[task] id:17,start:0,end:0,service time:0,nodes:473,
[task] id:19,start:0,end:0,service time:0,nodes:420,
[task] id:5,start:0,end:0,service time:0,nodes:500,
[task] id:20,start:0,end:0,service time:0,nodes:879,
[task] id:21,start:0,end:0,service time:0,nodes:944,
[task] id:9,start:0,end:0,service time:0,nodes:509,
[task] id:10,start:0,end:0,service time:0,nodes:504,
[task] id:26,start:0,end:0,service time:0,nodes:747,
[task] id:23,start:0,end:0,service time:0,nodes:96,
[task] id:18,start:0,end:0,service time:0,nodes:569,
[task] id:1,start:0,end:0,service time:0,nodes:266,
[task] id:2,start:0,end:0,service time:0,nodes:294,
[task] id:29,start:0,end:0,service time:0,nodes:1005,
[task] id:16,start:0,end:0,service time:0,nodes:472,
[task] id:30,start:0,end:0,service time:0,nodes:504,
[task] id:28,start:0,end:0,service time:0,nodes:69,
[task] id:7,start:0,end:0,service time:0,nodes:54,
[task] id:11,start:0,end:0,service time:0,nodes:94,
[task] id:25,start:0,end:0,service time:0,nodes:83,
[task] id:4,start:0,end:0,service time:0,nodes:900,
[agent] id:0
path:525,557,589,621,653,685,717,716,715,747,779,811,843,842,841,840,872,871,870,870,870,870,870,870,870,870,870,870,870,870,870,870,870,870,870,870,870,870,870,870,870,870,870,870,870,
goal:870,870,870,870,870,870,870,870,870,870,870,870,870,870,870,870,870,870,870,870,870,870,870,870,870,870,870,870,870,870,870,870,870,870,870,870,870,870,870,870,870,870,870,870,870,
size:18
[agent] id:1
path:477,478,446,414,413,381,380,379,378,377,345,313,312,311,310,309,308,307,306,305,304,303,271,270,269,268,236,235,234,266,266,266,266,266,266,266,266,266,266,266,266,266,266,266,266,
goal:266,266,266,266,266,266,266,266,266,266,266,266,266,266,266,266,266,266,266,266,266,266,266,266,266,266,266,266,266,266,266,266,266,266,266,266,266,266,266,266,266,266,266,266,266,
size:29
[agent] id:2
path:316,315,347,379,378,377,345,313,312,311,310,309,308,307,306,305,304,303,302,301,300,268,236,235,234,233,201,200,199,231,263,262,294,294,294,294,294,294,294,294,294,294,294,294,294,
goal:294,294,294,294,294,294,294,294,294,294,294,294,294,294,294,294,294,294,294,294,294,294,294,294,294,294,294,294,294,294,294,294,294,294,294,294,294,294,294,294,294,294,294,294,294,
size:32
[agent] id:3
path:454,486,518,550,582,614,646,678,710,742,774,806,807,808,809,841,841,841,841,841,841,841,841,841,841,841,841,841,841,841,841,841,841,841,841,841,841,841,841,841,841,841,841,841,841,
goal:841,841,841,841,841,841,841,841,841,841,841,841,841,841,841,841,841,841,841,841,841,841,841,841,841,841,841,841,841,841,841,841,841,841,841,841,841,841,841,841,841,841,841,841,841,
size:15
[agent] id:4
path:414,446,447,446,478,477,509,508,540,539,571,570,602,634,633,632,664,663,662,661,660,659,658,690,689,688,687,686,718,717,716,715,714,713,745,744,776,808,840,839,838,837,869,901,900,
goal:900,900,900,900,900,900,900,900,900,900,900,900,900,900,900,900,900,900,900,900,900,900,900,900,900,900,900,900,900,900,900,900,900,900,900,900,900,900,900,900,900,900,900,900,900,
size:44
[agent] id:5
path:799,798,766,734,702,670,669,637,605,604,603,571,539,538,537,536,535,534,533,501,500,500,500,500,500,500,500,500,500,500,500,500,500,500,500,500,500,500,500,500,500,500,500,500,500,
goal:500,500,500,500,500,500,500,500,500,500,500,500,500,500,500,500,500,500,500,500,500,500,500,500,500,500,500,500,500,500,500,500,500,500,500,500,500,500,500,500,500,500,500,500,500,
size:20
[agent] id:6
path:219,218,217,216,215,214,213,212,211,210,178,146,114,82,82,82,82,82,82,82,82,82,82,82,82,82,82,82,82,82,82,82,82,82,82,82,82,82,82,82,82,82,82,82,82,
goal:82,82,82,82,82,82,82,82,82,82,82,82,82,82,82,82,82,82,82,82,82,82,82,82,82,82,82,82,82,82,82,82,82,82,82,82,82,82,82,82,82,82,82,82,82,
size:13
[agent] id:7
path:940,908,876,844,845,846,814,782,750,718,686,654,622,590,558,526,527,528,529,497,465,433,401,369,337,305,273,241,209,177,145,113,81,49,50,51,52,53,54,54,54,54,54,54,54,
goal:54,54,54,54,54,54,54,54,54,54,54,54,54,54,54,54,54,54,54,54,54,54,54,54,54,54,54,54,54,54,54,54,54,54,54,54,54,54,54,54,54,54,54,54,54,
size:38
[agent] id:8
path:242,274,306,305,337,369,401,433,432,431,431,431,431,431,431,431,431,431,431,431,431,431,431,431,431,431,431,431,431,431,431,431,431,431,431,431,431,431,431,431,431,431,431,431,431,
goal:431,431,431,431,431,431,431,431,431,431,431,431,431,431,431,431,431,431,431,431,431,431,431,431,431,431,431,431,431,431,431,431,431,431,431,431,431,431,431,431,431,431,431,431,431,
size:9
[agent] id:9
path:211,212,213,245,277,309,341,373,374,375,376,377,378,379,380,412,413,414,446,478,477,509,509,509,509,509,509,509,509,509,509,509,509,509,509,509,509,509,509,509,509,509,509,509,509,
goal:509,509,509,509,509,509,509,509,509,509,509,509,509,509,509,509,509,509,509,509,509,509,509,509,509,509,509,509,509,509,509,509,509,509,509,509,509,509,509,509,509,509,509,509,509,
size:21
[agent] id:10
path:49,81,113,145,177,209,241,273,305,337,369,401,433,465,497,498,499,531,563,564,565,566,534,535,503,504,504,504,504,504,504,504,536,536,504,504,504,504,504,504,504,504,504,504,504,
goal:504,504,504,504,504,504,504,504,504,504,504,504,504,504,504,504,504,504,504,504,504,504,504,504,504,504,504,504,504,504,504,504,504,504,504,504,504,504,504,504,504,504,504,504,504,
size:34
[agent] id:11
path:958,926,894,895,863,831,799,798,766,734,702,670,669,637,605,604,603,571,539,507,508,476,477,478,446,414,413,381,349,317,285,286,287,255,223,191,159,127,95,94,94,94,94,94,94,
goal:94,94,94,94,94,94,94,94,94,94,94,94,94,94,94,94,94,94,94,94,94,94,94,94,94,94,94,94,94,94,94,94,94,94,94,94,94,94,94,94,94,94,94,94,94,
size:39
[agent] id:12
path:426,458,490,522,554,555,556,557,589,621,653,685,686,687,688,720,752,752,752,752,752,752,752,752,752,752,752,752,752,752,752,752,752,752,752,752,752,752,752,752,752,752,752,752,752,
goal:752,752,752,752,752,752,752,752,752,752,752,752,752,752,752,752,752,752,752,752,752,752,752,752,752,752,752,752,752,752,752,752,752,752,752,752,752,752,752,752,752,752,752,752,752,
size:16
[agent] id:13
path:403,435,436,437,405,406,407,408,409,409,409,409,409,409,409,409,409,409,409,409,409,409,409,409,409,409,409,409,409,409,409,409,409,409,409,409,409,409,409,409,409,409,409,409,409,
goal:409,409,409,409,409,409,409,409,409,409,409,409,409,409,409,409,409,409,409,409,409,409,409,409,409,409,409,409,409,409,409,409,409,409,409,409,409,409,409,409,409,409,409,409,409,
size:8
[agent] id:14
path:241,273,274,306,307,308,309,341,342,342,342,342,342,342,342,342,342,342,342,342,342,342,342,342,342,342,342,342,342,342,342,342,342,342,342,342,342,342,342,342,342,342,342,342,342,
goal:342,342,342,342,342,342,342,342,342,342,342,342,342,342,342,342,342,342,342,342,342,342,342,342,342,342,342,342,342,342,342,342,342,342,342,342,342,342,342,342,342,342,342,342,342,
size:8
[agent] id:15
path:302,301,300,332,364,396,428,460,461,493,525,557,589,621,653,654,654,654,654,654,654,654,654,654,654,654,654,654,654,654,654,654,654,654,654,654,654,654,654,654,654,654,654,654,654,
goal:654,654,654,654,654,654,654,654,654,654,654,654,654,654,654,654,654,654,654,654,654,654,654,654,654,654,654,654,654,654,654,654,654,654,654,654,654,654,654,654,654,654,654,654,654,
size:15
[agent] id:16
path:259,260,292,293,294,326,358,390,422,423,424,456,457,489,521,553,554,555,556,557,558,559,560,561,562,563,564,565,533,534,535,503,504,472,472,472,472,472,472,472,472,472,472,472,472,
goal:472,472,472,472,472,472,472,472,472,472,472,472,472,472,472,472,472,472,472,472,472,472,472,472,472,472,472,472,472,472,472,472,472,472,472,472,472,472,472,472,472,472,472,472,472,
size:33
[agent] id:17
path:177,209,241,273,305,306,307,308,309,341,373,374,375,376,377,378,410,442,474,473,473,473,473,473,473,473,473,473,473,473,473,473,473,473,473,473,473,473,473,473,473,473,473,473,473,
goal:473,473,473,473,473,473,473,473,473,473,473,473,473,473,473,473,473,473,473,473,473,473,473,473,473,473,473,473,473,473,473,473,473,473,473,473,473,473,473,473,473,473,473,473,473,
size:19
[agent] id:18
path:709,710,678,646,614,615,583,551,552,553,554,555,556,557,557,558,559,560,561,562,563,564,565,533,534,535,536,537,569,569,569,569,569,569,569,569,569,569,569,569,569,569,569,569,569,
goal:569,569,569,569,569,569,569,569,569,569,569,569,569,569,569,569,569,569,569,569,569,569,569,569,569,569,569,569,569,569,569,569,569,569,569,569,569,569,569,569,569,569,569,569,569,
size:28
[agent] id:19
path:107,139,171,203,204,236,268,300,332,364,396,395,394,393,392,424,423,422,421,420,420,420,420,420,420,420,420,420,420,420,420,420,420,420,420,420,420,420,420,420,420,420,420,420,420,
goal:420,420,420,420,420,420,420,420,420,420,420,420,420,420,420,420,420,420,420,420,420,420,420,420,420,420,420,420,420,420,420,420,420,420,420,420,420,420,420,420,420,420,420,420,420,
size:19
[agent] id:20
path:394,426,458,490,522,554,555,556,557,589,621,653,685,717,749,781,782,814,846,878,879,879,879,879,879,879,879,879,879,879,879,879,879,879,879,879,879,879,879,879,879,879,879,879,879,
goal:879,879,879,879,879,879,879,879,879,879,879,879,879,879,879,879,879,879,879,879,879,879,879,879,879,879,879,879,879,879,879,879,879,879,879,879,879,879,879,879,879,879,879,879,879,
size:20
[agent] id:21
path:645,677,709,741,773,805,837,869,901,933,934,935,936,937,938,939,940,941,942,943,944,944,944,944,944,944,944,944,944,944,944,944,944,944,944,944,944,944,944,944,944,944,944,944,944,
goal:944,944,944,944,944,944,944,944,944,944,944,944,944,944,944,944,944,944,944,944,944,944,944,944,944,944,944,944,944,944,944,944,944,944,944,944,944,944,944,944,944,944,944,944,944,
size:20
[agent] id:22
path:821,853,885,884,883,882,881,880,879,878,877,909,908,908,908,908,908,908,908,908,908,908,908,908,908,908,908,908,908,908,908,908,908,908,908,908,908,908,908,908,908,908,908,908,908,
goal:908,908,908,908,908,908,908,908,908,908,908,908,908,908,908,908,908,908,908,908,908,908,908,908,908,908,908,908,908,908,908,908,908,908,908,908,908,908,908,908,908,908,908,908,908,
size:12
[agent] id:23
path:617,616,584,552,520,519,487,486,454,422,390,358,326,294,262,230,229,197,165,133,101,69,68,67,66,65,64,96,96,96,96,96,96,96,96,96,96,96,96,96,96,96,96,96,96,
goal:96,96,96,96,96,96,96,96,96,96,96,96,96,96,96,96,96,96,96,96,96,96,96,96,96,96,96,96,96,96,96,96,96,96,96,96,96,96,96,96,96,96,96,96,96,
size:27
[agent] id:24
path:614,646,647,648,649,650,651,652,653,654,655,687,688,689,690,691,691,691,691,691,691,691,691,691,691,691,691,691,691,691,691,691,691,691,691,691,691,691,691,691,691,691,691,691,691,
goal:691,691,691,691,691,691,691,691,691,691,691,691,691,691,691,691,691,691,691,691,691,691,691,691,691,691,691,691,691,691,691,691,691,691,691,691,691,691,691,691,691,691,691,691,691,
size:15
[agent] id:25
path:955,987,986,985,953,921,920,888,887,855,823,791,759,727,695,663,631,599,567,535,534,533,501,469,437,405,373,341,309,308,307,306,274,242,210,178,146,114,115,83,83,83,83,83,83,
goal:83,83,83,83,83,83,83,83,83,83,83,83,83,83,83,83,83,83,83,83,83,83,83,83,83,83,83,83,83,83,83,83,83,83,83,83,83,83,83,83,83,83,83,83,83,
size:39
[agent] id:26
path:74,106,138,139,171,203,235,236,268,300,332,364,396,428,460,461,493,525,557,589,621,653,685,717,716,715,747,747,747,747,747,747,747,747,747,747,747,747,747,747,747,747,747,747,747,
goal:747,747,747,747,747,747,747,747,747,747,747,747,747,747,747,747,747,747,747,747,747,747,747,747,747,747,747,747,747,747,747,747,747,747,747,747,747,747,747,747,747,747,747,747,747,
size:26
[agent] id:27
path:11,12,44,45,77,78,110,142,143,144,176,177,209,210,211,212,212,212,212,212,212,212,212,212,212,212,212,212,212,212,212,212,212,212,212,212,212,212,212,212,212,212,212,212,212,
goal:212,212,212,212,212,212,212,212,212,212,212,212,212,212,212,212,212,212,212,212,212,212,212,212,212,212,212,212,212,212,212,212,212,212,212,212,212,212,212,212,212,212,212,212,212,
size:15
[agent] id:28
path:726,725,693,661,629,597,565,533,501,469,437,436,435,403,402,401,369,337,305,273,241,240,239,207,206,174,173,172,140,139,107,75,74,73,72,71,70,69,69,69,69,69,69,69,69,
goal:69,69,69,69,69,69,69,69,69,69,69,69,69,69,69,69,69,69,69,69,69,69,69,69,69,69,69,69,69,69,69,69,69,69,69,69,69,69,69,69,69,69,69,69,69,
size:37
[agent] id:29
path:575,607,639,671,703,735,734,766,765,797,796,795,794,793,825,824,823,855,887,886,885,884,883,915,914,913,912,911,943,942,974,1006,1005,1005,1005,1005,1005,1005,1005,1005,1005,1005,1005,1005,1005,
goal:1005,1005,1005,1005,1005,1005,1005,1005,1005,1005,1005,1005,1005,1005,1005,1005,1005,1005,1005,1005,1005,1005,1005,1005,1005,1005,1005,1005,1005,1005,1005,1005,1005,1005,1005,1005,1005,1005,1005,1005,1005,1005,1005,1005,1005,
size:32
SolutionCost:701
