[setting] seed:7716
[solver] type:SASB-ECBS
[solver] w:2.000000
[solver] ID:0
[solver] Lowlevelnode:2114
[solver] Highlevelnode:11
[solver] ConflictCount:6
[solver] solved:1
[solver] elapsed:28
[solver] makespan:37
[problem] timesteplimit:15000
[problem] type:MAPF
[problem] agentnum:30
[graph] width:32
[graph] height:32
[graph] filename:./map/32by32_agents10_ex30.map
[task] id:24,start:0,end:0,service time:0,nodes:344,
[task] id:2,start:0,end:0,service time:0,nodes:636,
[task] id:23,start:0,end:0,service time:0,nodes:806,
[task] id:1,start:0,end:0,service time:0,nodes:900,
[task] id:15,start:0,end:0,service time:0,nodes:604,
[task] id:22,start:0,end:0,service time:0,nodes:836,
[task] id:14,start:0,end:0,service time:0,nodes:667,
[task] id:20,start:0,end:0,service time:0,nodes:821,
[task] id:8,start:0,end:0,service time:0,nodes:12,
[task] id:13,start:0,end:0,service time:0,nodes:421,
[task] id:17,start:0,end:0,service time:0,nodes:205,
[task] id:3,start:0,end:0,service time:0,nodes:913,
[task] id:4,start:0,end:0,service time:0,nodes:33,
[task] id:10,start:0,end:0,service time:0,nodes:418,
[task] id:21,start:0,end:0,service time:0,nodes:744,
[task] id:29,start:0,end:0,service time:0,nodes:670,
[task] id:0,start:0,end:0,service time:0,nodes:223,
[task] id:19,start:0,end:0,service time:0,nodes:781,
[task] id:9,start:0,end:0,service time:0,nodes:42,
[task] id:11,start:0,end:0,service time:0,nodes:797,
[task] id:12,start:0,end:0,service time:0,nodes:918,
[task] id:25,start:0,end:0,service time:0,nodes:985,
[task] id:18,start:0,end:0,service time:0,nodes:857,
[task] id:27,start:0,end:0,service time:0,nodes:659,
[task] id:26,start:0,end:0,service time:0,nodes:177,
[task] id:7,start:0,end:0,service time:0,nodes:222,
[task] id:6,start:0,end:0,service time:0,nodes:153,
[task] id:5,start:0,end:0,service time:0,nodes:999,
[task] id:16,start:0,end:0,service time:0,nodes:127,
[task] id:28,start:0,end:0,service time:0,nodes:705,
[agent] id:0
path:48,49,50,51,52,53,54,86,87,119,151,183,184,185,186,187,188,189,221,222,223,223,223,223,223,223,223,223,223,223,223,223,223,223,223,223,223,223,
goal:223,223,223,223,223,223,223,223,223,223,223,223,223,223,223,223,223,223,223,223,223,223,223,223,223,223,223,223,223,223,223,223,223,223,223,223,223,223,
size:20
[agent] id:1
path:993,961,929,930,898,899,900,900,900,900,900,900,900,900,900,900,900,900,900,900,900,900,900,900,900,900,900,900,900,900,900,900,900,900,900,900,900,900,
goal:900,900,900,900,900,900,900,900,900,900,900,900,900,900,900,900,900,900,900,900,900,900,900,900,900,900,900,900,900,900,900,900,900,900,900,900,900,900,
size:6
[agent] id:2
path:607,606,605,637,636,636,636,636,636,636,636,636,636,636,636,636,636,636,636,636,636,636,636,636,636,636,636,636,636,636,636,636,636,636,636,636,636,636,
goal:636,636,636,636,636,636,636,636,636,636,636,636,636,636,636,636,636,636,636,636,636,636,636,636,636,636,636,636,636,636,636,636,636,636,636,636,636,636,
size:4
[agent] id:3
path:766,798,797,796,795,794,793,825,824,823,855,887,886,885,884,883,915,914,913,913,913,913,913,913,913,913,913,913,913,913,913,913,913,913,913,913,913,913,
goal:913,913,913,913,913,913,913,913,913,913,913,913,913,913,913,913,913,913,913,913,913,913,913,913,913,913,913,913,913,913,913,913,913,913,913,913,913,913,
size:18
[agent] id:4
path:78,77,45,44,12,11,10,42,41,40,39,38,37,36,35,3,2,1,33,33,33,33,33,33,33,33,33,33,33,33,33,33,33,33,33,33,33,33,
goal:33,33,33,33,33,33,33,33,33,33,33,33,33,33,33,33,33,33,33,33,33,33,33,33,33,33,33,33,33,33,33,33,33,33,33,33,33,33,
size:18
[agent] id:5
path:303,302,301,300,332,364,396,428,460,459,458,490,522,554,553,552,584,616,648,680,712,711,743,775,807,839,871,870,902,934,966,998,999,999,999,999,999,999,
goal:999,999,999,999,999,999,999,999,999,999,999,999,999,999,999,999,999,999,999,999,999,999,999,999,999,999,999,999,999,999,999,999,999,999,999,999,999,999,
size:32
[agent] id:6
path:552,553,554,555,556,524,525,526,527,528,529,497,465,433,401,369,337,305,273,241,209,210,211,212,212,213,181,182,150,151,152,153,153,153,153,153,153,153,
goal:153,153,153,153,153,153,153,153,153,153,153,153,153,153,153,153,153,153,153,153,153,153,153,153,153,153,153,153,153,153,153,153,153,153,153,153,153,153,
size:31
[agent] id:7
path:698,699,667,635,603,571,570,538,537,536,504,472,473,441,409,377,345,313,281,280,248,216,184,185,186,187,188,189,221,222,222,222,222,222,222,222,222,222,
goal:222,222,222,222,222,222,222,222,222,222,222,222,222,222,222,222,222,222,222,222,222,222,222,222,222,222,222,222,222,222,222,222,222,222,222,222,222,222,
size:29
[agent] id:8
path:277,245,213,212,211,210,178,146,114,82,81,80,79,78,77,45,13,12,12,12,12,12,12,12,12,12,12,12,12,12,12,12,12,12,12,12,12,12,
goal:12,12,12,12,12,12,12,12,12,12,12,12,12,12,12,12,12,12,12,12,12,12,12,12,12,12,12,12,12,12,12,12,12,12,12,12,12,12,
size:17
[agent] id:9
path:130,162,161,193,225,257,258,259,227,228,196,197,165,133,101,69,37,38,39,40,41,42,42,42,42,42,42,42,42,42,42,42,42,42,42,42,42,42,
goal:42,42,42,42,42,42,42,42,42,42,42,42,42,42,42,42,42,42,42,42,42,42,42,42,42,42,42,42,42,42,42,42,42,42,42,42,42,42,
size:21
[agent] id:10
path:654,622,590,558,557,556,555,554,522,490,489,457,456,424,423,422,421,420,419,418,418,418,418,418,418,418,418,418,418,418,418,418,418,418,418,418,418,418,
goal:418,418,418,418,418,418,418,418,418,418,418,418,418,418,418,418,418,418,418,418,418,418,418,418,418,418,418,418,418,418,418,418,418,418,418,418,418,418,
size:19
[agent] id:11
path:341,373,405,437,469,501,533,565,597,629,661,693,725,757,758,759,791,792,793,794,795,796,797,797,797,797,797,797,797,797,797,797,797,797,797,797,797,797,
goal:797,797,797,797,797,797,797,797,797,797,797,797,797,797,797,797,797,797,797,797,797,797,797,797,797,797,797,797,797,797,797,797,797,797,797,797,797,797,
size:22
[agent] id:12
path:428,460,461,493,525,557,589,621,653,685,717,749,781,782,814,846,878,879,880,881,882,883,884,885,886,918,918,918,918,918,918,918,918,918,918,918,918,918,
goal:918,918,918,918,918,918,918,918,918,918,918,918,918,918,918,918,918,918,918,918,918,918,918,918,918,918,918,918,918,918,918,918,918,918,918,918,918,918,
size:25
[agent] id:13
path:273,305,304,303,302,301,300,332,364,396,395,394,393,392,424,423,422,421,421,421,421,421,421,421,421,421,421,421,421,421,421,421,421,421,421,421,421,421,
goal:421,421,421,421,421,421,421,421,421,421,421,421,421,421,421,421,421,421,421,421,421,421,421,421,421,421,421,421,421,421,421,421,421,421,421,421,421,421,
size:17
[agent] id:14
path:987,955,956,924,892,860,859,858,857,825,793,794,762,730,698,699,667,667,667,667,667,667,667,667,667,667,667,667,667,667,667,667,667,667,667,667,667,667,
goal:667,667,667,667,667,667,667,667,667,667,667,667,667,667,667,667,667,667,667,667,667,667,667,667,667,667,667,667,667,667,667,667,667,667,667,667,667,667,
size:16
[agent] id:15
path:795,796,764,765,733,701,669,637,605,604,604,604,604,604,604,604,604,604,604,604,604,604,604,604,604,604,604,604,604,604,604,604,604,604,604,604,604,604,
goal:604,604,604,604,604,604,604,604,604,604,604,604,604,604,604,604,604,604,604,604,604,604,604,604,604,604,604,604,604,604,604,604,604,604,604,604,604,604,
size:9
[agent] id:16
path:849,850,818,786,754,722,690,658,626,594,562,530,498,466,434,435,436,437,405,373,341,309,277,245,213,181,182,183,184,185,186,187,188,189,190,158,126,127,
goal:127,127,127,127,127,127,127,127,127,127,127,127,127,127,127,127,127,127,127,127,127,127,127,127,127,127,127,127,127,127,127,127,127,127,127,127,127,127,
size:37
[agent] id:17
path:592,560,528,527,526,494,493,461,429,397,396,364,332,300,268,236,204,205,205,205,205,205,205,205,205,205,205,205,205,205,205,205,205,205,205,205,205,205,
goal:205,205,205,205,205,205,205,205,205,205,205,205,205,205,205,205,205,205,205,205,205,205,205,205,205,205,205,205,205,205,205,205,205,205,205,205,205,205,
size:17
[agent] id:18
path:215,247,279,311,310,342,374,406,438,470,469,501,533,565,597,629,661,693,725,757,758,759,791,823,824,825,857,857,857,857,857,857,857,857,857,857,857,857,
goal:857,857,857,857,857,857,857,857,857,857,857,857,857,857,857,857,857,857,857,857,857,857,857,857,857,857,857,857,857,857,857,857,857,857,857,857,857,857,
size:26
[agent] id:19
path:636,635,634,633,632,664,663,662,661,693,692,691,690,689,688,687,686,718,750,782,781,781,781,781,781,781,781,781,781,781,781,781,781,781,781,781,781,781,
goal:781,781,781,781,781,781,781,781,781,781,781,781,781,781,781,781,781,781,781,781,781,781,781,781,781,781,781,781,781,781,781,781,781,781,781,781,781,781,
size:20
[agent] id:20
path:714,715,716,717,749,781,782,814,846,847,848,849,850,851,852,853,821,821,821,821,821,821,821,821,821,821,821,821,821,821,821,821,821,821,821,821,821,821,
goal:821,821,821,821,821,821,821,821,821,821,821,821,821,821,821,821,821,821,821,821,821,821,821,821,821,821,821,821,821,821,821,821,821,821,821,821,821,821,
size:16
[agent] id:21
path:322,354,355,356,357,389,421,453,485,517,549,550,582,614,646,678,710,742,743,744,744,744,744,744,744,744,744,744,744,744,744,744,744,744,744,744,744,744,
goal:744,744,744,744,744,744,744,744,744,744,744,744,744,744,744,744,744,744,744,744,744,744,744,744,744,744,744,744,744,744,744,744,744,744,744,744,744,744,
size:19
[agent] id:22
path:680,712,744,776,808,840,839,838,837,836,836,836,836,836,836,836,836,836,836,836,836,836,836,836,836,836,836,836,836,836,836,836,836,836,836,836,836,836,
goal:836,836,836,836,836,836,836,836,836,836,836,836,836,836,836,836,836,836,836,836,836,836,836,836,836,836,836,836,836,836,836,836,836,836,836,836,836,836,
size:9
[agent] id:23
path:901,869,837,805,806,806,806,806,806,806,806,806,806,806,806,806,806,806,806,806,806,806,806,806,806,806,806,806,806,806,806,806,806,806,806,806,806,806,
goal:806,806,806,806,806,806,806,806,806,806,806,806,806,806,806,806,806,806,806,806,806,806,806,806,806,806,806,806,806,806,806,806,806,806,806,806,806,806,
size:4
[agent] id:24
path:374,375,376,344,344,344,344,344,344,344,344,344,344,344,344,344,344,344,344,344,344,344,344,344,344,344,344,344,344,344,344,344,344,344,344,344,344,344,
goal:344,344,344,344,344,344,344,344,344,344,344,344,344,344,344,344,344,344,344,344,344,344,344,344,344,344,344,344,344,344,344,344,344,344,344,344,344,344,
size:3
[agent] id:25
path:681,713,714,715,747,779,811,843,875,876,877,878,879,880,881,882,883,884,885,886,918,950,982,983,984,985,985,985,985,985,985,985,985,985,985,985,985,985,
goal:985,985,985,985,985,985,985,985,985,985,985,985,985,985,985,985,985,985,985,985,985,985,985,985,985,985,985,985,985,985,985,985,985,985,985,985,985,985,
size:25
[agent] id:26
path:976,944,912,880,848,849,850,818,786,754,722,690,658,626,594,562,530,498,466,434,402,401,369,337,305,273,241,209,177,177,177,177,177,177,177,177,177,177,
goal:177,177,177,177,177,177,177,177,177,177,177,177,177,177,177,177,177,177,177,177,177,177,177,177,177,177,177,177,177,177,177,177,177,177,177,177,177,177,
size:28
[agent] id:27
path:416,448,480,512,544,576,577,609,641,642,643,644,645,646,647,648,649,650,651,652,653,654,655,656,657,658,659,659,659,659,659,659,659,659,659,659,659,659,
goal:659,659,659,659,659,659,659,659,659,659,659,659,659,659,659,659,659,659,659,659,659,659,659,659,659,659,659,659,659,659,659,659,659,659,659,659,659,659,
size:26
[agent] id:28
path:478,477,509,508,540,539,571,603,635,634,633,632,664,663,662,661,693,692,691,690,689,688,687,686,718,717,716,715,714,713,712,711,710,709,708,707,706,705,
goal:705,705,705,705,705,705,705,705,705,705,705,705,705,705,705,705,705,705,705,705,705,705,705,705,705,705,705,705,705,705,705,705,705,705,705,705,705,705,
size:37
[agent] id:29
path:1016,984,985,986,987,955,956,924,892,893,894,895,863,831,799,798,766,734,702,670,670,670,670,670,670,670,670,670,670,670,670,670,670,670,670,670,670,670,
goal:670,670,670,670,670,670,670,670,670,670,670,670,670,670,670,670,670,670,670,670,670,670,670,670,670,670,670,670,670,670,670,670,670,670,670,670,670,670,
size:19
SolutionCost:590
