[setting] seed:8032
[solver] type:SASB-ECBS
[solver] w:2.000000
[solver] ID:0
[solver] Lowlevelnode:3228
[solver] Highlevelnode:19
[solver] ConflictCount:10
[solver] solved:1
[solver] elapsed:35
[solver] makespan:46
[problem] timesteplimit:15000
[problem] type:MAPF
[problem] agentnum:30
[graph] width:32
[graph] height:32
[graph] filename:./map/32by32_agents10_ex30.map
[task] id:24,start:0,end:0,service time:0,nodes:920,
[task] id:10,start:0,end:0,service time:0,nodes:211,
[task] id:17,start:0,end:0,service time:0,nodes:218,
[task] id:7,start:0,end:0,service time:0,nodes:135,
[task] id:12,start:0,end:0,service time:0,nodes:818,
[task] id:21,start:0,end:0,service time:0,nodes:745,
[task] id:23,start:0,end:0,service time:0,nodes:297,
[task] id:4,start:0,end:0,service time:0,nodes:728,
[task] id:26,start:0,end:0,service time:0,nodes:22,
[task] id:3,start:0,end:0,service time:0,nodes:99,
[task] id:16,start:0,end:0,service time:0,nodes:822,
[task] id:11,start:0,end:0,service time:0,nodes:433,
[task] id:14,start:0,end:0,service time:0,nodes:196,
[task] id:9,start:0,end:0,service time:0,nodes:4,
[task] id:27,start:0,end:0,service time:0,nodes:336,
[task] id:29,start:0,end:0,service time:0,nodes:139,
[task] id:8,start:0,end:0,service time:0,nodes:835,
[task] id:22,start:0,end:0,service time:0,nodes:805,
[task] id:0,start:0,end:0,service time:0,nodes:782,
[task] id:25,start:0,end:0,service time:0,nodes:991,
[task] id:2,start:0,end:0,service time:0,nodes:733,
[task] id:13,start:0,end:0,service time:0,nodes:231,
[task] id:18,start:0,end:0,service time:0,nodes:441,
[task] id:15,start:0,end:0,service time:0,nodes:310,
[task] id:20,start:0,end:0,service time:0,nodes:859,
[task] id:19,start:0,end:0,service time:0,nodes:737,
[task] id:28,start:0,end:0,service time:0,nodes:107,
[task] id:6,start:0,end:0,service time:0,nodes:473,
[task] id:5,start:0,end:0,service time:0,nodes:804,
[task] id:1,start:0,end:0,service time:0,nodes:939,
[agent] id:0
path:229,261,293,294,326,358,390,422,454,486,518,550,582,614,646,678,710,711,712,713,714,715,716,717,749,781,782,782,782,782,782,782,782,782,782,782,782,782,782,782,782,782,782,782,782,782,782,
goal:782,782,782,782,782,782,782,782,782,782,782,782,782,782,782,782,782,782,782,782,782,782,782,782,782,782,782,782,782,782,782,782,782,782,782,782,782,782,782,782,782,782,782,782,782,782,782,
size:26
[agent] id:1
path:94,126,158,190,189,188,187,186,185,217,216,248,280,312,344,376,408,407,439,438,470,469,501,500,499,531,530,562,594,626,658,690,689,688,687,686,718,717,716,715,747,779,811,843,875,907,939,
goal:939,939,939,939,939,939,939,939,939,939,939,939,939,939,939,939,939,939,939,939,939,939,939,939,939,939,939,939,939,939,939,939,939,939,939,939,939,939,939,939,939,939,939,939,939,939,939,
size:46
[agent] id:2
path:210,242,274,306,307,308,309,341,373,405,437,469,501,533,565,597,629,661,662,663,695,696,697,698,699,700,701,733,733,733,733,733,733,733,733,733,733,733,733,733,733,733,733,733,733,733,733,
goal:733,733,733,733,733,733,733,733,733,733,733,733,733,733,733,733,733,733,733,733,733,733,733,733,733,733,733,733,733,733,733,733,733,733,733,733,733,733,733,733,733,733,733,733,733,733,733,
size:27
[agent] id:3
path:418,417,385,353,354,322,290,258,259,227,228,196,197,165,133,101,69,68,67,99,99,99,99,99,99,99,99,99,99,99,99,99,99,99,99,99,99,99,99,99,99,99,99,99,99,99,99,
goal:99,99,99,99,99,99,99,99,99,99,99,99,99,99,99,99,99,99,99,99,99,99,99,99,99,99,99,99,99,99,99,99,99,99,99,99,99,99,99,99,99,99,99,99,99,99,99,
size:19
[agent] id:4
path:681,713,714,715,716,717,718,686,687,688,720,721,722,723,724,725,726,727,728,728,728,728,728,728,728,728,728,728,728,728,728,728,728,728,728,728,728,728,728,728,728,728,728,728,728,728,728,
goal:728,728,728,728,728,728,728,728,728,728,728,728,728,728,728,728,728,728,728,728,728,728,728,728,728,728,728,728,728,728,728,728,728,728,728,728,728,728,728,728,728,728,728,728,728,728,728,
size:18
[agent] id:5
path:671,703,702,701,700,699,698,697,696,664,663,662,661,660,659,658,657,656,655,654,653,652,651,683,715,747,779,811,810,809,808,807,806,838,837,836,804,804,804,804,804,804,804,804,804,804,804,
goal:804,804,804,804,804,804,804,804,804,804,804,804,804,804,804,804,804,804,804,804,804,804,804,804,804,804,804,804,804,804,804,804,804,804,804,804,804,804,804,804,804,804,804,804,804,804,804,
size:36
[agent] id:6
path:933,901,869,837,838,839,840,841,842,843,844,845,846,814,782,750,718,686,654,622,590,558,559,560,561,562,563,564,565,533,534,535,503,504,472,473,473,473,473,473,473,473,473,473,473,473,473,
goal:473,473,473,473,473,473,473,473,473,473,473,473,473,473,473,473,473,473,473,473,473,473,473,473,473,473,473,473,473,473,473,473,473,473,473,473,473,473,473,473,473,473,473,473,473,473,473,
size:35
[agent] id:7
path:257,258,259,227,228,196,197,165,133,134,135,135,135,135,135,135,135,135,135,135,135,135,135,135,135,135,135,135,135,135,135,135,135,135,135,135,135,135,135,135,135,135,135,135,135,135,135,
goal:135,135,135,135,135,135,135,135,135,135,135,135,135,135,135,135,135,135,135,135,135,135,135,135,135,135,135,135,135,135,135,135,135,135,135,135,135,135,135,135,135,135,135,135,135,135,135,
size:10
[agent] id:8
path:429,461,493,525,557,589,621,653,685,717,716,715,747,779,811,843,842,841,840,839,838,837,836,835,835,835,835,835,835,835,835,835,835,835,835,835,835,835,835,835,835,835,835,835,835,835,835,
goal:835,835,835,835,835,835,835,835,835,835,835,835,835,835,835,835,835,835,835,835,835,835,835,835,835,835,835,835,835,835,835,835,835,835,835,835,835,835,835,835,835,835,835,835,835,835,835,
size:23
[agent] id:9
path:242,241,240,239,207,206,174,173,172,140,139,107,75,74,42,41,40,39,38,37,5,4,4,4,4,4,4,4,4,4,4,4,4,4,4,4,4,4,4,4,4,4,4,4,4,4,4,
goal:4,4,4,4,4,4,4,4,4,4,4,4,4,4,4,4,4,4,4,4,4,4,4,4,4,4,4,4,4,4,4,4,4,4,4,4,4,4,4,4,4,4,4,4,4,4,4,
size:21
[agent] id:10
path:110,142,143,144,176,177,209,210,211,211,211,211,211,211,211,211,211,211,211,211,211,211,211,211,211,211,211,211,211,211,211,211,211,211,211,211,211,211,211,211,211,211,211,211,211,211,211,
goal:211,211,211,211,211,211,211,211,211,211,211,211,211,211,211,211,211,211,211,211,211,211,211,211,211,211,211,211,211,211,211,211,211,211,211,211,211,211,211,211,211,211,211,211,211,211,211,
size:8
[agent] id:11
path:611,579,547,548,549,550,551,552,553,554,555,556,524,525,526,527,528,529,497,465,433,433,433,433,433,433,433,433,433,433,433,433,433,433,433,433,433,433,433,433,433,433,433,433,433,433,433,
goal:433,433,433,433,433,433,433,433,433,433,433,433,433,433,433,433,433,433,433,433,433,433,433,433,433,433,433,433,433,433,433,433,433,433,433,433,433,433,433,433,433,433,433,433,433,433,433,
size:20
[agent] id:12
path:779,811,812,844,845,846,847,848,849,850,818,818,818,818,818,818,818,818,818,818,818,818,818,818,818,818,818,818,818,818,818,818,818,818,818,818,818,818,818,818,818,818,818,818,818,818,818,
goal:818,818,818,818,818,818,818,818,818,818,818,818,818,818,818,818,818,818,818,818,818,818,818,818,818,818,818,818,818,818,818,818,818,818,818,818,818,818,818,818,818,818,818,818,818,818,818,
size:10
[agent] id:13
path:938,906,874,842,810,809,808,776,744,712,680,648,616,584,552,520,519,487,486,454,422,390,358,326,294,262,230,231,231,231,231,231,231,231,231,231,231,231,231,231,231,231,231,231,231,231,231,
goal:231,231,231,231,231,231,231,231,231,231,231,231,231,231,231,231,231,231,231,231,231,231,231,231,231,231,231,231,231,231,231,231,231,231,231,231,231,231,231,231,231,231,231,231,231,231,231,
size:27
[agent] id:14
path:615,583,551,519,487,486,454,453,421,389,357,356,355,323,322,290,258,259,227,228,196,196,196,196,196,196,196,196,196,196,196,196,196,196,196,196,196,196,196,196,196,196,196,196,196,196,196,
goal:196,196,196,196,196,196,196,196,196,196,196,196,196,196,196,196,196,196,196,196,196,196,196,196,196,196,196,196,196,196,196,196,196,196,196,196,196,196,196,196,196,196,196,196,196,196,196,
size:20
[agent] id:15
path:927,895,863,831,799,798,766,734,702,670,669,637,605,604,603,571,539,538,537,536,535,534,533,501,469,437,405,373,341,309,310,310,310,310,310,310,310,310,310,310,310,310,310,310,310,310,310,
goal:310,310,310,310,310,310,310,310,310,310,310,310,310,310,310,310,310,310,310,310,310,310,310,310,310,310,310,310,310,310,310,310,310,310,310,310,310,310,310,310,310,310,310,310,310,310,310,
size:30
[agent] id:16
path:836,837,838,839,840,841,842,843,844,845,846,847,848,849,850,851,852,853,821,822,822,822,822,822,822,822,822,822,822,822,822,822,822,822,822,822,822,822,822,822,822,822,822,822,822,822,822,
goal:822,822,822,822,822,822,822,822,822,822,822,822,822,822,822,822,822,822,822,822,822,822,822,822,822,822,822,822,822,822,822,822,822,822,822,822,822,822,822,822,822,822,822,822,822,822,822,
size:19
[agent] id:17
path:178,210,211,212,213,214,215,216,217,218,218,218,218,218,218,218,218,218,218,218,218,218,218,218,218,218,218,218,218,218,218,218,218,218,218,218,218,218,218,218,218,218,218,218,218,218,218,
goal:218,218,218,218,218,218,218,218,218,218,218,218,218,218,218,218,218,218,218,218,218,218,218,218,218,218,218,218,218,218,218,218,218,218,218,218,218,218,218,218,218,218,218,218,218,218,218,
size:9
[agent] id:18
path:678,646,614,582,550,551,552,553,554,555,556,557,558,559,560,561,562,563,564,565,566,567,535,503,504,472,473,441,441,441,441,441,441,441,441,441,441,441,441,441,441,441,441,441,441,441,441,
goal:441,441,441,441,441,441,441,441,441,441,441,441,441,441,441,441,441,441,441,441,441,441,441,441,441,441,441,441,441,441,441,441,441,441,441,441,441,441,441,441,441,441,441,441,441,441,441,
size:27
[agent] id:19
path:106,138,137,169,201,200,199,231,230,262,261,293,294,326,358,390,422,454,453,485,517,549,548,547,579,611,643,642,641,673,705,737,737,737,737,737,737,737,737,737,737,737,737,737,737,737,737,
goal:737,737,737,737,737,737,737,737,737,737,737,737,737,737,737,737,737,737,737,737,737,737,737,737,737,737,737,737,737,737,737,737,737,737,737,737,737,737,737,737,737,737,737,737,737,737,737,
size:31
[agent] id:20
path:153,185,217,216,248,280,312,344,376,408,409,441,473,472,504,536,535,567,599,631,663,695,727,759,791,823,824,825,857,858,859,859,859,859,859,859,859,859,859,859,859,859,859,859,859,859,859,
goal:859,859,859,859,859,859,859,859,859,859,859,859,859,859,859,859,859,859,859,859,859,859,859,859,859,859,859,859,859,859,859,859,859,859,859,859,859,859,859,859,859,859,859,859,859,859,859,
size:30
[agent] id:21
path:673,705,706,707,708,709,741,742,743,744,745,745,745,745,745,745,745,745,745,745,745,745,745,745,745,745,745,745,745,745,745,745,745,745,745,745,745,745,745,745,745,745,745,745,745,745,745,
goal:745,745,745,745,745,745,745,745,745,745,745,745,745,745,745,745,745,745,745,745,745,745,745,745,745,745,745,745,745,745,745,745,745,745,745,745,745,745,745,745,745,745,745,745,745,745,745,
size:10
[agent] id:22
path:132,133,165,197,229,261,293,294,326,358,390,422,454,486,518,550,582,614,646,678,710,742,774,806,805,805,805,805,805,805,805,805,805,805,805,805,805,805,805,805,805,805,805,805,805,805,805,
goal:805,805,805,805,805,805,805,805,805,805,805,805,805,805,805,805,805,805,805,805,805,805,805,805,805,805,805,805,805,805,805,805,805,805,805,805,805,805,805,805,805,805,805,805,805,805,805,
size:24
[agent] id:23
path:288,256,257,258,259,260,261,262,263,264,296,297,297,297,297,297,297,297,297,297,297,297,297,297,297,297,297,297,297,297,297,297,297,297,297,297,297,297,297,297,297,297,297,297,297,297,297,
goal:297,297,297,297,297,297,297,297,297,297,297,297,297,297,297,297,297,297,297,297,297,297,297,297,297,297,297,297,297,297,297,297,297,297,297,297,297,297,297,297,297,297,297,297,297,297,297,
size:11
[agent] id:24
path:825,824,823,855,887,919,920,920,920,920,920,920,920,920,920,920,920,920,920,920,920,920,920,920,920,920,920,920,920,920,920,920,920,920,920,920,920,920,920,920,920,920,920,920,920,920,920,
goal:920,920,920,920,920,920,920,920,920,920,920,920,920,920,920,920,920,920,920,920,920,920,920,920,920,920,920,920,920,920,920,920,920,920,920,920,920,920,920,920,920,920,920,920,920,920,920,
size:6
[agent] id:25
path:969,970,971,972,973,974,942,943,944,945,946,978,979,980,948,949,950,982,983,984,985,986,987,988,989,990,991,991,991,991,991,991,991,991,991,991,991,991,991,991,991,991,991,991,991,991,991,
goal:991,991,991,991,991,991,991,991,991,991,991,991,991,991,991,991,991,991,991,991,991,991,991,991,991,991,991,991,991,991,991,991,991,991,991,991,991,991,991,991,991,991,991,991,991,991,991,
size:26
[agent] id:26
path:402,401,369,337,305,273,241,209,177,145,113,81,49,17,18,19,20,21,22,22,22,22,22,22,22,22,22,22,22,22,22,22,22,22,22,22,22,22,22,22,22,22,22,22,22,22,22,
goal:22,22,22,22,22,22,22,22,22,22,22,22,22,22,22,22,22,22,22,22,22,22,22,22,22,22,22,22,22,22,22,22,22,22,22,22,22,22,22,22,22,22,22,22,22,22,22,
size:18
[agent] id:27
path:791,759,727,695,663,631,599,567,535,534,533,501,500,468,436,435,403,402,401,369,337,336,336,336,336,336,336,336,336,336,336,336,336,336,336,336,336,336,336,336,336,336,336,336,336,336,336,
goal:336,336,336,336,336,336,336,336,336,336,336,336,336,336,336,336,336,336,336,336,336,336,336,336,336,336,336,336,336,336,336,336,336,336,336,336,336,336,336,336,336,336,336,336,336,336,336,
size:21
[agent] id:28
path:912,880,848,847,846,814,782,750,718,686,654,622,590,558,557,525,493,461,429,397,396,364,332,300,268,236,204,203,202,201,169,137,105,106,107,107,107,107,107,107,107,107,107,107,107,107,107,
goal:107,107,107,107,107,107,107,107,107,107,107,107,107,107,107,107,107,107,107,107,107,107,107,107,107,107,107,107,107,107,107,107,107,107,107,107,107,107,107,107,107,107,107,107,107,107,107,
size:34
[agent] id:29
path:483,451,419,420,421,422,423,391,392,393,394,395,396,364,332,300,268,236,204,172,140,139,139,139,139,139,139,139,139,139,139,139,139,139,139,139,139,139,139,139,139,139,139,139,139,139,139,
goal:139,139,139,139,139,139,139,139,139,139,139,139,139,139,139,139,139,139,139,139,139,139,139,139,139,139,139,139,139,139,139,139,139,139,139,139,139,139,139,139,139,139,139,139,139,139,139,
size:21
SolutionCost:663
