[setting] seed:4814
[solver] type:SASB-ECBS
[solver] w:2.000000
[solver] ID:0
[solver] Lowlevelnode:8953
[solver] Highlevelnode:21
[solver] ConflictCount:11
[solver] solved:1
[solver] elapsed:64
[solver] makespan:55
[problem] timesteplimit:15000
[problem] type:MAPF
[problem] agentnum:30
[graph] width:32
[graph] height:32
[graph] filename:./map/32by32_agents10_ex30.map
[task] id:15,start:0,end:0,service time:0,nodes:490,
[task] id:0,start:0,end:0,service time:0,nodes:525,
[task] id:12,start:0,end:0,service time:0,nodes:264,
[task] id:13,start:0,end:0,service time:0,nodes:718,
[task] id:26,start:0,end:0,service time:0,nodes:527,
[task] id:28,start:0,end:0,service time:0,nodes:584,
[task] id:18,start:0,end:0,service time:0,nodes:670,
[task] id:4,start:0,end:0,service time:0,nodes:22,
[task] id:22,start:0,end:0,service time:0,nodes:556,
[task] id:25,start:0,end:0,service time:0,nodes:372,
[task] id:19,start:0,end:0,service time:0,nodes:727,
[task] id:1,start:0,end:0,service time:0,nodes:632,
[task] id:8,start:0,end:0,service time:0,nodes:816,
[task] id:7,start:0,end:0,service time:0,nodes:599,
[task] id:11,start:0,end:0,service time:0,nodes:399,
[task] id:20,start:0,end:0,service time:0,nodes:23,
[task] id:23,start:0,end:0,service time:0,nodes:5,
[task] id:29,start:0,end:0,service time:0,nodes:215,
[task] id:10,start:0,end:0,service time:0,nodes:409,
[task] id:24,start:0,end:0,service time:0,nodes:557,
[task] id:14,start:0,end:0,service time:0,nodes:431,
[task] id:9,start:0,end:0,service time:0,nodes:933,
[task] id:16,start:0,end:0,service time:0,nodes:964,
[task] id:27,start:0,end:0,service time:0,nodes:926,
[task] id:3,start:0,end:0,service time:0,nodes:634,
[task] id:5,start:0,end:0,service time:0,nodes:452,
[task] id:21,start:0,end:0,service time:0,nodes:555,
[task] id:2,start:0,end:0,service time:0,nodes:667,
[task] id:6,start:0,end:0,service time:0,nodes:959,
[task] id:17,start:0,end:0,service time:0,nodes:63,
[agent] id:0
path:550,551,552,553,554,555,556,524,525,525,525,525,525,525,525,525,525,525,525,525,525,525,525,525,525,525,525,525,525,525,525,525,525,525,525,525,525,525,525,525,525,525,525,525,525,525,525,525,525,525,525,525,525,525,525,525,
goal:525,525,525,525,525,525,525,525,525,525,525,525,525,525,525,525,525,525,525,525,525,525,525,525,525,525,525,525,525,525,525,525,525,525,525,525,525,525,525,525,525,525,525,525,525,525,525,525,525,525,525,525,525,525,525,525,
size:8
[agent] id:1
path:304,336,368,400,432,464,465,497,529,561,593,594,626,627,628,629,630,631,632,632,632,632,632,632,632,632,632,632,632,632,632,632,632,632,632,632,632,632,632,632,632,632,632,632,632,632,632,632,632,632,632,632,632,632,632,632,
goal:632,632,632,632,632,632,632,632,632,632,632,632,632,632,632,632,632,632,632,632,632,632,632,632,632,632,632,632,632,632,632,632,632,632,632,632,632,632,632,632,632,632,632,632,632,632,632,632,632,632,632,632,632,632,632,632,
size:18
[agent] id:2
path:105,137,169,201,233,234,235,236,268,300,301,302,334,366,367,399,431,463,464,465,497,498,499,500,501,533,534,535,536,537,569,570,602,603,635,667,667,667,667,667,667,667,667,667,667,667,667,667,667,667,667,667,667,667,667,667,
goal:667,667,667,667,667,667,667,667,667,667,667,667,667,667,667,667,667,667,667,667,667,667,667,667,667,667,667,667,667,667,667,667,667,667,667,667,667,667,667,667,667,667,667,667,667,667,667,667,667,667,667,667,667,667,667,667,
size:35
[agent] id:3
path:736,737,705,673,641,642,643,644,645,646,647,648,649,650,651,652,653,654,655,656,657,658,659,660,661,662,663,664,696,697,698,699,667,635,634,634,634,634,634,634,634,634,634,634,634,634,634,634,634,634,634,634,634,634,634,634,
goal:634,634,634,634,634,634,634,634,634,634,634,634,634,634,634,634,634,634,634,634,634,634,634,634,634,634,634,634,634,634,634,634,634,634,634,634,634,634,634,634,634,634,634,634,634,634,634,634,634,634,634,634,634,634,634,634,
size:34
[agent] id:4
path:219,187,155,123,91,90,58,26,25,24,23,22,22,22,22,22,22,22,22,22,22,22,22,22,22,22,22,22,22,22,22,22,22,22,22,22,22,22,22,22,22,22,22,22,22,22,22,22,22,22,22,22,22,22,22,22,
goal:22,22,22,22,22,22,22,22,22,22,22,22,22,22,22,22,22,22,22,22,22,22,22,22,22,22,22,22,22,22,22,22,22,22,22,22,22,22,22,22,22,22,22,22,22,22,22,22,22,22,22,22,22,22,22,22,
size:11
[agent] id:5
path:982,950,918,886,854,853,852,851,819,818,786,754,753,721,689,657,656,655,623,622,621,620,619,618,617,616,615,583,551,519,487,486,454,453,452,452,452,452,452,452,452,452,452,452,452,452,452,452,452,452,452,452,452,452,452,452,
goal:452,452,452,452,452,452,452,452,452,452,452,452,452,452,452,452,452,452,452,452,452,452,452,452,452,452,452,452,452,452,452,452,452,452,452,452,452,452,452,452,452,452,452,452,452,452,452,452,452,452,452,452,452,452,452,452,
size:34
[agent] id:6
path:49,81,113,145,177,209,241,273,305,337,369,401,433,465,497,529,561,593,594,626,658,690,722,723,724,725,757,758,759,791,823,824,825,857,858,859,860,892,924,956,957,958,959,959,959,959,959,959,959,959,959,959,959,959,959,959,
goal:959,959,959,959,959,959,959,959,959,959,959,959,959,959,959,959,959,959,959,959,959,959,959,959,959,959,959,959,959,959,959,959,959,959,959,959,959,959,959,959,959,959,959,959,959,959,959,959,959,959,959,959,959,959,959,959,
size:42
[agent] id:7
path:518,550,551,552,553,554,555,556,557,558,559,560,561,562,563,564,596,597,598,599,599,599,599,599,599,599,599,599,599,599,599,599,599,599,599,599,599,599,599,599,599,599,599,599,599,599,599,599,599,599,599,599,599,599,599,599,
goal:599,599,599,599,599,599,599,599,599,599,599,599,599,599,599,599,599,599,599,599,599,599,599,599,599,599,599,599,599,599,599,599,599,599,599,599,599,599,599,599,599,599,599,599,599,599,599,599,599,599,599,599,599,599,599,599,
size:19
[agent] id:8
path:401,433,465,497,529,561,593,594,626,658,690,722,754,786,818,850,849,848,816,816,816,816,816,816,816,816,816,816,816,816,816,816,816,816,816,816,816,816,816,816,816,816,816,816,816,816,816,816,816,816,816,816,816,816,816,816,
goal:816,816,816,816,816,816,816,816,816,816,816,816,816,816,816,816,816,816,816,816,816,816,816,816,816,816,816,816,816,816,816,816,816,816,816,816,816,816,816,816,816,816,816,816,816,816,816,816,816,816,816,816,816,816,816,816,
size:18
[agent] id:9
path:831,830,798,797,796,795,794,793,825,824,823,855,887,886,885,884,883,915,914,946,945,944,943,942,941,940,939,938,937,936,935,934,933,933,933,933,933,933,933,933,933,933,933,933,933,933,933,933,933,933,933,933,933,933,933,933,
goal:933,933,933,933,933,933,933,933,933,933,933,933,933,933,933,933,933,933,933,933,933,933,933,933,933,933,933,933,933,933,933,933,933,933,933,933,933,933,933,933,933,933,933,933,933,933,933,933,933,933,933,933,933,933,933,933,
size:32
[agent] id:10
path:426,394,395,396,395,396,364,332,300,301,302,303,304,305,306,307,308,309,341,373,405,406,407,408,409,409,409,409,409,409,409,409,409,409,409,409,409,409,409,409,409,409,409,409,409,409,409,409,409,409,409,409,409,409,409,409,
goal:409,409,409,409,409,409,409,409,409,409,409,409,409,409,409,409,409,409,409,409,409,409,409,409,409,409,409,409,409,409,409,409,409,409,409,409,409,409,409,409,409,409,409,409,409,409,409,409,409,409,409,409,409,409,409,409,
size:24
[agent] id:11
path:417,418,419,420,421,389,390,391,392,393,394,395,396,364,332,300,301,302,334,366,367,399,399,399,399,399,399,399,399,399,399,399,399,399,399,399,399,399,399,399,399,399,399,399,399,399,399,399,399,399,399,399,399,399,399,399,
goal:399,399,399,399,399,399,399,399,399,399,399,399,399,399,399,399,399,399,399,399,399,399,399,399,399,399,399,399,399,399,399,399,399,399,399,399,399,399,399,399,399,399,399,399,399,399,399,399,399,399,399,399,399,399,399,399,
size:21
[agent] id:12
path:225,257,258,259,260,261,262,263,264,264,264,264,264,264,264,264,264,264,264,264,264,264,264,264,264,264,264,264,264,264,264,264,264,264,264,264,264,264,264,264,264,264,264,264,264,264,264,264,264,264,264,264,264,264,264,264,
goal:264,264,264,264,264,264,264,264,264,264,264,264,264,264,264,264,264,264,264,264,264,264,264,264,264,264,264,264,264,264,264,264,264,264,264,264,264,264,264,264,264,264,264,264,264,264,264,264,264,264,264,264,264,264,264,264,
size:8
[agent] id:13
path:617,649,681,713,714,715,716,717,718,718,718,718,718,718,718,718,718,718,718,718,718,718,718,718,718,718,718,718,718,718,718,718,718,718,718,718,718,718,718,718,718,718,718,718,718,718,718,718,718,718,718,718,718,718,718,718,
goal:718,718,718,718,718,718,718,718,718,718,718,718,718,718,718,718,718,718,718,718,718,718,718,718,718,718,718,718,718,718,718,718,718,718,718,718,718,718,718,718,718,718,718,718,718,718,718,718,718,718,718,718,718,718,718,718,
size:8
[agent] id:14
path:771,739,707,708,676,644,612,613,614,615,616,617,618,619,620,621,589,557,558,559,560,528,529,497,465,433,432,431,431,431,431,431,431,431,431,431,431,431,431,431,431,431,431,431,431,431,431,431,431,431,431,431,431,431,431,431,
goal:431,431,431,431,431,431,431,431,431,431,431,431,431,431,431,431,431,431,431,431,431,431,431,431,431,431,431,431,431,431,431,431,431,431,431,431,431,431,431,431,431,431,431,431,431,431,431,431,431,431,431,431,431,431,431,431,
size:27
[agent] id:15
path:422,423,424,456,457,489,490,490,490,490,490,490,490,490,490,490,490,490,490,490,490,490,490,490,490,490,490,490,490,490,490,490,490,490,490,490,490,490,490,490,490,490,490,490,490,490,490,490,490,490,490,490,490,490,490,490,
goal:490,490,490,490,490,490,490,490,490,490,490,490,490,490,490,490,490,490,490,490,490,490,490,490,490,490,490,490,490,490,490,490,490,490,490,490,490,490,490,490,490,490,490,490,490,490,490,490,490,490,490,490,490,490,490,490,
size:6
[agent] id:16
path:71,103,135,167,166,165,197,229,261,293,294,326,358,390,422,454,486,518,550,582,614,646,678,710,742,774,806,838,870,902,934,966,965,964,964,964,964,964,964,964,964,964,964,964,964,964,964,964,964,964,964,964,964,964,964,964,
goal:964,964,964,964,964,964,964,964,964,964,964,964,964,964,964,964,964,964,964,964,964,964,964,964,964,964,964,964,964,964,964,964,964,964,964,964,964,964,964,964,964,964,964,964,964,964,964,964,964,964,964,964,964,964,964,964,
size:33
[agent] id:17
path:800,768,736,737,705,673,641,609,577,545,513,514,482,450,418,419,420,421,389,390,391,392,393,394,395,396,364,332,300,268,269,270,271,239,240,241,209,210,211,212,213,181,182,150,151,119,87,88,89,90,91,92,60,61,62,63,
goal:63,63,63,63,63,63,63,63,63,63,63,63,63,63,63,63,63,63,63,63,63,63,63,63,63,63,63,63,63,63,63,63,63,63,63,63,63,63,63,63,63,63,63,63,63,63,63,63,63,63,63,63,63,63,63,63,
size:55
[agent] id:18
path:598,630,631,632,633,634,635,667,668,669,670,670,670,670,670,670,670,670,670,670,670,670,670,670,670,670,670,670,670,670,670,670,670,670,670,670,670,670,670,670,670,670,670,670,670,670,670,670,670,670,670,670,670,670,670,670,
goal:670,670,670,670,670,670,670,670,670,670,670,670,670,670,670,670,670,670,670,670,670,670,670,670,670,670,670,670,670,670,670,670,670,670,670,670,670,670,670,670,670,670,670,670,670,670,670,670,670,670,670,670,670,670,670,670,
size:10
[agent] id:19
path:811,779,747,715,716,717,718,686,687,688,720,721,722,723,724,725,726,727,727,727,727,727,727,727,727,727,727,727,727,727,727,727,727,727,727,727,727,727,727,727,727,727,727,727,727,727,727,727,727,727,727,727,727,727,727,727,
goal:727,727,727,727,727,727,727,727,727,727,727,727,727,727,727,727,727,727,727,727,727,727,727,727,727,727,727,727,727,727,727,727,727,727,727,727,727,727,727,727,727,727,727,727,727,727,727,727,727,727,727,727,727,727,727,727,
size:17
[agent] id:20
path:266,234,202,203,171,172,173,174,142,110,78,79,80,48,49,50,51,52,53,54,55,23,23,23,23,23,23,23,23,23,23,23,23,23,23,23,23,23,23,23,23,23,23,23,23,23,23,23,23,23,23,23,23,23,23,23,
goal:23,23,23,23,23,23,23,23,23,23,23,23,23,23,23,23,23,23,23,23,23,23,23,23,23,23,23,23,23,23,23,23,23,23,23,23,23,23,23,23,23,23,23,23,23,23,23,23,23,23,23,23,23,23,23,23,
size:21
[agent] id:21
path:637,636,635,667,699,698,697,696,664,663,662,661,660,659,691,690,689,688,687,686,654,622,621,620,619,618,617,616,615,583,551,552,553,554,555,555,555,555,555,555,555,555,555,555,555,555,555,555,555,555,555,555,555,555,555,555,
goal:555,555,555,555,555,555,555,555,555,555,555,555,555,555,555,555,555,555,555,555,555,555,555,555,555,555,555,555,555,555,555,555,555,555,555,555,555,555,555,555,555,555,555,555,555,555,555,555,555,555,555,555,555,555,555,555,
size:34
[agent] id:22
path:301,300,332,364,396,428,460,461,493,494,526,558,557,556,556,556,556,556,556,556,556,556,556,556,556,556,556,556,556,556,556,556,556,556,556,556,556,556,556,556,556,556,556,556,556,556,556,556,556,556,556,556,556,556,556,556,
goal:556,556,556,556,556,556,556,556,556,556,556,556,556,556,556,556,556,556,556,556,556,556,556,556,556,556,556,556,556,556,556,556,556,556,556,556,556,556,556,556,556,556,556,556,556,556,556,556,556,556,556,556,556,556,556,556,
size:13
[agent] id:23
path:21,20,19,18,17,49,48,80,79,78,77,45,13,12,11,10,9,8,7,39,38,37,5,5,5,5,5,5,5,5,5,5,5,5,5,5,5,5,5,5,5,5,5,5,5,5,5,5,5,5,5,5,5,5,5,5,
goal:5,5,5,5,5,5,5,5,5,5,5,5,5,5,5,5,5,5,5,5,5,5,5,5,5,5,5,5,5,5,5,5,5,5,5,5,5,5,5,5,5,5,5,5,5,5,5,5,5,5,5,5,5,5,5,5,
size:22
[agent] id:24
path:898,866,867,835,803,771,739,707,708,676,644,645,646,647,648,649,650,651,652,653,653,653,653,621,589,557,557,557,557,557,557,557,557,557,557,557,557,557,557,557,557,557,557,557,557,557,557,557,557,557,557,557,557,557,557,557,
goal:557,557,557,557,557,557,557,557,557,557,557,557,557,557,557,557,557,557,557,557,557,557,557,557,557,557,557,557,557,557,557,557,557,557,557,557,557,557,557,557,557,557,557,557,557,557,557,557,557,557,557,557,557,557,557,557,
size:25
[agent] id:25
path:688,656,657,658,626,594,562,530,498,466,434,435,436,437,405,373,372,372,372,372,372,372,372,372,372,372,372,372,372,372,372,372,372,372,372,372,372,372,372,372,372,372,372,372,372,372,372,372,372,372,372,372,372,372,372,372,
goal:372,372,372,372,372,372,372,372,372,372,372,372,372,372,372,372,372,372,372,372,372,372,372,372,372,372,372,372,372,372,372,372,372,372,372,372,372,372,372,372,372,372,372,372,372,372,372,372,372,372,372,372,372,372,372,372,
size:16
[agent] id:26
path:457,458,459,460,461,493,525,526,527,527,527,527,527,527,527,527,527,527,527,527,527,527,527,527,527,527,527,527,527,527,527,527,527,527,527,527,527,527,527,527,527,527,527,527,527,527,527,527,527,527,527,527,527,527,527,527,
goal:527,527,527,527,527,527,527,527,527,527,527,527,527,527,527,527,527,527,527,527,527,527,527,527,527,527,527,527,527,527,527,527,527,527,527,527,527,527,527,527,527,527,527,527,527,527,527,527,527,527,527,527,527,527,527,527,
size:8
[agent] id:27
path:490,522,554,555,556,557,589,621,653,685,686,687,688,720,721,722,723,724,725,757,758,759,791,823,824,825,857,858,859,860,892,924,925,926,926,926,926,926,926,926,926,926,926,926,926,926,926,926,926,926,926,926,926,926,926,926,
goal:926,926,926,926,926,926,926,926,926,926,926,926,926,926,926,926,926,926,926,926,926,926,926,926,926,926,926,926,926,926,926,926,926,926,926,926,926,926,926,926,926,926,926,926,926,926,926,926,926,926,926,926,926,926,926,926,
size:33
[agent] id:28
path:389,421,453,485,517,549,550,582,583,584,584,584,584,584,584,584,584,584,584,584,584,584,584,584,584,584,584,584,584,584,584,584,584,584,584,584,584,584,584,584,584,584,584,584,584,584,584,584,584,584,584,584,584,584,584,584,
goal:584,584,584,584,584,584,584,584,584,584,584,584,584,584,584,584,584,584,584,584,584,584,584,584,584,584,584,584,584,584,584,584,584,584,584,584,584,584,584,584,584,584,584,584,584,584,584,584,584,584,584,584,584,584,584,584,
size:9
[agent] id:29
path:328,296,264,263,231,199,200,201,202,203,204,205,206,207,239,240,241,209,210,211,212,213,214,215,215,215,215,215,215,215,215,215,215,215,215,215,215,215,215,215,215,215,215,215,215,215,215,215,215,215,215,215,215,215,215,215,
goal:215,215,215,215,215,215,215,215,215,215,215,215,215,215,215,215,215,215,215,215,215,215,215,215,215,215,215,215,215,215,215,215,215,215,215,215,215,215,215,215,215,215,215,215,215,215,215,215,215,215,215,215,215,215,215,215,
size:23
SolutionCost:664
