[setting] seed:2431
[solver] type:SASB-ECBS
[solver] w:2.000000
[solver] ID:0
[solver] Lowlevelnode:5019
[solver] Highlevelnode:23
[solver] ConflictCount:12
[solver] solved:1
[solver] elapsed:47
[solver] makespan:50
[problem] timesteplimit:15000
[problem] type:MAPF
[problem] agentnum:30
[graph] width:32
[graph] height:32
[graph] filename:./map/32by32_agents10_ex30.map
[task] id:27,start:0,end:0,service time:0,nodes:5,
[task] id:11,start:0,end:0,service time:0,nodes:879,
[task] id:25,start:0,end:0,service time:0,nodes:341,
[task] id:17,start:0,end:0,service time:0,nodes:111,
[task] id:24,start:0,end:0,service time:0,nodes:714,
[task] id:26,start:0,end:0,service time:0,nodes:472,
[task] id:16,start:0,end:0,service time:0,nodes:713,
[task] id:29,start:0,end:0,service time:0,nodes:19,
[task] id:4,start:0,end:0,service time:0,nodes:36,
[task] id:28,start:0,end:0,service time:0,nodes:904,
[task] id:15,start:0,end:0,service time:0,nodes:1021,
[task] id:18,start:0,end:0,service time:0,nodes:210,
[task] id:12,start:0,end:0,service time:0,nodes:263,
[task] id:0,start:0,end:0,service time:0,nodes:331,
[task] id:3,start:0,end:0,service time:0,nodes:722,
[task] id:8,start:0,end:0,service time:0,nodes:66,
[task] id:2,start:0,end:0,service time:0,nodes:615,
[task] id:1,start:0,end:0,service time:0,nodes:626,
[task] id:21,start:0,end:0,service time:0,nodes:606,
[task] id:6,start:0,end:0,service time:0,nodes:540,
[task] id:9,start:0,end:0,service time:0,nodes:822,
[task] id:19,start:0,end:0,service time:0,nodes:140,
[task] id:7,start:0,end:0,service time:0,nodes:980,
[task] id:5,start:0,end:0,service time:0,nodes:847,
[task] id:20,start:0,end:0,service time:0,nodes:134,
[task] id:23,start:0,end:0,service time:0,nodes:998,
[task] id:13,start:0,end:0,service time:0,nodes:808,
[task] id:14,start:0,end:0,service time:0,nodes:318,
[task] id:10,start:0,end:0,service time:0,nodes:446,
[task] id:22,start:0,end:0,service time:0,nodes:58,
[agent] id:0
path:736,737,705,673,641,609,577,545,513,514,482,450,418,419,420,421,389,390,391,392,393,394,395,396,364,332,331,331,331,331,331,331,331,331,331,331,331,331,331,331,331,331,331,331,331,331,331,331,331,331,331,
goal:331,331,331,331,331,331,331,331,331,331,331,331,331,331,331,331,331,331,331,331,331,331,331,331,331,331,331,331,331,331,331,331,331,331,331,331,331,331,331,331,331,331,331,331,331,331,331,331,331,331,331,
size:26
[agent] id:1
path:8,40,72,104,136,168,200,201,233,234,235,236,268,300,332,364,396,428,460,461,493,525,557,589,590,591,592,593,594,626,626,626,626,626,626,626,626,626,626,626,626,626,626,626,626,626,626,626,626,626,626,
goal:626,626,626,626,626,626,626,626,626,626,626,626,626,626,626,626,626,626,626,626,626,626,626,626,626,626,626,626,626,626,626,626,626,626,626,626,626,626,626,626,626,626,626,626,626,626,626,626,626,626,626,
size:29
[agent] id:2
path:921,920,888,887,855,823,791,759,727,695,663,662,661,660,659,658,657,656,655,623,622,621,620,619,618,617,616,615,615,615,615,615,615,615,615,615,615,615,615,615,615,615,615,615,615,615,615,615,615,615,615,
goal:615,615,615,615,615,615,615,615,615,615,615,615,615,615,615,615,615,615,615,615,615,615,615,615,615,615,615,615,615,615,615,615,615,615,615,615,615,615,615,615,615,615,615,615,615,615,615,615,615,615,615,
size:27
[agent] id:3
path:896,928,929,930,898,866,867,835,836,837,838,839,840,841,842,843,844,845,846,847,848,849,850,818,786,754,722,722,722,722,722,722,722,722,722,722,722,722,722,722,722,722,722,722,722,722,722,722,722,722,722,
goal:722,722,722,722,722,722,722,722,722,722,722,722,722,722,722,722,722,722,722,722,722,722,722,722,722,722,722,722,722,722,722,722,722,722,722,722,722,722,722,722,722,722,722,722,722,722,722,722,722,722,722,
size:26
[agent] id:4
path:427,395,394,393,392,391,359,358,326,294,262,230,229,197,165,133,101,69,37,36,36,36,36,36,36,36,36,36,36,36,36,36,36,36,36,36,36,36,36,36,36,36,36,36,36,36,36,36,36,36,36,
goal:36,36,36,36,36,36,36,36,36,36,36,36,36,36,36,36,36,36,36,36,36,36,36,36,36,36,36,36,36,36,36,36,36,36,36,36,36,36,36,36,36,36,36,36,36,36,36,36,36,36,36,
size:19
[agent] id:5
path:132,133,165,166,167,199,199,200,201,233,234,235,236,268,300,332,364,396,428,460,461,493,525,557,589,621,653,685,717,749,781,782,814,846,847,847,847,847,847,847,847,847,847,847,847,847,847,847,847,847,847,
goal:847,847,847,847,847,847,847,847,847,847,847,847,847,847,847,847,847,847,847,847,847,847,847,847,847,847,847,847,847,847,847,847,847,847,847,847,847,847,847,847,847,847,847,847,847,847,847,847,847,847,847,
size:34
[agent] id:6
path:838,806,774,742,710,678,646,614,582,550,551,552,553,554,555,556,557,558,559,560,561,562,563,564,565,533,534,535,536,537,538,539,540,540,540,540,540,540,540,540,540,540,540,540,540,540,540,540,540,540,540,
goal:540,540,540,540,540,540,540,540,540,540,540,540,540,540,540,540,540,540,540,540,540,540,540,540,540,540,540,540,540,540,540,540,540,540,540,540,540,540,540,540,540,540,540,540,540,540,540,540,540,540,540,
size:32
[agent] id:7
path:544,576,577,609,610,642,643,644,645,677,709,741,773,805,806,807,808,809,841,842,843,844,845,846,847,848,880,912,944,945,946,978,979,980,980,980,980,980,980,980,980,980,980,980,980,980,980,980,980,980,980,
goal:980,980,980,980,980,980,980,980,980,980,980,980,980,980,980,980,980,980,980,980,980,980,980,980,980,980,980,980,980,980,980,980,980,980,980,980,980,980,980,980,980,980,980,980,980,980,980,980,980,980,980,
size:33
[agent] id:8
path:524,556,555,554,522,490,458,426,394,393,392,391,359,358,326,294,262,230,229,197,165,133,101,69,68,67,66,66,66,66,66,66,66,66,66,66,66,66,66,66,66,66,66,66,66,66,66,66,66,66,66,
goal:66,66,66,66,66,66,66,66,66,66,66,66,66,66,66,66,66,66,66,66,66,66,66,66,66,66,66,66,66,66,66,66,66,66,66,66,66,66,66,66,66,66,66,66,66,66,66,66,66,66,66,
size:26
[agent] id:9
path:172,204,236,268,300,332,364,396,428,460,461,493,525,557,589,621,653,685,686,687,688,720,721,722,723,724,725,757,758,759,791,823,822,822,822,822,822,822,822,822,822,822,822,822,822,822,822,822,822,822,822,
goal:822,822,822,822,822,822,822,822,822,822,822,822,822,822,822,822,822,822,822,822,822,822,822,822,822,822,822,822,822,822,822,822,822,822,822,822,822,822,822,822,822,822,822,822,822,822,822,822,822,822,822,
size:32
[agent] id:10
path:768,736,737,705,673,641,609,577,578,579,547,548,549,550,551,552,553,554,555,556,557,558,559,560,561,562,563,564,565,533,534,535,536,537,538,539,507,508,476,477,478,446,446,446,446,446,446,446,446,446,446,
goal:446,446,446,446,446,446,446,446,446,446,446,446,446,446,446,446,446,446,446,446,446,446,446,446,446,446,446,446,446,446,446,446,446,446,446,446,446,446,446,446,446,446,446,446,446,446,446,446,446,446,446,
size:41
[agent] id:11
path:942,943,911,879,879,879,879,879,879,879,879,879,879,879,879,879,879,879,879,879,879,879,879,879,879,879,879,879,879,879,879,879,879,879,879,879,879,879,879,879,879,879,879,879,879,879,879,879,879,879,879,
goal:879,879,879,879,879,879,879,879,879,879,879,879,879,879,879,879,879,879,879,879,879,879,879,879,879,879,879,879,879,879,879,879,879,879,879,879,879,879,879,879,879,879,879,879,879,879,879,879,879,879,879,
size:3
[agent] id:12
path:906,874,842,810,809,808,776,744,712,680,648,616,584,552,520,519,487,486,454,422,390,358,326,294,262,263,263,263,263,263,263,263,263,263,263,263,263,263,263,263,263,263,263,263,263,263,263,263,263,263,263,
goal:263,263,263,263,263,263,263,263,263,263,263,263,263,263,263,263,263,263,263,263,263,263,263,263,263,263,263,263,263,263,263,263,263,263,263,263,263,263,263,263,263,263,263,263,263,263,263,263,263,263,263,
size:25
[agent] id:13
path:317,349,381,380,379,378,410,442,474,473,472,504,536,535,567,599,631,663,662,661,693,692,691,690,689,688,687,686,718,717,716,715,747,779,811,810,809,808,808,808,808,808,808,808,808,808,808,808,808,808,808,
goal:808,808,808,808,808,808,808,808,808,808,808,808,808,808,808,808,808,808,808,808,808,808,808,808,808,808,808,808,808,808,808,808,808,808,808,808,808,808,808,808,808,808,808,808,808,808,808,808,808,808,808,
size:37
[agent] id:14
path:354,355,356,357,389,390,391,392,424,456,457,458,459,460,461,493,525,526,527,528,529,497,465,433,434,435,436,437,405,373,374,375,376,377,378,379,347,315,316,317,318,318,318,318,318,318,318,318,318,318,318,
goal:318,318,318,318,318,318,318,318,318,318,318,318,318,318,318,318,318,318,318,318,318,318,318,318,318,318,318,318,318,318,318,318,318,318,318,318,318,318,318,318,318,318,318,318,318,318,318,318,318,318,318,
size:40
[agent] id:15
path:534,566,598,630,662,663,695,727,728,760,792,824,825,857,858,859,860,892,924,956,988,1020,1021,1021,1021,1021,1021,1021,1021,1021,1021,1021,1021,1021,1021,1021,1021,1021,1021,1021,1021,1021,1021,1021,1021,1021,1021,1021,1021,1021,1021,
goal:1021,1021,1021,1021,1021,1021,1021,1021,1021,1021,1021,1021,1021,1021,1021,1021,1021,1021,1021,1021,1021,1021,1021,1021,1021,1021,1021,1021,1021,1021,1021,1021,1021,1021,1021,1021,1021,1021,1021,1021,1021,1021,1021,1021,1021,1021,1021,1021,1021,1021,1021,
size:22
[agent] id:16
path:695,663,662,661,660,659,658,657,656,655,654,653,652,651,683,682,681,713,713,713,713,713,713,713,713,713,713,713,713,713,713,713,713,713,713,713,713,713,713,713,713,713,713,713,713,713,713,713,713,713,713,
goal:713,713,713,713,713,713,713,713,713,713,713,713,713,713,713,713,713,713,713,713,713,713,713,713,713,713,713,713,713,713,713,713,713,713,713,713,713,713,713,713,713,713,713,713,713,713,713,713,713,713,713,
size:17
[agent] id:17
path:310,309,277,245,213,212,211,210,178,146,114,113,112,111,111,111,111,111,111,111,111,111,111,111,111,111,111,111,111,111,111,111,111,111,111,111,111,111,111,111,111,111,111,111,111,111,111,111,111,111,111,
goal:111,111,111,111,111,111,111,111,111,111,111,111,111,111,111,111,111,111,111,111,111,111,111,111,111,111,111,111,111,111,111,111,111,111,111,111,111,111,111,111,111,111,111,111,111,111,111,111,111,111,111,
size:13
[agent] id:18
path:635,603,571,539,538,537,536,535,534,533,501,469,437,405,373,374,342,310,309,277,245,213,212,211,210,210,210,210,210,210,210,210,210,210,210,210,210,210,210,210,210,210,210,210,210,210,210,210,210,210,210,
goal:210,210,210,210,210,210,210,210,210,210,210,210,210,210,210,210,210,210,210,210,210,210,210,210,210,210,210,210,210,210,210,210,210,210,210,210,210,210,210,210,210,210,210,210,210,210,210,210,210,210,210,
size:24
[agent] id:19
path:885,853,852,851,819,818,786,754,722,690,658,626,594,562,530,498,466,434,402,401,369,337,305,273,241,240,239,207,206,174,173,172,140,140,140,140,140,140,140,140,140,140,140,140,140,140,140,140,140,140,140,
goal:140,140,140,140,140,140,140,140,140,140,140,140,140,140,140,140,140,140,140,140,140,140,140,140,140,140,140,140,140,140,140,140,140,140,140,140,140,140,140,140,140,140,140,140,140,140,140,140,140,140,140,
size:32
[agent] id:20
path:633,632,600,599,567,535,534,533,501,469,437,436,435,403,402,401,369,337,305,273,241,240,239,207,206,174,173,172,140,139,138,137,136,135,134,134,134,134,134,134,134,134,134,134,134,134,134,134,134,134,134,
goal:134,134,134,134,134,134,134,134,134,134,134,134,134,134,134,134,134,134,134,134,134,134,134,134,134,134,134,134,134,134,134,134,134,134,134,134,134,134,134,134,134,134,134,134,134,134,134,134,134,134,134,
size:34
[agent] id:21
path:25,57,89,121,153,185,217,216,248,280,312,344,376,377,378,379,380,412,413,414,446,478,477,509,508,540,539,571,603,604,605,606,606,606,606,606,606,606,606,606,606,606,606,606,606,606,606,606,606,606,606,
goal:606,606,606,606,606,606,606,606,606,606,606,606,606,606,606,606,606,606,606,606,606,606,606,606,606,606,606,606,606,606,606,606,606,606,606,606,606,606,606,606,606,606,606,606,606,606,606,606,606,606,606,
size:31
[agent] id:22
path:801,802,770,738,706,707,708,676,644,645,646,647,648,649,650,651,652,653,654,655,656,657,658,626,627,628,596,597,597,565,533,501,469,437,405,373,374,342,310,311,279,247,215,183,151,119,87,55,56,57,58,
goal:58,58,58,58,58,58,58,58,58,58,58,58,58,58,58,58,58,58,58,58,58,58,58,58,58,58,58,58,58,58,58,58,58,58,58,58,58,58,58,58,58,58,58,58,58,58,58,58,58,58,58,
size:50
[agent] id:23
path:439,438,470,469,501,533,565,597,629,661,693,725,724,723,755,754,786,818,850,882,914,946,945,944,943,942,941,940,939,938,937,936,935,967,999,998,998,998,998,998,998,998,998,998,998,998,998,998,998,998,998,
goal:998,998,998,998,998,998,998,998,998,998,998,998,998,998,998,998,998,998,998,998,998,998,998,998,998,998,998,998,998,998,998,998,998,998,998,998,998,998,998,998,998,998,998,998,998,998,998,998,998,998,998,
size:35
[agent] id:24
path:562,594,626,658,690,689,688,687,686,718,717,716,715,714,714,714,714,714,714,714,714,714,714,714,714,714,714,714,714,714,714,714,714,714,714,714,714,714,714,714,714,714,714,714,714,714,714,714,714,714,714,
goal:714,714,714,714,714,714,714,714,714,714,714,714,714,714,714,714,714,714,714,714,714,714,714,714,714,714,714,714,714,714,714,714,714,714,714,714,714,714,714,714,714,714,714,714,714,714,714,714,714,714,714,
size:13
[agent] id:25
path:279,311,310,342,341,341,341,341,341,341,341,341,341,341,341,341,341,341,341,341,341,341,341,341,341,341,341,341,341,341,341,341,341,341,341,341,341,341,341,341,341,341,341,341,341,341,341,341,341,341,341,
goal:341,341,341,341,341,341,341,341,341,341,341,341,341,341,341,341,341,341,341,341,341,341,341,341,341,341,341,341,341,341,341,341,341,341,341,341,341,341,341,341,341,341,341,341,341,341,341,341,341,341,341,
size:4
[agent] id:26
path:255,287,286,318,317,349,381,380,379,378,410,442,474,473,472,472,472,472,472,472,472,472,472,472,472,472,472,472,472,472,472,472,472,472,472,472,472,472,472,472,472,472,472,472,472,472,472,472,472,472,472,
goal:472,472,472,472,472,472,472,472,472,472,472,472,472,472,472,472,472,472,472,472,472,472,472,472,472,472,472,472,472,472,472,472,472,472,472,472,472,472,472,472,472,472,472,472,472,472,472,472,472,472,472,
size:14
[agent] id:27
path:3,4,5,5,5,5,5,5,5,5,5,5,5,5,5,5,5,5,5,5,5,5,5,5,5,5,5,5,5,5,5,5,5,5,5,5,5,5,5,5,5,5,5,5,5,5,5,5,5,5,5,
goal:5,5,5,5,5,5,5,5,5,5,5,5,5,5,5,5,5,5,5,5,5,5,5,5,5,5,5,5,5,5,5,5,5,5,5,5,5,5,5,5,5,5,5,5,5,5,5,5,5,5,5,
size:2
[agent] id:28
path:692,691,690,689,688,687,686,718,717,716,715,747,779,811,810,809,841,840,872,904,904,904,904,904,904,904,904,904,904,904,904,904,904,904,904,904,904,904,904,904,904,904,904,904,904,904,904,904,904,904,904,
goal:904,904,904,904,904,904,904,904,904,904,904,904,904,904,904,904,904,904,904,904,904,904,904,904,904,904,904,904,904,904,904,904,904,904,904,904,904,904,904,904,904,904,904,904,904,904,904,904,904,904,904,
size:19
[agent] id:29
path:331,299,300,301,269,270,271,239,240,241,209,177,145,113,81,49,17,18,19,19,19,19,19,19,19,19,19,19,19,19,19,19,19,19,19,19,19,19,19,19,19,19,19,19,19,19,19,19,19,19,19,
goal:19,19,19,19,19,19,19,19,19,19,19,19,19,19,19,19,19,19,19,19,19,19,19,19,19,19,19,19,19,19,19,19,19,19,19,19,19,19,19,19,19,19,19,19,19,19,19,19,19,19,19,
size:18
SolutionCost:758
