[setting] seed:23746
[solver] type:SASB-ECBS
[solver] w:2.000000
[solver] ID:0
[solver] Lowlevelnode:3029
[solver] Highlevelnode:15
[solver] ConflictCount:8
[solver] solved:1
[solver] elapsed:26
[solver] makespan:43
[problem] timesteplimit:15000
[problem] type:MAPF
[problem] agentnum:30
[graph] width:32
[graph] height:32
[graph] filename:./map/32by32_agents10_ex30.map
[task] id:29,start:0,end:0,service time:0,nodes:835,
[task] id:15,start:0,end:0,service time:0,nodes:144,
[task] id:9,start:0,end:0,service time:0,nodes:584,
[task] id:21,start:0,end:0,service time:0,nodes:530,
[task] id:11,start:0,end:0,service time:0,nodes:197,
[task] id:5,start:0,end:0,service time:0,nodes:907,
[task] id:14,start:0,end:0,service time:0,nodes:529,
[task] id:7,start:0,end:0,service time:0,nodes:593,
[task] id:28,start:0,end:0,service time:0,nodes:467,
[task] id:26,start:0,end:0,service time:0,nodes:331,
[task] id:4,start:0,end:0,service time:0,nodes:590,
[task] id:25,start:0,end:0,service time:0,nodes:262,
[task] id:1,start:0,end:0,service time:0,nodes:569,
[task] id:17,start:0,end:0,service time:0,nodes:640,
[task] id:22,start:0,end:0,service time:0,nodes:594,
[task] id:10,start:0,end:0,service time:0,nodes:277,
[task] id:16,start:0,end:0,service time:0,nodes:1023,
[task] id:19,start:0,end:0,service time:0,nodes:103,
[task] id:23,start:0,end:0,service time:0,nodes:424,
[task] id:20,start:0,end:0,service time:0,nodes:882,
[task] id:0,start:0,end:0,service time:0,nodes:778,
[task] id:6,start:0,end:0,service time:0,nodes:218,
[task] id:24,start:0,end:0,service time:0,nodes:980,
[task] id:27,start:0,end:0,service time:0,nodes:801,
[task] id:13,start:0,end:0,service time:0,nodes:866,
[task] id:18,start:0,end:0,service time:0,nodes:718,
[task] id:8,start:0,end:0,service time:0,nodes:231,
[task] id:3,start:0,end:0,service time:0,nodes:153,
[task] id:2,start:0,end:0,service time:0,nodes:460,
[task] id:12,start:0,end:0,service time:0,nodes:1002,
[agent] id:0
path:171,203,235,236,268,300,332,364,396,428,460,461,493,525,557,589,621,653,685,717,716,715,747,779,778,778,778,778,778,778,778,778,778,778,778,778,778,778,778,778,778,778,778,778,
goal:778,778,778,778,778,778,778,778,778,778,778,778,778,778,778,778,778,778,778,778,778,778,778,778,778,778,778,778,778,778,778,778,778,778,778,778,778,778,778,778,778,778,778,778,
size:24
[agent] id:1
path:953,921,920,888,887,855,823,791,759,727,695,663,631,599,567,535,536,537,569,569,569,569,569,569,569,569,569,569,569,569,569,569,569,569,569,569,569,569,569,569,569,569,569,569,
goal:569,569,569,569,569,569,569,569,569,569,569,569,569,569,569,569,569,569,569,569,569,569,569,569,569,569,569,569,569,569,569,569,569,569,569,569,569,569,569,569,569,569,569,569,
size:18
[agent] id:2
path:95,127,159,191,190,189,188,187,219,218,217,216,248,280,312,311,310,309,308,307,306,305,304,303,302,301,300,332,364,396,428,460,460,460,460,460,460,460,460,460,460,460,460,460,
goal:460,460,460,460,460,460,460,460,460,460,460,460,460,460,460,460,460,460,460,460,460,460,460,460,460,460,460,460,460,460,460,460,460,460,460,460,460,460,460,460,460,460,460,460,
size:31
[agent] id:3
path:849,850,818,786,754,722,690,658,626,594,562,563,531,499,500,468,436,437,405,373,341,309,310,311,279,247,215,183,151,152,153,153,153,153,153,153,153,153,153,153,153,153,153,153,
goal:153,153,153,153,153,153,153,153,153,153,153,153,153,153,153,153,153,153,153,153,153,153,153,153,153,153,153,153,153,153,153,153,153,153,153,153,153,153,153,153,153,153,153,153,
size:30
[agent] id:4
path:792,760,728,696,664,632,631,630,629,628,627,626,594,593,592,591,590,590,590,590,590,590,590,590,590,590,590,590,590,590,590,590,590,590,590,590,590,590,590,590,590,590,590,590,
goal:590,590,590,590,590,590,590,590,590,590,590,590,590,590,590,590,590,590,590,590,590,590,590,590,590,590,590,590,590,590,590,590,590,590,590,590,590,590,590,590,590,590,590,590,
size:16
[agent] id:5
path:948,980,979,978,946,945,944,943,942,941,909,908,907,907,907,907,907,907,907,907,907,907,907,907,907,907,907,907,907,907,907,907,907,907,907,907,907,907,907,907,907,907,907,907,
goal:907,907,907,907,907,907,907,907,907,907,907,907,907,907,907,907,907,907,907,907,907,907,907,907,907,907,907,907,907,907,907,907,907,907,907,907,907,907,907,907,907,907,907,907,
size:12
[agent] id:6
path:670,669,637,605,604,603,571,539,538,537,536,504,472,473,441,409,377,345,313,281,280,248,216,217,218,218,218,218,218,218,218,218,218,218,218,218,218,218,218,218,218,218,218,218,
goal:218,218,218,218,218,218,218,218,218,218,218,218,218,218,218,218,218,218,218,218,218,218,218,218,218,218,218,218,218,218,218,218,218,218,218,218,218,218,218,218,218,218,218,218,
size:24
[agent] id:7
path:979,978,946,914,882,850,818,786,754,722,690,658,626,594,593,593,593,593,593,593,593,593,593,593,593,593,593,593,593,593,593,593,593,593,593,593,593,593,593,593,593,593,593,593,
goal:593,593,593,593,593,593,593,593,593,593,593,593,593,593,593,593,593,593,593,593,593,593,593,593,593,593,593,593,593,593,593,593,593,593,593,593,593,593,593,593,593,593,593,593,
size:14
[agent] id:8
path:93,92,91,123,155,187,219,218,217,216,215,214,213,212,211,243,242,241,240,239,207,206,205,204,203,202,201,200,199,231,231,231,231,231,231,231,231,231,231,231,231,231,231,231,
goal:231,231,231,231,231,231,231,231,231,231,231,231,231,231,231,231,231,231,231,231,231,231,231,231,231,231,231,231,231,231,231,231,231,231,231,231,231,231,231,231,231,231,231,231,
size:29
[agent] id:9
path:486,518,550,582,583,584,584,584,584,584,584,584,584,584,584,584,584,584,584,584,584,584,584,584,584,584,584,584,584,584,584,584,584,584,584,584,584,584,584,584,584,584,584,584,
goal:584,584,584,584,584,584,584,584,584,584,584,584,584,584,584,584,584,584,584,584,584,584,584,584,584,584,584,584,584,584,584,584,584,584,584,584,584,584,584,584,584,584,584,584,
size:5
[agent] id:10
path:687,655,623,591,559,527,528,529,497,465,466,434,435,436,437,405,373,341,309,277,277,277,277,277,277,277,277,277,277,277,277,277,277,277,277,277,277,277,277,277,277,277,277,277,
goal:277,277,277,277,277,277,277,277,277,277,277,277,277,277,277,277,277,277,277,277,277,277,277,277,277,277,277,277,277,277,277,277,277,277,277,277,277,277,277,277,277,277,277,277,
size:19
[agent] id:11
path:234,202,201,200,199,167,166,165,197,197,197,197,197,197,197,197,197,197,197,197,197,197,197,197,197,197,197,197,197,197,197,197,197,197,197,197,197,197,197,197,197,197,197,197,
goal:197,197,197,197,197,197,197,197,197,197,197,197,197,197,197,197,197,197,197,197,197,197,197,197,197,197,197,197,197,197,197,197,197,197,197,197,197,197,197,197,197,197,197,197,
size:8
[agent] id:12
path:86,87,119,151,183,215,247,279,311,310,342,374,406,438,470,469,501,533,565,597,629,661,693,725,724,723,755,754,786,818,850,849,881,913,945,944,943,942,974,1006,1005,1004,1003,1002,
goal:1002,1002,1002,1002,1002,1002,1002,1002,1002,1002,1002,1002,1002,1002,1002,1002,1002,1002,1002,1002,1002,1002,1002,1002,1002,1002,1002,1002,1002,1002,1002,1002,1002,1002,1002,1002,1002,1002,1002,1002,1002,1002,1002,1002,
size:43
[agent] id:13
path:592,591,590,622,654,686,718,717,716,715,747,779,811,810,809,841,840,839,838,837,869,901,900,899,867,866,866,866,866,866,866,866,866,866,866,866,866,866,866,866,866,866,866,866,
goal:866,866,866,866,866,866,866,866,866,866,866,866,866,866,866,866,866,866,866,866,866,866,866,866,866,866,866,866,866,866,866,866,866,866,866,866,866,866,866,866,866,866,866,866,
size:25
[agent] id:14
path:144,176,177,209,241,273,305,337,369,401,433,465,497,529,529,529,529,529,529,529,529,529,529,529,529,529,529,529,529,529,529,529,529,529,529,529,529,529,529,529,529,529,529,529,
goal:529,529,529,529,529,529,529,529,529,529,529,529,529,529,529,529,529,529,529,529,529,529,529,529,529,529,529,529,529,529,529,529,529,529,529,529,529,529,529,529,529,529,529,529,
size:13
[agent] id:15
path:210,178,146,145,144,144,144,144,144,144,144,144,144,144,144,144,144,144,144,144,144,144,144,144,144,144,144,144,144,144,144,144,144,144,144,144,144,144,144,144,144,144,144,144,
goal:144,144,144,144,144,144,144,144,144,144,144,144,144,144,144,144,144,144,144,144,144,144,144,144,144,144,144,144,144,144,144,144,144,144,144,144,144,144,144,144,144,144,144,144,
size:4
[agent] id:16
path:569,570,602,634,635,667,699,700,701,733,765,797,798,830,831,863,895,927,959,991,1023,1023,1023,1023,1023,1023,1023,1023,1023,1023,1023,1023,1023,1023,1023,1023,1023,1023,1023,1023,1023,1023,1023,1023,
goal:1023,1023,1023,1023,1023,1023,1023,1023,1023,1023,1023,1023,1023,1023,1023,1023,1023,1023,1023,1023,1023,1023,1023,1023,1023,1023,1023,1023,1023,1023,1023,1023,1023,1023,1023,1023,1023,1023,1023,1023,1023,1023,1023,1023,
size:20
[agent] id:17
path:875,843,811,779,747,715,683,651,650,649,648,647,646,645,644,643,642,641,640,640,640,640,640,640,640,640,640,640,640,640,640,640,640,640,640,640,640,640,640,640,640,640,640,640,
goal:640,640,640,640,640,640,640,640,640,640,640,640,640,640,640,640,640,640,640,640,640,640,640,640,640,640,640,640,640,640,640,640,640,640,640,640,640,640,640,640,640,640,640,640,
size:18
[agent] id:18
path:257,258,290,322,354,355,356,357,389,421,453,485,517,549,550,582,614,646,678,710,711,712,713,714,715,716,717,718,718,718,718,718,718,718,718,718,718,718,718,718,718,718,718,718,
goal:718,718,718,718,718,718,718,718,718,718,718,718,718,718,718,718,718,718,718,718,718,718,718,718,718,718,718,718,718,718,718,718,718,718,718,718,718,718,718,718,718,718,718,718,
size:27
[agent] id:19
path:650,618,617,616,584,552,520,519,487,486,454,422,390,358,326,294,262,230,231,199,167,135,103,103,103,103,103,103,103,103,103,103,103,103,103,103,103,103,103,103,103,103,103,103,
goal:103,103,103,103,103,103,103,103,103,103,103,103,103,103,103,103,103,103,103,103,103,103,103,103,103,103,103,103,103,103,103,103,103,103,103,103,103,103,103,103,103,103,103,103,
size:22
[agent] id:20
path:549,550,582,614,646,678,710,742,774,806,838,839,840,841,842,874,875,876,877,878,879,880,881,882,882,882,882,882,882,882,882,882,882,882,882,882,882,882,882,882,882,882,882,882,
goal:882,882,882,882,882,882,882,882,882,882,882,882,882,882,882,882,882,882,882,882,882,882,882,882,882,882,882,882,882,882,882,882,882,882,882,882,882,882,882,882,882,882,882,882,
size:23
[agent] id:21
path:534,533,501,500,499,531,530,530,530,530,530,530,530,530,530,530,530,530,530,530,530,530,530,530,530,530,530,530,530,530,530,530,530,530,530,530,530,530,530,530,530,530,530,530,
goal:530,530,530,530,530,530,530,530,530,530,530,530,530,530,530,530,530,530,530,530,530,530,530,530,530,530,530,530,530,530,530,530,530,530,530,530,530,530,530,530,530,530,530,530,
size:6
[agent] id:22
path:972,940,908,876,844,845,846,814,782,750,718,686,654,655,656,657,658,626,594,594,594,594,594,594,594,594,594,594,594,594,594,594,594,594,594,594,594,594,594,594,594,594,594,594,
goal:594,594,594,594,594,594,594,594,594,594,594,594,594,594,594,594,594,594,594,594,594,594,594,594,594,594,594,594,594,594,594,594,594,594,594,594,594,594,594,594,594,594,594,594,
size:18
[agent] id:23
path:215,247,279,311,310,309,308,307,306,305,304,303,302,301,300,332,364,396,395,394,393,392,424,424,424,424,424,424,424,424,424,424,424,424,424,424,424,424,424,424,424,424,424,424,
goal:424,424,424,424,424,424,424,424,424,424,424,424,424,424,424,424,424,424,424,424,424,424,424,424,424,424,424,424,424,424,424,424,424,424,424,424,424,424,424,424,424,424,424,424,
size:22
[agent] id:24
path:522,554,555,556,557,589,621,653,685,717,749,781,782,814,846,878,879,911,943,944,945,946,978,979,980,980,980,980,980,980,980,980,980,980,980,980,980,980,980,980,980,980,980,980,
goal:980,980,980,980,980,980,980,980,980,980,980,980,980,980,980,980,980,980,980,980,980,980,980,980,980,980,980,980,980,980,980,980,980,980,980,980,980,980,980,980,980,980,980,980,
size:24
[agent] id:25
path:176,177,145,144,143,142,174,206,205,204,203,202,201,200,199,231,263,262,262,262,262,262,262,262,262,262,262,262,262,262,262,262,262,262,262,262,262,262,262,262,262,262,262,262,
goal:262,262,262,262,262,262,262,262,262,262,262,262,262,262,262,262,262,262,262,262,262,262,262,262,262,262,262,262,262,262,262,262,262,262,262,262,262,262,262,262,262,262,262,262,
size:17
[agent] id:26
path:483,451,419,420,421,389,390,391,392,393,394,395,396,364,332,331,331,331,331,331,331,331,331,331,331,331,331,331,331,331,331,331,331,331,331,331,331,331,331,331,331,331,331,331,
goal:331,331,331,331,331,331,331,331,331,331,331,331,331,331,331,331,331,331,331,331,331,331,331,331,331,331,331,331,331,331,331,331,331,331,331,331,331,331,331,331,331,331,331,331,
size:15
[agent] id:27
path:396,428,460,459,458,490,522,554,553,552,551,583,615,647,679,711,743,775,807,806,805,804,803,802,801,801,801,801,801,801,801,801,801,801,801,801,801,801,801,801,801,801,801,801,
goal:801,801,801,801,801,801,801,801,801,801,801,801,801,801,801,801,801,801,801,801,801,801,801,801,801,801,801,801,801,801,801,801,801,801,801,801,801,801,801,801,801,801,801,801,
size:24
[agent] id:28
path:184,216,248,280,312,344,376,408,407,439,438,470,469,468,467,467,467,467,467,467,467,467,467,467,467,467,467,467,467,467,467,467,467,467,467,467,467,467,467,467,467,467,467,467,
goal:467,467,467,467,467,467,467,467,467,467,467,467,467,467,467,467,467,467,467,467,467,467,467,467,467,467,467,467,467,467,467,467,467,467,467,467,467,467,467,467,467,467,467,467,
size:14
[agent] id:29
path:838,837,836,835,835,835,835,835,835,835,835,835,835,835,835,835,835,835,835,835,835,835,835,835,835,835,835,835,835,835,835,835,835,835,835,835,835,835,835,835,835,835,835,835,
goal:835,835,835,835,835,835,835,835,835,835,835,835,835,835,835,835,835,835,835,835,835,835,835,835,835,835,835,835,835,835,835,835,835,835,835,835,835,835,835,835,835,835,835,835,
size:3
SolutionCost:568
