[setting] seed:731
[solver] type:SASB-ECBS
[solver] w:2.000000
[solver] ID:0
[solver] Lowlevelnode:3609
[solver] Highlevelnode:21
[solver] ConflictCount:11
[solver] solved:1
[solver] elapsed:31
[solver] makespan:41
[problem] timesteplimit:15000
[problem] type:MAPF
[problem] agentnum:30
[graph] width:32
[graph] height:32
[graph] filename:./map/32by32_agents10_ex30.map
[task] id:29,start:0,end:0,service time:0,nodes:336,
[task] id:24,start:0,end:0,service time:0,nodes:861,
[task] id:5,start:0,end:0,service time:0,nodes:629,
[task] id:19,start:0,end:0,service time:0,nodes:51,
[task] id:15,start:0,end:0,service time:0,nodes:791,
[task] id:4,start:0,end:0,service time:0,nodes:12,
[task] id:21,start:0,end:0,service time:0,nodes:441,
[task] id:3,start:0,end:0,service time:0,nodes:559,
[task] id:9,start:0,end:0,service time:0,nodes:299,
[task] id:10,start:0,end:0,service time:0,nodes:1009,
[task] id:17,start:0,end:0,service time:0,nodes:494,
[task] id:12,start:0,end:0,service time:0,nodes:144,
[task] id:0,start:0,end:0,service time:0,nodes:530,
[task] id:2,start:0,end:0,service time:0,nodes:582,
[task] id:8,start:0,end:0,service time:0,nodes:722,
[task] id:23,start:0,end:0,service time:0,nodes:23,
[task] id:27,start:0,end:0,service time:0,nodes:802,
[task] id:18,start:0,end:0,service time:0,nodes:884,
[task] id:28,start:0,end:0,service time:0,nodes:70,
[task] id:14,start:0,end:0,service time:0,nodes:540,
[task] id:16,start:0,end:0,service time:0,nodes:602,
[task] id:26,start:0,end:0,service time:0,nodes:409,
[task] id:13,start:0,end:0,service time:0,nodes:178,
[task] id:20,start:0,end:0,service time:0,nodes:616,
[task] id:25,start:0,end:0,service time:0,nodes:92,
[task] id:11,start:0,end:0,service time:0,nodes:135,
[task] id:6,start:0,end:0,service time:0,nodes:880,
[task] id:7,start:0,end:0,service time:0,nodes:352,
[task] id:22,start:0,end:0,service time:0,nodes:894,
[task] id:1,start:0,end:0,service time:0,nodes:14,
[agent] id:0
path:22,54,86,87,119,151,183,215,247,279,311,310,342,374,406,438,470,469,468,500,499,531,530,530,530,530,530,530,530,530,530,530,530,530,530,530,530,530,530,530,530,530,
goal:530,530,530,530,530,530,530,530,530,530,530,530,530,530,530,530,530,530,530,530,530,530,530,530,530,530,530,530,530,530,530,530,530,530,530,530,530,530,530,530,530,530,
size:22
[agent] id:1
path:1000,999,967,935,936,904,872,840,808,776,744,712,680,648,616,584,552,520,521,489,457,458,426,394,395,396,364,332,300,268,236,204,172,173,174,142,110,78,77,45,13,14,
goal:14,14,14,14,14,14,14,14,14,14,14,14,14,14,14,14,14,14,14,14,14,14,14,14,14,14,14,14,14,14,14,14,14,14,14,14,14,14,14,14,14,14,
size:41
[agent] id:2
path:540,539,538,537,536,535,567,566,565,564,563,562,561,560,559,558,557,556,555,554,553,552,584,583,582,582,582,582,582,582,582,582,582,582,582,582,582,582,582,582,582,582,
goal:582,582,582,582,582,582,582,582,582,582,582,582,582,582,582,582,582,582,582,582,582,582,582,582,582,582,582,582,582,582,582,582,582,582,582,582,582,582,582,582,582,582,
size:24
[agent] id:3
path:671,670,669,637,636,635,634,633,632,631,630,629,628,627,626,594,562,561,560,559,559,559,559,559,559,559,559,559,559,559,559,559,559,559,559,559,559,559,559,559,559,559,
goal:559,559,559,559,559,559,559,559,559,559,559,559,559,559,559,559,559,559,559,559,559,559,559,559,559,559,559,559,559,559,559,559,559,559,559,559,559,559,559,559,559,559,
size:19
[agent] id:4
path:25,24,23,22,21,20,19,18,17,49,48,80,79,78,77,45,13,12,12,12,12,12,12,12,12,12,12,12,12,12,12,12,12,12,12,12,12,12,12,12,12,12,
goal:12,12,12,12,12,12,12,12,12,12,12,12,12,12,12,12,12,12,12,12,12,12,12,12,12,12,12,12,12,12,12,12,12,12,12,12,12,12,12,12,12,12,
size:17
[agent] id:5
path:542,574,606,605,637,636,635,634,633,632,631,630,629,629,629,629,629,629,629,629,629,629,629,629,629,629,629,629,629,629,629,629,629,629,629,629,629,629,629,629,629,629,
goal:629,629,629,629,629,629,629,629,629,629,629,629,629,629,629,629,629,629,629,629,629,629,629,629,629,629,629,629,629,629,629,629,629,629,629,629,629,629,629,629,629,629,
size:12
[agent] id:6
path:165,166,167,199,200,201,233,234,235,236,268,300,332,364,396,428,429,429,461,493,525,557,589,621,653,685,717,749,781,782,814,846,878,879,880,880,880,880,880,880,880,880,
goal:880,880,880,880,880,880,880,880,880,880,880,880,880,880,880,880,880,880,880,880,880,880,880,880,880,880,880,880,880,880,880,880,880,880,880,880,880,880,880,880,880,880,
size:34
[agent] id:7
path:978,946,914,882,850,818,786,754,722,690,658,626,594,562,561,560,559,558,557,556,555,554,522,490,458,426,394,393,392,391,359,358,357,356,355,354,353,352,352,352,352,352,
goal:352,352,352,352,352,352,352,352,352,352,352,352,352,352,352,352,352,352,352,352,352,352,352,352,352,352,352,352,352,352,352,352,352,352,352,352,352,352,352,352,352,352,
size:37
[agent] id:8
path:294,326,358,390,422,454,486,518,550,551,583,615,616,617,649,650,651,652,653,685,686,687,688,720,721,722,722,722,722,722,722,722,722,722,722,722,722,722,722,722,722,722,
goal:722,722,722,722,722,722,722,722,722,722,722,722,722,722,722,722,722,722,722,722,722,722,722,722,722,722,722,722,722,722,722,722,722,722,722,722,722,722,722,722,722,722,
size:25
[agent] id:9
path:690,658,626,594,562,530,498,466,434,402,401,369,337,305,304,303,302,301,300,299,299,299,299,299,299,299,299,299,299,299,299,299,299,299,299,299,299,299,299,299,299,299,
goal:299,299,299,299,299,299,299,299,299,299,299,299,299,299,299,299,299,299,299,299,299,299,299,299,299,299,299,299,299,299,299,299,299,299,299,299,299,299,299,299,299,299,
size:19
[agent] id:10
path:593,592,591,623,655,687,688,720,752,753,785,786,818,850,882,914,946,978,1010,1009,1009,1009,1009,1009,1009,1009,1009,1009,1009,1009,1009,1009,1009,1009,1009,1009,1009,1009,1009,1009,1009,1009,
goal:1009,1009,1009,1009,1009,1009,1009,1009,1009,1009,1009,1009,1009,1009,1009,1009,1009,1009,1009,1009,1009,1009,1009,1009,1009,1009,1009,1009,1009,1009,1009,1009,1009,1009,1009,1009,1009,1009,1009,1009,1009,1009,
size:19
[agent] id:11
path:819,818,786,754,722,690,658,626,594,562,530,498,466,434,402,401,369,337,305,273,241,240,239,207,206,174,173,172,140,139,138,137,136,135,135,135,135,135,135,135,135,135,
goal:135,135,135,135,135,135,135,135,135,135,135,135,135,135,135,135,135,135,135,135,135,135,135,135,135,135,135,135,135,135,135,135,135,135,135,135,135,135,135,135,135,135,
size:33
[agent] id:12
path:255,223,191,190,189,188,187,186,185,184,183,182,181,213,212,211,210,178,146,145,144,144,144,144,144,144,144,144,144,144,144,144,144,144,144,144,144,144,144,144,144,144,
goal:144,144,144,144,144,144,144,144,144,144,144,144,144,144,144,144,144,144,144,144,144,144,144,144,144,144,144,144,144,144,144,144,144,144,144,144,144,144,144,144,144,144,
size:20
[agent] id:13
path:798,766,734,702,670,669,637,605,604,603,571,539,538,537,536,535,534,533,501,469,437,405,373,341,309,277,245,213,212,211,210,178,178,178,178,178,178,178,178,178,178,178,
goal:178,178,178,178,178,178,178,178,178,178,178,178,178,178,178,178,178,178,178,178,178,178,178,178,178,178,178,178,178,178,178,178,178,178,178,178,178,178,178,178,178,178,
size:31
[agent] id:14
path:681,649,650,651,652,653,654,655,656,657,657,658,659,660,628,596,597,598,566,534,535,536,537,538,538,538,539,540,540,540,540,540,540,540,540,540,540,540,540,540,540,540,
goal:540,540,540,540,540,540,540,540,540,540,540,540,540,540,540,540,540,540,540,540,540,540,540,540,540,540,540,540,540,540,540,540,540,540,540,540,540,540,540,540,540,540,
size:27
[agent] id:15
path:405,437,469,501,533,565,597,629,661,693,725,757,758,759,791,791,791,791,791,791,791,791,791,791,791,791,791,791,791,791,791,791,791,791,791,791,791,791,791,791,791,791,
goal:791,791,791,791,791,791,791,791,791,791,791,791,791,791,791,791,791,791,791,791,791,791,791,791,791,791,791,791,791,791,791,791,791,791,791,791,791,791,791,791,791,791,
size:14
[agent] id:16
path:61,93,94,126,158,190,222,223,255,287,286,318,317,349,381,413,414,446,478,477,509,508,507,507,539,571,603,602,602,602,602,602,602,602,602,602,602,602,602,602,602,602,
goal:602,602,602,602,602,602,602,602,602,602,602,602,602,602,602,602,602,602,602,602,602,602,602,602,602,602,602,602,602,602,602,602,602,602,602,602,602,602,602,602,602,602,
size:27
[agent] id:17
path:328,296,264,263,262,294,326,358,390,422,423,424,456,457,458,459,460,461,493,494,494,494,494,494,494,494,494,494,494,494,494,494,494,494,494,494,494,494,494,494,494,494,
goal:494,494,494,494,494,494,494,494,494,494,494,494,494,494,494,494,494,494,494,494,494,494,494,494,494,494,494,494,494,494,494,494,494,494,494,494,494,494,494,494,494,494,
size:19
[agent] id:18
path:281,313,345,377,409,441,473,472,504,536,535,567,599,631,663,695,727,759,760,792,824,823,855,887,886,885,884,884,884,884,884,884,884,884,884,884,884,884,884,884,884,884,
goal:884,884,884,884,884,884,884,884,884,884,884,884,884,884,884,884,884,884,884,884,884,884,884,884,884,884,884,884,884,884,884,884,884,884,884,884,884,884,884,884,884,884,
size:26
[agent] id:19
path:156,155,123,91,90,58,57,56,55,54,53,52,51,51,51,51,51,51,51,51,51,51,51,51,51,51,51,51,51,51,51,51,51,51,51,51,51,51,51,51,51,51,
goal:51,51,51,51,51,51,51,51,51,51,51,51,51,51,51,51,51,51,51,51,51,51,51,51,51,51,51,51,51,51,51,51,51,51,51,51,51,51,51,51,51,51,
size:12
[agent] id:20
path:218,217,216,248,280,312,344,376,408,407,439,438,470,469,501,533,565,564,563,562,594,593,592,591,623,622,621,620,619,618,617,616,616,616,616,616,616,616,616,616,616,616,
goal:616,616,616,616,616,616,616,616,616,616,616,616,616,616,616,616,616,616,616,616,616,616,616,616,616,616,616,616,616,616,616,616,616,616,616,616,616,616,616,616,616,616,
size:31
[agent] id:21
path:524,525,526,527,528,529,497,465,433,434,435,436,437,438,439,407,408,409,441,441,441,441,441,441,441,441,441,441,441,441,441,441,441,441,441,441,441,441,441,441,441,441,
goal:441,441,441,441,441,441,441,441,441,441,441,441,441,441,441,441,441,441,441,441,441,441,441,441,441,441,441,441,441,441,441,441,441,441,441,441,441,441,441,441,441,441,
size:18
[agent] id:22
path:81,113,145,177,209,241,273,305,337,369,368,400,432,464,465,497,529,530,562,594,626,658,690,722,723,724,725,757,758,759,760,792,824,825,857,858,859,860,892,893,894,894,
goal:894,894,894,894,894,894,894,894,894,894,894,894,894,894,894,894,894,894,894,894,894,894,894,894,894,894,894,894,894,894,894,894,894,894,894,894,894,894,894,894,894,894,
size:40
[agent] id:23
path:460,428,396,364,332,300,268,236,204,172,173,174,142,110,78,79,80,48,49,17,18,19,20,21,22,23,23,23,23,23,23,23,23,23,23,23,23,23,23,23,23,23,
goal:23,23,23,23,23,23,23,23,23,23,23,23,23,23,23,23,23,23,23,23,23,23,23,23,23,23,23,23,23,23,23,23,23,23,23,23,23,23,23,23,23,23,
size:25
[agent] id:24
path:731,730,762,794,793,825,857,858,859,860,861,861,861,861,861,861,861,861,861,861,861,861,861,861,861,861,861,861,861,861,861,861,861,861,861,861,861,861,861,861,861,861,
goal:861,861,861,861,861,861,861,861,861,861,861,861,861,861,861,861,861,861,861,861,861,861,861,861,861,861,861,861,861,861,861,861,861,861,861,861,861,861,861,861,861,861,
size:10
[agent] id:25
path:720,688,656,657,658,626,594,562,530,498,466,434,435,436,437,405,373,341,309,277,245,213,181,182,150,151,119,87,88,89,90,91,92,92,92,92,92,92,92,92,92,92,
goal:92,92,92,92,92,92,92,92,92,92,92,92,92,92,92,92,92,92,92,92,92,92,92,92,92,92,92,92,92,92,92,92,92,92,92,92,92,92,92,92,92,92,
size:32
[agent] id:26
path:973,941,909,877,845,846,814,782,750,718,686,654,622,590,558,526,527,528,529,497,465,433,434,435,436,437,405,406,407,408,409,409,409,409,409,409,409,409,409,409,409,409,
goal:409,409,409,409,409,409,409,409,409,409,409,409,409,409,409,409,409,409,409,409,409,409,409,409,409,409,409,409,409,409,409,409,409,409,409,409,409,409,409,409,409,409,
size:30
[agent] id:27
path:982,950,918,886,854,853,852,851,850,849,848,847,846,845,844,812,811,810,809,808,807,806,805,804,803,802,802,802,802,802,802,802,802,802,802,802,802,802,802,802,802,802,
goal:802,802,802,802,802,802,802,802,802,802,802,802,802,802,802,802,802,802,802,802,802,802,802,802,802,802,802,802,802,802,802,802,802,802,802,802,802,802,802,802,802,802,
size:25
[agent] id:28
path:805,773,741,709,677,645,613,614,582,550,518,486,454,422,390,358,326,294,262,230,229,197,165,133,101,69,70,70,70,70,70,70,70,70,70,70,70,70,70,70,70,70,
goal:70,70,70,70,70,70,70,70,70,70,70,70,70,70,70,70,70,70,70,70,70,70,70,70,70,70,70,70,70,70,70,70,70,70,70,70,70,70,70,70,70,70,
size:26
[agent] id:29
path:299,300,301,302,303,304,336,336,336,336,336,336,336,336,336,336,336,336,336,336,336,336,336,336,336,336,336,336,336,336,336,336,336,336,336,336,336,336,336,336,336,336,
goal:336,336,336,336,336,336,336,336,336,336,336,336,336,336,336,336,336,336,336,336,336,336,336,336,336,336,336,336,336,336,336,336,336,336,336,336,336,336,336,336,336,336,
size:6
SolutionCost:721
