[setting] seed:3037
[solver] type:SASB-ECBS
[solver] w:2.000000
[solver] ID:0
[solver] Lowlevelnode:2960
[solver] Highlevelnode:17
[solver] ConflictCount:9
[solver] solved:1
[solver] elapsed:28
[solver] makespan:39
[problem] timesteplimit:15000
[problem] type:MAPF
[problem] agentnum:30
[graph] width:32
[graph] height:32
[graph] filename:./map/32by32_agents10_ex30.map
[task] id:28,start:0,end:0,service time:0,nodes:614,
[task] id:15,start:0,end:0,service time:0,nodes:303,
[task] id:4,start:0,end:0,service time:0,nodes:214,
[task] id:14,start:0,end:0,service time:0,nodes:657,
[task] id:6,start:0,end:0,service time:0,nodes:795,
[task] id:29,start:0,end:0,service time:0,nodes:976,
[task] id:30,start:0,end:0,service time:0,nodes:614,
[task] id:17,start:0,end:0,service time:0,nodes:432,
[task] id:21,start:0,end:0,service time:0,nodes:412,
[task] id:26,start:0,end:0,service time:0,nodes:958,
[task] id:10,start:0,end:0,service time:0,nodes:792,
[task] id:27,start:0,end:0,service time:0,nodes:536,
[task] id:18,start:0,end:0,service time:0,nodes:225,
[task] id:24,start:0,end:0,service time:0,nodes:428,
[task] id:3,start:0,end:0,service time:0,nodes:93,
[task] id:8,start:0,end:0,service time:0,nodes:515,
[task] id:5,start:0,end:0,service time:0,nodes:75,
[task] id:20,start:0,end:0,service time:0,nodes:486,
[task] id:22,start:0,end:0,service time:0,nodes:727,
[task] id:2,start:0,end:0,service time:0,nodes:218,
[task] id:13,start:0,end:0,service time:0,nodes:939,
[task] id:16,start:0,end:0,service time:0,nodes:14,
[task] id:9,start:0,end:0,service time:0,nodes:664,
[task] id:19,start:0,end:0,service time:0,nodes:935,
[task] id:1,start:0,end:0,service time:0,nodes:104,
[task] id:25,start:0,end:0,service time:0,nodes:673,
[task] id:23,start:0,end:0,service time:0,nodes:878,
[task] id:12,start:0,end:0,service time:0,nodes:851,
[task] id:0,start:0,end:0,service time:0,nodes:78,
[task] id:7,start:0,end:0,service time:0,nodes:833,
[task] id:11,start:0,end:0,service time:0,nodes:898,
[agent] id:0
path:931,899,867,835,803,771,739,707,708,676,644,612,613,614,582,550,518,486,454,422,390,358,326,294,262,230,231,199,200,201,202,203,171,172,173,174,142,110,78,78,
goal:78,78,78,78,78,78,78,78,78,78,78,78,78,78,78,78,78,78,78,78,78,78,78,78,78,78,78,78,78,78,78,78,78,78,78,78,78,78,78,78,
size:38
[agent] id:1
path:833,801,802,770,738,706,707,708,676,644,612,613,614,582,550,518,486,454,422,390,358,326,294,262,230,231,199,167,135,103,104,104,104,104,104,104,104,104,104,104,
goal:104,104,104,104,104,104,104,104,104,104,104,104,104,104,104,104,104,104,104,104,104,104,104,104,104,104,104,104,104,104,104,104,104,104,104,104,104,104,104,104,
size:30
[agent] id:2
path:11,12,44,45,77,78,110,142,143,144,176,177,209,210,211,212,213,181,182,183,215,216,217,218,218,218,218,218,218,218,218,218,218,218,218,218,218,218,218,218,
goal:218,218,218,218,218,218,218,218,218,218,218,218,218,218,218,218,218,218,218,218,218,218,218,218,218,218,218,218,218,218,218,218,218,218,218,218,218,218,218,218,
size:23
[agent] id:3
path:337,305,273,241,209,210,211,212,213,181,182,150,151,119,87,88,89,90,91,92,93,93,93,93,93,93,93,93,93,93,93,93,93,93,93,93,93,93,93,93,
goal:93,93,93,93,93,93,93,93,93,93,93,93,93,93,93,93,93,93,93,93,93,93,93,93,93,93,93,93,93,93,93,93,93,93,93,93,93,93,93,93,
size:20
[agent] id:4
path:61,93,92,91,123,155,187,219,218,217,216,215,214,214,214,214,214,214,214,214,214,214,214,214,214,214,214,214,214,214,214,214,214,214,214,214,214,214,214,214,
goal:214,214,214,214,214,214,214,214,214,214,214,214,214,214,214,214,214,214,214,214,214,214,214,214,214,214,214,214,214,214,214,214,214,214,214,214,214,214,214,214,
size:12
[agent] id:5
path:130,162,161,193,225,257,258,259,227,228,196,197,165,133,101,69,70,71,72,73,74,75,75,75,75,75,75,75,75,75,75,75,75,75,75,75,75,75,75,75,
goal:75,75,75,75,75,75,75,75,75,75,75,75,75,75,75,75,75,75,75,75,75,75,75,75,75,75,75,75,75,75,75,75,75,75,75,75,75,75,75,75,
size:21
[agent] id:6
path:689,721,722,723,724,725,757,758,759,791,792,793,794,795,795,795,795,795,795,795,795,795,795,795,795,795,795,795,795,795,795,795,795,795,795,795,795,795,795,795,
goal:795,795,795,795,795,795,795,795,795,795,795,795,795,795,795,795,795,795,795,795,795,795,795,795,795,795,795,795,795,795,795,795,795,795,795,795,795,795,795,795,
size:13
[agent] id:7
path:344,376,408,407,439,438,470,469,501,533,565,597,629,661,693,692,691,690,689,688,687,686,718,717,716,715,747,779,811,810,809,808,807,806,805,804,803,802,801,833,
goal:833,833,833,833,833,833,833,833,833,833,833,833,833,833,833,833,833,833,833,833,833,833,833,833,833,833,833,833,833,833,833,833,833,833,833,833,833,833,833,833,
size:39
[agent] id:8
path:628,596,564,563,562,561,560,559,558,557,556,555,554,522,521,520,519,518,517,516,515,515,515,515,515,515,515,515,515,515,515,515,515,515,515,515,515,515,515,515,
goal:515,515,515,515,515,515,515,515,515,515,515,515,515,515,515,515,515,515,515,515,515,515,515,515,515,515,515,515,515,515,515,515,515,515,515,515,515,515,515,515,
size:20
[agent] id:9
path:19,51,83,115,114,146,178,210,242,274,306,307,308,309,341,373,405,437,469,501,533,565,597,629,661,662,663,664,664,664,664,664,664,664,664,664,664,664,664,664,
goal:664,664,664,664,664,664,664,664,664,664,664,664,664,664,664,664,664,664,664,664,664,664,664,664,664,664,664,664,664,664,664,664,664,664,664,664,664,664,664,664,
size:27
[agent] id:10
path:842,843,844,845,846,847,848,849,850,851,852,853,821,822,823,791,792,792,792,792,792,792,792,792,792,792,792,792,792,792,792,792,792,792,792,792,792,792,792,792,
goal:792,792,792,792,792,792,792,792,792,792,792,792,792,792,792,792,792,792,792,792,792,792,792,792,792,792,792,792,792,792,792,792,792,792,792,792,792,792,792,792,
size:16
[agent] id:11
path:79,111,143,142,174,206,205,204,236,268,300,332,364,396,428,460,459,458,490,522,554,553,552,584,616,648,680,712,744,776,808,840,872,871,870,902,901,900,899,898,
goal:898,898,898,898,898,898,898,898,898,898,898,898,898,898,898,898,898,898,898,898,898,898,898,898,898,898,898,898,898,898,898,898,898,898,898,898,898,898,898,898,
size:39
[agent] id:12
path:60,92,91,123,155,187,219,218,217,216,248,280,312,344,376,408,407,439,438,470,469,501,533,565,597,629,661,693,725,724,723,755,754,786,818,850,851,851,851,851,
goal:851,851,851,851,851,851,851,851,851,851,851,851,851,851,851,851,851,851,851,851,851,851,851,851,851,851,851,851,851,851,851,851,851,851,851,851,851,851,851,851,
size:36
[agent] id:13
path:534,566,598,630,662,661,693,725,724,723,755,754,786,818,850,882,914,946,945,944,943,942,941,940,939,939,939,939,939,939,939,939,939,939,939,939,939,939,939,939,
goal:939,939,939,939,939,939,939,939,939,939,939,939,939,939,939,939,939,939,939,939,939,939,939,939,939,939,939,939,939,939,939,939,939,939,939,939,939,939,939,939,
size:24
[agent] id:14
path:711,679,647,648,649,650,651,652,653,654,655,656,657,657,657,657,657,657,657,657,657,657,657,657,657,657,657,657,657,657,657,657,657,657,657,657,657,657,657,657,
goal:657,657,657,657,657,657,657,657,657,657,657,657,657,657,657,657,657,657,657,657,657,657,657,657,657,657,657,657,657,657,657,657,657,657,657,657,657,657,657,657,
size:12
[agent] id:15
path:211,243,242,274,306,305,304,303,303,303,303,303,303,303,303,303,303,303,303,303,303,303,303,303,303,303,303,303,303,303,303,303,303,303,303,303,303,303,303,303,
goal:303,303,303,303,303,303,303,303,303,303,303,303,303,303,303,303,303,303,303,303,303,303,303,303,303,303,303,303,303,303,303,303,303,303,303,303,303,303,303,303,
size:7
[agent] id:16
path:189,188,187,219,218,217,216,215,214,213,212,211,210,178,146,114,82,81,80,79,78,77,45,13,14,14,14,14,14,14,14,14,14,14,14,14,14,14,14,14,
goal:14,14,14,14,14,14,14,14,14,14,14,14,14,14,14,14,14,14,14,14,14,14,14,14,14,14,14,14,14,14,14,14,14,14,14,14,14,14,14,14,
size:24
[agent] id:17
path:664,632,600,599,598,597,596,564,563,531,499,467,435,434,433,432,432,432,432,432,432,432,432,432,432,432,432,432,432,432,432,432,432,432,432,432,432,432,432,432,
goal:432,432,432,432,432,432,432,432,432,432,432,432,432,432,432,432,432,432,432,432,432,432,432,432,432,432,432,432,432,432,432,432,432,432,432,432,432,432,432,432,
size:15
[agent] id:18
path:302,270,269,268,236,235,234,233,201,200,199,231,230,229,228,227,259,258,257,225,225,225,225,225,225,225,225,225,225,225,225,225,225,225,225,225,225,225,225,225,
goal:225,225,225,225,225,225,225,225,225,225,225,225,225,225,225,225,225,225,225,225,225,225,225,225,225,225,225,225,225,225,225,225,225,225,225,225,225,225,225,225,
size:19
[agent] id:19
path:501,500,499,531,530,529,528,527,559,558,590,622,654,686,718,750,782,814,846,878,877,909,908,907,906,938,937,936,935,935,935,935,935,935,935,935,935,935,935,935,
goal:935,935,935,935,935,935,935,935,935,935,935,935,935,935,935,935,935,935,935,935,935,935,935,935,935,935,935,935,935,935,935,935,935,935,935,935,935,935,935,935,
size:28
[agent] id:20
path:786,754,753,721,689,657,656,655,623,591,559,558,557,556,555,554,522,521,520,519,487,486,486,486,486,486,486,486,486,486,486,486,486,486,486,486,486,486,486,486,
goal:486,486,486,486,486,486,486,486,486,486,486,486,486,486,486,486,486,486,486,486,486,486,486,486,486,486,486,486,486,486,486,486,486,486,486,486,486,486,486,486,
size:21
[agent] id:21
path:607,606,605,604,603,571,539,507,508,476,477,478,446,414,413,412,412,412,412,412,412,412,412,412,412,412,412,412,412,412,412,412,412,412,412,412,412,412,412,412,
goal:412,412,412,412,412,412,412,412,412,412,412,412,412,412,412,412,412,412,412,412,412,412,412,412,412,412,412,412,412,412,412,412,412,412,412,412,412,412,412,412,
size:15
[agent] id:22
path:458,490,522,554,555,556,557,589,621,653,685,686,687,688,720,721,722,723,724,725,726,727,727,727,727,727,727,727,727,727,727,727,727,727,727,727,727,727,727,727,
goal:727,727,727,727,727,727,727,727,727,727,727,727,727,727,727,727,727,727,727,727,727,727,727,727,727,727,727,727,727,727,727,727,727,727,727,727,727,727,727,727,
size:21
[agent] id:23
path:316,348,380,379,378,410,442,474,473,472,504,536,535,567,599,631,663,695,727,759,791,823,855,887,886,885,884,883,882,881,880,879,878,878,878,878,878,878,878,878,
goal:878,878,878,878,878,878,878,878,878,878,878,878,878,878,878,878,878,878,878,878,878,878,878,878,878,878,878,878,878,878,878,878,878,878,878,878,878,878,878,878,
size:32
[agent] id:24
path:37,69,101,133,165,197,229,261,293,294,326,358,390,391,392,393,394,426,427,428,428,428,428,428,428,428,428,428,428,428,428,428,428,428,428,428,428,428,428,428,
goal:428,428,428,428,428,428,428,428,428,428,428,428,428,428,428,428,428,428,428,428,428,428,428,428,428,428,428,428,428,428,428,428,428,428,428,428,428,428,428,428,
size:19
[agent] id:25
path:439,438,470,469,501,500,499,531,530,529,561,593,592,591,623,655,654,653,652,651,650,649,648,647,646,645,644,643,642,641,673,673,673,673,673,673,673,673,673,673,
goal:673,673,673,673,673,673,673,673,673,673,673,673,673,673,673,673,673,673,673,673,673,673,673,673,673,673,673,673,673,673,673,673,673,673,673,673,673,673,673,673,
size:30
[agent] id:26
path:606,605,637,669,701,733,765,797,798,830,831,863,895,927,959,958,958,958,958,958,958,958,958,958,958,958,958,958,958,958,958,958,958,958,958,958,958,958,958,958,
goal:958,958,958,958,958,958,958,958,958,958,958,958,958,958,958,958,958,958,958,958,958,958,958,958,958,958,958,958,958,958,958,958,958,958,958,958,958,958,958,958,
size:15
[agent] id:27
path:652,620,621,589,590,591,592,560,561,562,563,564,565,533,534,535,536,536,536,536,536,536,536,536,536,536,536,536,536,536,536,536,536,536,536,536,536,536,536,536,
goal:536,536,536,536,536,536,536,536,536,536,536,536,536,536,536,536,536,536,536,536,536,536,536,536,536,536,536,536,536,536,536,536,536,536,536,536,536,536,536,536,
size:16
[agent] id:28
path:616,615,614,614,614,614,614,614,614,614,614,614,615,615,614,614,614,614,614,614,614,614,614,614,614,614,614,614,614,614,614,614,614,614,614,614,614,614,614,614,
goal:614,614,614,614,614,614,614,614,614,614,614,614,614,614,614,614,614,614,614,614,614,614,614,614,614,614,614,614,614,614,614,614,614,614,614,614,614,614,614,614,
size:14
[agent] id:29
path:622,654,686,718,750,782,814,846,878,879,911,943,944,976,976,976,976,976,976,976,976,976,976,976,976,976,976,976,976,976,976,976,976,976,976,976,976,976,976,976,
goal:976,976,976,976,976,976,976,976,976,976,976,976,976,976,976,976,976,976,976,976,976,976,976,976,976,976,976,976,976,976,976,976,976,976,976,976,976,976,976,976,
size:13
SolutionCost:659
