[setting] seed:9069
[solver] type:SASB-ECBS
[solver] w:2.000000
[solver] ID:0
[solver] Lowlevelnode:5306
[solver] Highlevelnode:19
[solver] ConflictCount:10
[solver] solved:1
[solver] elapsed:36
[solver] makespan:45
[problem] timesteplimit:15000
[problem] type:MAPF
[problem] agentnum:30
[graph] width:32
[graph] height:32
[graph] filename:./map/32by32_agents10_ex30.map
[task] id:21,start:0,end:0,service time:0,nodes:875,
[task] id:1,start:0,end:0,service time:0,nodes:466,
[task] id:2,start:0,end:0,service time:0,nodes:548,
[task] id:0,start:0,end:0,service time:0,nodes:234,
[task] id:4,start:0,end:0,service time:0,nodes:229,
[task] id:29,start:0,end:0,service time:0,nodes:10,
[task] id:24,start:0,end:0,service time:0,nodes:749,
[task] id:17,start:0,end:0,service time:0,nodes:690,
[task] id:19,start:0,end:0,service time:0,nodes:518,
[task] id:6,start:0,end:0,service time:0,nodes:533,
[task] id:12,start:0,end:0,service time:0,nodes:797,
[task] id:7,start:0,end:0,service time:0,nodes:359,
[task] id:11,start:0,end:0,service time:0,nodes:758,
[task] id:23,start:0,end:0,service time:0,nodes:435,
[task] id:8,start:0,end:0,service time:0,nodes:619,
[task] id:22,start:0,end:0,service time:0,nodes:120,
[task] id:27,start:0,end:0,service time:0,nodes:516,
[task] id:3,start:0,end:0,service time:0,nodes:931,
[task] id:9,start:0,end:0,service time:0,nodes:990,
[task] id:10,start:0,end:0,service time:0,nodes:583,
[task] id:16,start:0,end:0,service time:0,nodes:950,
[task] id:18,start:0,end:0,service time:0,nodes:867,
[task] id:14,start:0,end:0,service time:0,nodes:686,
[task] id:20,start:0,end:0,service time:0,nodes:934,
[task] id:25,start:0,end:0,service time:0,nodes:902,
[task] id:13,start:0,end:0,service time:0,nodes:448,
[task] id:26,start:0,end:0,service time:0,nodes:647,
[task] id:15,start:0,end:0,service time:0,nodes:60,
[task] id:5,start:0,end:0,service time:0,nodes:946,
[task] id:28,start:0,end:0,service time:0,nodes:993,
[agent] id:0
path:307,306,305,304,303,271,270,269,268,236,235,234,234,234,234,234,234,234,234,234,234,234,234,234,234,234,234,234,234,234,234,234,234,234,234,234,234,234,234,234,234,234,234,234,234,234,
goal:234,234,234,234,234,234,234,234,234,234,234,234,234,234,234,234,234,234,234,234,234,234,234,234,234,234,234,234,234,234,234,234,234,234,234,234,234,234,234,234,234,234,234,234,234,234,
size:11
[agent] id:1
path:690,658,626,594,562,530,498,466,466,466,466,466,466,466,466,466,466,466,466,466,466,466,466,466,466,466,466,466,466,466,466,466,466,466,466,466,466,466,466,466,466,466,466,466,466,466,
goal:466,466,466,466,466,466,466,466,466,466,466,466,466,466,466,466,466,466,466,466,466,466,466,466,466,466,466,466,466,466,466,466,466,466,466,466,466,466,466,466,466,466,466,466,466,466,
size:7
[agent] id:2
path:774,742,710,678,646,614,582,550,549,548,548,548,548,548,548,548,548,548,548,548,548,548,548,548,548,548,548,548,548,548,548,548,548,548,548,548,548,548,548,548,548,548,548,548,548,548,
goal:548,548,548,548,548,548,548,548,548,548,548,548,548,548,548,548,548,548,548,548,548,548,548,548,548,548,548,548,548,548,548,548,548,548,548,548,548,548,548,548,548,548,548,548,548,548,
size:9
[agent] id:3
path:133,165,197,229,261,293,294,326,358,390,422,454,486,518,550,582,614,646,678,710,742,774,806,838,870,902,901,900,899,931,931,931,931,931,931,931,931,931,931,931,931,931,931,931,931,931,
goal:931,931,931,931,931,931,931,931,931,931,931,931,931,931,931,931,931,931,931,931,931,931,931,931,931,931,931,931,931,931,931,931,931,931,931,931,931,931,931,931,931,931,931,931,931,931,
size:29
[agent] id:4
path:418,417,385,353,354,322,290,258,259,227,228,229,229,229,229,229,229,229,229,229,229,229,229,229,229,229,229,229,229,229,229,229,229,229,229,229,229,229,229,229,229,229,229,229,229,229,
goal:229,229,229,229,229,229,229,229,229,229,229,229,229,229,229,229,229,229,229,229,229,229,229,229,229,229,229,229,229,229,229,229,229,229,229,229,229,229,229,229,229,229,229,229,229,229,
size:11
[agent] id:5
path:9,41,73,105,137,138,139,171,172,173,205,206,207,239,271,303,304,336,368,400,432,464,465,497,529,561,593,594,626,658,659,691,723,755,754,786,818,850,882,914,946,946,946,946,946,946,
goal:946,946,946,946,946,946,946,946,946,946,946,946,946,946,946,946,946,946,946,946,946,946,946,946,946,946,946,946,946,946,946,946,946,946,946,946,946,946,946,946,946,946,946,946,946,946,
size:40
[agent] id:6
path:51,83,115,114,146,178,210,242,274,306,307,308,309,341,373,405,437,469,501,533,533,533,533,533,533,533,533,533,533,533,533,533,533,533,533,533,533,533,533,533,533,533,533,533,533,533,
goal:533,533,533,533,533,533,533,533,533,533,533,533,533,533,533,533,533,533,533,533,533,533,533,533,533,533,533,533,533,533,533,533,533,533,533,533,533,533,533,533,533,533,533,533,533,533,
size:19
[agent] id:7
path:569,537,536,535,567,566,565,564,563,562,561,560,559,558,557,556,555,554,522,490,489,457,456,424,392,391,359,359,359,359,359,359,359,359,359,359,359,359,359,359,359,359,359,359,359,359,
goal:359,359,359,359,359,359,359,359,359,359,359,359,359,359,359,359,359,359,359,359,359,359,359,359,359,359,359,359,359,359,359,359,359,359,359,359,359,359,359,359,359,359,359,359,359,359,
size:26
[agent] id:8
path:72,104,136,168,200,201,202,203,204,172,204,236,268,268,300,332,364,396,428,460,461,493,525,557,589,621,620,620,619,619,619,619,619,619,619,619,619,619,619,619,619,619,619,619,619,619,
goal:619,619,619,619,619,619,619,619,619,619,619,619,619,619,619,619,619,619,619,619,619,619,619,619,619,619,619,619,619,619,619,619,619,619,619,619,619,619,619,619,619,619,619,619,619,619,
size:28
[agent] id:9
path:837,838,839,840,841,842,843,844,876,877,878,879,880,881,882,883,884,885,853,885,886,918,950,982,983,984,985,986,987,988,989,990,990,990,990,990,990,990,990,990,990,990,990,990,990,990,
goal:990,990,990,990,990,990,990,990,990,990,990,990,990,990,990,990,990,990,990,990,990,990,990,990,990,990,990,990,990,990,990,990,990,990,990,990,990,990,990,990,990,990,990,990,990,990,
size:31
[agent] id:10
path:831,799,798,766,734,702,701,700,699,698,697,696,664,663,662,661,660,659,658,657,656,655,623,622,621,620,619,618,617,616,584,583,583,583,583,583,583,583,583,583,583,583,583,583,583,583,
goal:583,583,583,583,583,583,583,583,583,583,583,583,583,583,583,583,583,583,583,583,583,583,583,583,583,583,583,583,583,583,583,583,583,583,583,583,583,583,583,583,583,583,583,583,583,583,
size:31
[agent] id:11
path:83,115,114,146,178,210,242,274,306,307,308,309,341,373,405,437,469,501,533,565,597,629,661,693,725,757,758,758,758,758,758,758,758,758,758,758,758,758,758,758,758,758,758,758,758,758,
goal:758,758,758,758,758,758,758,758,758,758,758,758,758,758,758,758,758,758,758,758,758,758,758,758,758,758,758,758,758,758,758,758,758,758,758,758,758,758,758,758,758,758,758,758,758,758,
size:26
[agent] id:12
path:372,373,405,437,469,501,533,565,597,629,661,693,725,757,758,759,791,792,793,794,795,796,797,797,797,797,797,797,797,797,797,797,797,797,797,797,797,797,797,797,797,797,797,797,797,797,
goal:797,797,797,797,797,797,797,797,797,797,797,797,797,797,797,797,797,797,797,797,797,797,797,797,797,797,797,797,797,797,797,797,797,797,797,797,797,797,797,797,797,797,797,797,797,797,
size:22
[agent] id:13
path:795,794,762,730,698,697,696,664,632,600,599,567,566,565,564,563,562,561,560,559,558,557,556,555,554,522,521,520,519,487,486,454,453,452,451,450,449,448,448,448,448,448,448,448,448,448,
goal:448,448,448,448,448,448,448,448,448,448,448,448,448,448,448,448,448,448,448,448,448,448,448,448,448,448,448,448,448,448,448,448,448,448,448,448,448,448,448,448,448,448,448,448,448,448,
size:37
[agent] id:14
path:126,158,190,189,188,187,219,218,217,216,248,280,312,344,376,408,407,439,438,470,469,501,500,499,531,563,562,561,593,592,591,623,655,687,686,686,686,686,686,686,686,686,686,686,686,686,
goal:686,686,686,686,686,686,686,686,686,686,686,686,686,686,686,686,686,686,686,686,686,686,686,686,686,686,686,686,686,686,686,686,686,686,686,686,686,686,686,686,686,686,686,686,686,686,
size:34
[agent] id:15
path:649,617,618,619,620,621,589,557,525,526,527,528,529,497,465,433,401,369,337,305,273,241,209,210,211,212,213,181,182,150,151,119,87,88,89,90,91,92,60,60,60,60,60,60,60,60,
goal:60,60,60,60,60,60,60,60,60,60,60,60,60,60,60,60,60,60,60,60,60,60,60,60,60,60,60,60,60,60,60,60,60,60,60,60,60,60,60,60,60,60,60,60,60,60,
size:38
[agent] id:16
path:56,88,120,152,184,216,248,280,312,344,376,408,409,441,473,472,504,536,535,567,599,631,663,695,727,759,791,823,855,887,919,918,950,950,950,950,950,950,950,950,950,950,950,950,950,950,
goal:950,950,950,950,950,950,950,950,950,950,950,950,950,950,950,950,950,950,950,950,950,950,950,950,950,950,950,950,950,950,950,950,950,950,950,950,950,950,950,950,950,950,950,950,950,950,
size:32
[agent] id:17
path:245,277,309,341,373,405,437,469,501,533,565,597,629,661,693,692,691,690,690,690,690,690,690,690,690,690,690,690,690,690,690,690,690,690,690,690,690,690,690,690,690,690,690,690,690,690,
goal:690,690,690,690,690,690,690,690,690,690,690,690,690,690,690,690,690,690,690,690,690,690,690,690,690,690,690,690,690,690,690,690,690,690,690,690,690,690,690,690,690,690,690,690,690,690,
size:17
[agent] id:18
path:668,700,699,731,730,762,794,793,825,824,823,855,854,853,852,851,850,849,848,847,846,845,844,843,842,841,840,839,838,837,836,835,867,867,867,867,867,867,867,867,867,867,867,867,867,867,
goal:867,867,867,867,867,867,867,867,867,867,867,867,867,867,867,867,867,867,867,867,867,867,867,867,867,867,867,867,867,867,867,867,867,867,867,867,867,867,867,867,867,867,867,867,867,867,
size:32
[agent] id:19
path:938,906,874,842,810,809,808,776,744,712,680,648,616,584,552,520,519,518,518,518,518,518,518,518,518,518,518,518,518,518,518,518,518,518,518,518,518,518,518,518,518,518,518,518,518,518,
goal:518,518,518,518,518,518,518,518,518,518,518,518,518,518,518,518,518,518,518,518,518,518,518,518,518,518,518,518,518,518,518,518,518,518,518,518,518,518,518,518,518,518,518,518,518,518,
size:17
[agent] id:20
path:507,539,571,603,635,667,699,731,730,762,794,793,825,824,823,855,887,886,885,884,883,915,914,946,945,944,943,942,941,940,939,938,937,936,935,934,934,934,934,934,934,934,934,934,934,934,
goal:934,934,934,934,934,934,934,934,934,934,934,934,934,934,934,934,934,934,934,934,934,934,934,934,934,934,934,934,934,934,934,934,934,934,934,934,934,934,934,934,934,934,934,934,934,934,
size:35
[agent] id:21
path:807,839,840,841,842,874,875,875,875,875,875,875,875,875,875,875,875,875,875,875,875,875,875,875,875,875,875,875,875,875,875,875,875,875,875,875,875,875,875,875,875,875,875,875,875,875,
goal:875,875,875,875,875,875,875,875,875,875,875,875,875,875,875,875,875,875,875,875,875,875,875,875,875,875,875,875,875,875,875,875,875,875,875,875,875,875,875,875,875,875,875,875,875,875,
size:6
[agent] id:22
path:358,326,294,262,230,231,199,200,201,202,203,204,205,206,207,239,240,241,209,210,211,212,213,181,182,150,151,119,120,120,120,120,120,120,120,120,120,120,120,120,120,120,120,120,120,120,
goal:120,120,120,120,120,120,120,120,120,120,120,120,120,120,120,120,120,120,120,120,120,120,120,120,120,120,120,120,120,120,120,120,120,120,120,120,120,120,120,120,120,120,120,120,120,120,
size:28
[agent] id:23
path:38,70,71,103,135,136,137,138,138,139,171,203,235,236,268,300,301,302,334,366,367,399,431,432,433,434,435,435,435,435,435,435,435,435,435,435,435,435,435,435,435,435,435,435,435,435,
goal:435,435,435,435,435,435,435,435,435,435,435,435,435,435,435,435,435,435,435,435,435,435,435,435,435,435,435,435,435,435,435,435,435,435,435,435,435,435,435,435,435,435,435,435,435,435,
size:26
[agent] id:24
path:609,641,673,705,706,707,708,709,710,711,712,713,714,715,716,717,749,749,749,749,749,749,749,749,749,749,749,749,749,749,749,749,749,749,749,749,749,749,749,749,749,749,749,749,749,749,
goal:749,749,749,749,749,749,749,749,749,749,749,749,749,749,749,749,749,749,749,749,749,749,749,749,749,749,749,749,749,749,749,749,749,749,749,749,749,749,749,749,749,749,749,749,749,749,
size:16
[agent] id:25
path:277,309,341,373,405,437,469,501,533,565,597,629,661,693,725,724,723,755,754,786,818,850,849,848,847,846,845,844,843,842,841,840,872,871,870,902,902,902,902,902,902,902,902,902,902,902,
goal:902,902,902,902,902,902,902,902,902,902,902,902,902,902,902,902,902,902,902,902,902,902,902,902,902,902,902,902,902,902,902,902,902,902,902,902,902,902,902,902,902,902,902,902,902,902,
size:35
[agent] id:26
path:89,121,153,185,217,217,216,215,214,213,245,277,276,308,307,306,305,304,303,302,301,300,332,364,396,428,460,459,458,490,522,554,553,552,584,616,648,647,647,647,647,647,647,647,647,647,
goal:647,647,647,647,647,647,647,647,647,647,647,647,647,647,647,647,647,647,647,647,647,647,647,647,647,647,647,647,647,647,647,647,647,647,647,647,647,647,647,647,647,647,647,647,647,647,
size:37
[agent] id:27
path:115,114,146,178,210,242,274,306,305,304,303,302,301,300,332,364,396,395,394,393,392,424,423,422,454,486,485,517,516,516,516,516,516,516,516,516,516,516,516,516,516,516,516,516,516,516,
goal:516,516,516,516,516,516,516,516,516,516,516,516,516,516,516,516,516,516,516,516,516,516,516,516,516,516,516,516,516,516,516,516,516,516,516,516,516,516,516,516,516,516,516,516,516,516,
size:28
[agent] id:28
path:48,80,112,144,143,142,174,206,205,204,236,268,300,332,364,396,428,460,459,458,490,522,554,553,552,584,616,648,680,712,744,776,808,840,872,904,936,935,967,966,965,964,963,962,961,993,
goal:993,993,993,993,993,993,993,993,993,993,993,993,993,993,993,993,993,993,993,993,993,993,993,993,993,993,993,993,993,993,993,993,993,993,993,993,993,993,993,993,993,993,993,993,993,993,
size:45
[agent] id:29
path:302,270,269,268,236,204,172,140,139,107,75,74,42,10,10,10,10,10,10,10,10,10,10,10,10,10,10,10,10,10,10,10,10,10,10,10,10,10,10,10,10,10,10,10,10,10,
goal:10,10,10,10,10,10,10,10,10,10,10,10,10,10,10,10,10,10,10,10,10,10,10,10,10,10,10,10,10,10,10,10,10,10,10,10,10,10,10,10,10,10,10,10,10,10,
size:13
SolutionCost:766
