[setting] seed:4875
[solver] type:SASB-ECBS
[solver] w:2.000000
[solver] ID:0
[solver] Lowlevelnode:11418
[solver] Highlevelnode:29
[solver] ConflictCount:15
[solver] solved:1
[solver] elapsed:58
[solver] makespan:45
[problem] timesteplimit:15000
[problem] type:MAPF
[problem] agentnum:30
[graph] width:32
[graph] height:32
[graph] filename:./map/32by32_agents10_ex30.map
[task] id:0,start:0,end:0,service time:0,nodes:186,
[task] id:5,start:0,end:0,service time:0,nodes:807,
[task] id:9,start:0,end:0,service time:0,nodes:563,
[task] id:3,start:0,end:0,service time:0,nodes:527,
[task] id:18,start:0,end:0,service time:0,nodes:626,
[task] id:16,start:0,end:0,service time:0,nodes:679,
[task] id:15,start:0,end:0,service time:0,nodes:816,
[task] id:2,start:0,end:0,service time:0,nodes:260,
[task] id:8,start:0,end:0,service time:0,nodes:302,
[task] id:13,start:0,end:0,service time:0,nodes:1012,
[task] id:24,start:0,end:0,service time:0,nodes:137,
[task] id:25,start:0,end:0,service time:0,nodes:727,
[task] id:1,start:0,end:0,service time:0,nodes:512,
[task] id:22,start:0,end:0,service time:0,nodes:464,
[task] id:11,start:0,end:0,service time:0,nodes:1004,
[task] id:20,start:0,end:0,service time:0,nodes:1023,
[task] id:7,start:0,end:0,service time:0,nodes:183,
[task] id:26,start:0,end:0,service time:0,nodes:599,
[task] id:10,start:0,end:0,service time:0,nodes:744,
[task] id:17,start:0,end:0,service time:0,nodes:937,
[task] id:14,start:0,end:0,service time:0,nodes:554,
[task] id:19,start:0,end:0,service time:0,nodes:328,
[task] id:29,start:0,end:0,service time:0,nodes:741,
[task] id:21,start:0,end:0,service time:0,nodes:17,
[task] id:4,start:0,end:0,service time:0,nodes:14,
[task] id:6,start:0,end:0,service time:0,nodes:836,
[task] id:23,start:0,end:0,service time:0,nodes:256,
[task] id:27,start:0,end:0,service time:0,nodes:167,
[task] id:28,start:0,end:0,service time:0,nodes:850,
[task] id:12,start:0,end:0,service time:0,nodes:991,
[agent] id:0
path:150,182,183,184,185,186,186,186,186,186,186,186,186,186,186,186,186,186,186,186,186,186,186,186,186,186,186,186,186,186,186,186,186,186,186,186,186,186,186,186,186,186,186,186,186,186,
goal:186,186,186,186,186,186,186,186,186,186,186,186,186,186,186,186,186,186,186,186,186,186,186,186,186,186,186,186,186,186,186,186,186,186,186,186,186,186,186,186,186,186,186,186,186,186,
size:5
[agent] id:1
path:235,236,268,300,332,364,396,428,460,459,458,490,522,521,520,519,518,517,516,515,514,513,512,512,512,512,512,512,512,512,512,512,512,512,512,512,512,512,512,512,512,512,512,512,512,512,
goal:512,512,512,512,512,512,512,512,512,512,512,512,512,512,512,512,512,512,512,512,512,512,512,512,512,512,512,512,512,512,512,512,512,512,512,512,512,512,512,512,512,512,512,512,512,512,
size:22
[agent] id:2
path:489,457,456,424,392,391,359,358,326,294,262,261,260,260,260,260,260,260,260,260,260,260,260,260,260,260,260,260,260,260,260,260,260,260,260,260,260,260,260,260,260,260,260,260,260,260,
goal:260,260,260,260,260,260,260,260,260,260,260,260,260,260,260,260,260,260,260,260,260,260,260,260,260,260,260,260,260,260,260,260,260,260,260,260,260,260,260,260,260,260,260,260,260,260,
size:12
[agent] id:3
path:628,596,564,563,531,530,529,528,527,527,527,527,527,527,527,527,527,527,527,527,527,527,527,527,527,527,527,527,527,527,527,527,527,527,527,527,527,527,527,527,527,527,527,527,527,527,
goal:527,527,527,527,527,527,527,527,527,527,527,527,527,527,527,527,527,527,527,527,527,527,527,527,527,527,527,527,527,527,527,527,527,527,527,527,527,527,527,527,527,527,527,527,527,527,
size:8
[agent] id:4
path:833,801,802,770,738,706,707,708,676,644,612,613,614,582,550,518,486,454,422,390,358,326,294,262,230,231,199,167,135,103,71,39,7,8,9,10,11,12,13,14,14,14,14,14,14,14,
goal:14,14,14,14,14,14,14,14,14,14,14,14,14,14,14,14,14,14,14,14,14,14,14,14,14,14,14,14,14,14,14,14,14,14,14,14,14,14,14,14,14,14,14,14,14,14,
size:39
[agent] id:5
path:876,844,812,811,810,809,808,807,807,807,807,807,807,807,807,807,807,807,807,807,807,807,807,807,807,807,807,807,807,807,807,807,807,807,807,807,807,807,807,807,807,807,807,807,807,807,
goal:807,807,807,807,807,807,807,807,807,807,807,807,807,807,807,807,807,807,807,807,807,807,807,807,807,807,807,807,807,807,807,807,807,807,807,807,807,807,807,807,807,807,807,807,807,807,
size:7
[agent] id:6
path:348,380,379,378,410,442,474,473,472,504,536,535,567,566,598,630,662,662,661,693,725,724,723,755,754,786,818,850,849,848,847,846,845,844,843,842,841,840,839,838,837,836,836,836,836,836,
goal:836,836,836,836,836,836,836,836,836,836,836,836,836,836,836,836,836,836,836,836,836,836,836,836,836,836,836,836,836,836,836,836,836,836,836,836,836,836,836,836,836,836,836,836,836,836,
size:41
[agent] id:7
path:36,68,69,101,133,134,135,136,137,138,139,171,172,173,174,142,143,144,176,177,178,210,211,212,213,181,182,183,183,183,183,183,183,183,183,183,183,183,183,183,183,183,183,183,183,183,
goal:183,183,183,183,183,183,183,183,183,183,183,183,183,183,183,183,183,183,183,183,183,183,183,183,183,183,183,183,183,183,183,183,183,183,183,183,183,183,183,183,183,183,183,183,183,183,
size:27
[agent] id:8
path:660,628,596,564,563,531,499,467,435,403,402,401,369,337,305,304,303,302,302,302,302,302,302,302,302,302,302,302,302,302,302,302,302,302,302,302,302,302,302,302,302,302,302,302,302,302,
goal:302,302,302,302,302,302,302,302,302,302,302,302,302,302,302,302,302,302,302,302,302,302,302,302,302,302,302,302,302,302,302,302,302,302,302,302,302,302,302,302,302,302,302,302,302,302,
size:17
[agent] id:9
path:438,470,469,501,533,565,564,563,563,563,563,563,563,563,563,563,563,563,563,563,563,563,563,563,563,563,563,563,563,563,563,563,563,563,563,563,563,563,563,563,563,563,563,563,563,563,
goal:563,563,563,563,563,563,563,563,563,563,563,563,563,563,563,563,563,563,563,563,563,563,563,563,563,563,563,563,563,563,563,563,563,563,563,563,563,563,563,563,563,563,563,563,563,563,
size:7
[agent] id:10
path:66,67,68,69,101,133,165,197,229,261,293,294,326,358,390,422,454,453,485,517,549,550,582,614,646,678,710,742,743,744,744,744,744,744,744,744,744,744,744,744,744,744,744,744,744,744,
goal:744,744,744,744,744,744,744,744,744,744,744,744,744,744,744,744,744,744,744,744,744,744,744,744,744,744,744,744,744,744,744,744,744,744,744,744,744,744,744,744,744,744,744,744,744,744,
size:29
[agent] id:11
path:332,364,396,428,460,461,493,525,557,589,621,653,685,717,749,781,782,814,846,878,877,909,941,973,1005,1004,1004,1004,1004,1004,1004,1004,1004,1004,1004,1004,1004,1004,1004,1004,1004,1004,1004,1004,1004,1004,
goal:1004,1004,1004,1004,1004,1004,1004,1004,1004,1004,1004,1004,1004,1004,1004,1004,1004,1004,1004,1004,1004,1004,1004,1004,1004,1004,1004,1004,1004,1004,1004,1004,1004,1004,1004,1004,1004,1004,1004,1004,1004,1004,1004,1004,1004,1004,
size:25
[agent] id:12
path:142,174,206,207,239,271,303,304,336,368,400,432,464,465,466,467,468,468,500,500,501,533,565,597,629,661,693,725,757,758,759,791,823,855,887,919,920,952,984,985,986,987,988,989,990,991,
goal:991,991,991,991,991,991,991,991,991,991,991,991,991,991,991,991,991,991,991,991,991,991,991,991,991,991,991,991,991,991,991,991,991,991,991,991,991,991,991,991,991,991,991,991,991,991,
size:45
[agent] id:13
path:629,661,693,725,724,723,755,754,786,818,850,882,914,946,978,979,980,1012,1012,1012,1012,1012,1012,1012,1012,1012,1012,1012,1012,1012,1012,1012,1012,1012,1012,1012,1012,1012,1012,1012,1012,1012,1012,1012,1012,1012,
goal:1012,1012,1012,1012,1012,1012,1012,1012,1012,1012,1012,1012,1012,1012,1012,1012,1012,1012,1012,1012,1012,1012,1012,1012,1012,1012,1012,1012,1012,1012,1012,1012,1012,1012,1012,1012,1012,1012,1012,1012,1012,1012,1012,1012,1012,1012,
size:17
[agent] id:14
path:446,414,413,381,380,379,378,410,409,408,407,439,438,470,469,501,500,499,531,530,562,530,529,561,560,559,558,557,556,555,554,554,554,554,554,554,554,554,554,554,554,554,554,554,554,554,
goal:554,554,554,554,554,554,554,554,554,554,554,554,554,554,554,554,554,554,554,554,554,554,554,554,554,554,554,554,554,554,554,554,554,554,554,554,554,554,554,554,554,554,554,554,554,554,
size:30
[agent] id:15
path:689,721,753,785,785,785,786,818,850,849,848,816,816,816,816,816,816,816,816,816,816,816,816,816,816,816,816,816,816,816,816,816,816,816,816,816,816,816,816,816,816,816,816,816,816,816,
goal:816,816,816,816,816,816,816,816,816,816,816,816,816,816,816,816,816,816,816,816,816,816,816,816,816,816,816,816,816,816,816,816,816,816,816,816,816,816,816,816,816,816,816,816,816,816,
size:11
[agent] id:16
path:623,655,654,653,652,651,683,682,681,680,679,679,679,679,679,679,679,679,679,679,679,679,679,679,679,679,679,679,679,679,679,679,679,679,679,679,679,679,679,679,679,679,679,679,679,679,
goal:679,679,679,679,679,679,679,679,679,679,679,679,679,679,679,679,679,679,679,679,679,679,679,679,679,679,679,679,679,679,679,679,679,679,679,679,679,679,679,679,679,679,679,679,679,679,
size:10
[agent] id:17
path:537,536,535,567,599,631,663,695,727,759,791,823,855,887,886,885,884,883,915,914,946,945,944,943,942,941,940,939,938,937,937,937,937,937,937,937,937,937,937,937,937,937,937,937,937,937,
goal:937,937,937,937,937,937,937,937,937,937,937,937,937,937,937,937,937,937,937,937,937,937,937,937,937,937,937,937,937,937,937,937,937,937,937,937,937,937,937,937,937,937,937,937,937,937,
size:29
[agent] id:18
path:914,882,850,818,786,754,722,690,658,626,626,626,626,626,626,626,626,626,626,626,626,626,626,626,626,626,626,626,626,626,626,626,626,626,626,626,626,626,626,626,626,626,626,626,626,626,
goal:626,626,626,626,626,626,626,626,626,626,626,626,626,626,626,626,626,626,626,626,626,626,626,626,626,626,626,626,626,626,626,626,626,626,626,626,626,626,626,626,626,626,626,626,626,626,
size:9
[agent] id:19
path:570,538,537,536,535,534,533,501,500,468,436,435,403,402,401,369,337,305,273,241,240,239,207,206,205,204,203,202,201,200,199,231,263,264,296,328,328,328,328,328,328,328,328,328,328,328,
goal:328,328,328,328,328,328,328,328,328,328,328,328,328,328,328,328,328,328,328,328,328,328,328,328,328,328,328,328,328,328,328,328,328,328,328,328,328,328,328,328,328,328,328,328,328,328,
size:35
[agent] id:20
path:474,473,472,504,536,537,569,570,602,634,635,667,699,700,701,733,765,797,798,830,831,863,895,927,959,991,1023,1023,1023,1023,1023,1023,1023,1023,1023,1023,1023,1023,1023,1023,1023,1023,1023,1023,1023,1023,
goal:1023,1023,1023,1023,1023,1023,1023,1023,1023,1023,1023,1023,1023,1023,1023,1023,1023,1023,1023,1023,1023,1023,1023,1023,1023,1023,1023,1023,1023,1023,1023,1023,1023,1023,1023,1023,1023,1023,1023,1023,1023,1023,1023,1023,1023,1023,
size:26
[agent] id:21
path:921,920,888,887,855,823,791,759,758,726,725,693,661,660,628,596,564,565,533,501,469,437,405,373,341,309,277,245,213,212,211,210,178,146,114,82,50,18,17,17,17,17,17,17,17,17,
goal:17,17,17,17,17,17,17,17,17,17,17,17,17,17,17,17,17,17,17,17,17,17,17,17,17,17,17,17,17,17,17,17,17,17,17,17,17,17,17,17,17,17,17,17,17,17,
size:38
[agent] id:22
path:871,839,807,775,743,711,679,647,615,583,551,552,553,554,555,556,557,558,559,560,528,529,497,465,464,464,464,464,464,464,464,464,464,464,464,464,464,464,464,464,464,464,464,464,464,464,
goal:464,464,464,464,464,464,464,464,464,464,464,464,464,464,464,464,464,464,464,464,464,464,464,464,464,464,464,464,464,464,464,464,464,464,464,464,464,464,464,464,464,464,464,464,464,464,
size:24
[agent] id:23
path:701,700,699,698,697,696,664,663,662,661,660,659,658,657,656,655,623,591,590,589,557,525,493,461,429,397,396,395,394,393,392,391,359,358,357,356,355,323,322,290,258,257,256,256,256,256,
goal:256,256,256,256,256,256,256,256,256,256,256,256,256,256,256,256,256,256,256,256,256,256,256,256,256,256,256,256,256,256,256,256,256,256,256,256,256,256,256,256,256,256,256,256,256,256,
size:42
[agent] id:24
path:548,516,484,452,420,421,389,357,358,326,294,262,230,231,199,167,135,136,137,137,137,137,137,137,137,137,137,137,137,137,137,137,137,137,137,137,137,137,137,137,137,137,137,137,137,137,
goal:137,137,137,137,137,137,137,137,137,137,137,137,137,137,137,137,137,137,137,137,137,137,137,137,137,137,137,137,137,137,137,137,137,137,137,137,137,137,137,137,137,137,137,137,137,137,
size:18
[agent] id:25
path:310,342,374,406,438,470,469,469,501,533,565,597,629,661,693,725,726,726,727,727,727,727,727,727,727,727,727,727,727,727,727,727,727,727,727,727,727,727,727,727,727,727,727,727,727,727,
goal:727,727,727,727,727,727,727,727,727,727,727,727,727,727,727,727,727,727,727,727,727,727,727,727,727,727,727,727,727,727,727,727,727,727,727,727,727,727,727,727,727,727,727,727,727,727,
size:18
[agent] id:26
path:106,138,139,171,203,235,236,268,300,301,302,334,366,367,399,431,463,464,465,497,498,499,500,501,533,565,597,598,599,599,599,599,599,599,599,599,599,599,599,599,599,599,599,599,599,599,
goal:599,599,599,599,599,599,599,599,599,599,599,599,599,599,599,599,599,599,599,599,599,599,599,599,599,599,599,599,599,599,599,599,599,599,599,599,599,599,599,599,599,599,599,599,599,599,
size:28
[agent] id:27
path:860,859,858,857,825,793,792,760,728,696,664,632,600,599,567,535,534,533,501,469,437,405,373,341,309,308,307,306,274,242,241,240,239,207,206,205,204,203,202,201,169,168,167,167,167,167,
goal:167,167,167,167,167,167,167,167,167,167,167,167,167,167,167,167,167,167,167,167,167,167,167,167,167,167,167,167,167,167,167,167,167,167,167,167,167,167,167,167,167,167,167,167,167,167,
size:42
[agent] id:28
path:35,36,37,38,70,71,103,135,167,199,200,201,233,234,235,236,268,300,332,364,396,428,460,460,460,461,493,525,557,589,621,653,685,717,749,781,782,814,846,847,848,849,850,850,850,850,
goal:850,850,850,850,850,850,850,850,850,850,850,850,850,850,850,850,850,850,850,850,850,850,850,850,850,850,850,850,850,850,850,850,850,850,850,850,850,850,850,850,850,850,850,850,850,850,
size:42
[agent] id:29
path:478,477,509,508,540,539,538,537,536,535,534,533,533,533,565,597,629,661,693,692,691,691,690,689,688,687,686,718,717,716,715,714,713,712,711,743,742,741,741,741,741,741,741,741,741,741,
goal:741,741,741,741,741,741,741,741,741,741,741,741,741,741,741,741,741,741,741,741,741,741,741,741,741,741,741,741,741,741,741,741,741,741,741,741,741,741,741,741,741,741,741,741,741,741,
size:37
SolutionCost:740
