[setting] seed:2683
[solver] type:SASB-ECBS
[solver] w:2.000000
[solver] ID:0
[solver] Lowlevelnode:6826
[solver] Highlevelnode:21
[solver] ConflictCount:11
[solver] solved:1
[solver] elapsed:44
[solver] makespan:50
[problem] timesteplimit:15000
[problem] type:MAPF
[problem] agentnum:30
[graph] width:32
[graph] height:32
[graph] filename:./map/32by32_agents10_ex30.map
[task] id:0,start:0,end:0,service time:0,nodes:768,
[task] id:20,start:0,end:0,service time:0,nodes:629,
[task] id:19,start:0,end:0,service time:0,nodes:594,
[task] id:23,start:0,end:0,service time:0,nodes:410,
[task] id:7,start:0,end:0,service time:0,nodes:726,
[task] id:24,start:0,end:0,service time:0,nodes:105,
[task] id:6,start:0,end:0,service time:0,nodes:860,
[task] id:22,start:0,end:0,service time:0,nodes:606,
[task] id:2,start:0,end:0,service time:0,nodes:692,
[task] id:4,start:0,end:0,service time:0,nodes:593,
[task] id:15,start:0,end:0,service time:0,nodes:332,
[task] id:29,start:0,end:0,service time:0,nodes:1009,
[task] id:10,start:0,end:0,service time:0,nodes:473,
[task] id:3,start:0,end:0,service time:0,nodes:29,
[task] id:26,start:0,end:0,service time:0,nodes:403,
[task] id:17,start:0,end:0,service time:0,nodes:243,
[task] id:9,start:0,end:0,service time:0,nodes:693,
[task] id:18,start:0,end:0,service time:0,nodes:1012,
[task] id:28,start:0,end:0,service time:0,nodes:515,
[task] id:27,start:0,end:0,service time:0,nodes:930,
[task] id:13,start:0,end:0,service time:0,nodes:441,
[task] id:16,start:0,end:0,service time:0,nodes:200,
[task] id:25,start:0,end:0,service time:0,nodes:750,
[task] id:8,start:0,end:0,service time:0,nodes:986,
[task] id:11,start:0,end:0,service time:0,nodes:980,
[task] id:12,start:0,end:0,service time:0,nodes:99,
[task] id:14,start:0,end:0,service time:0,nodes:21,
[task] id:21,start:0,end:0,service time:0,nodes:575,
[task] id:1,start:0,end:0,service time:0,nodes:929,
[task] id:5,start:0,end:0,service time:0,nodes:963,
[agent] id:0
path:736,768,768,768,768,768,768,768,768,768,768,768,768,768,768,768,768,768,768,768,768,768,768,768,768,768,768,768,768,768,768,768,768,768,768,768,768,768,768,768,768,768,768,768,768,768,768,768,768,768,768,
goal:768,768,768,768,768,768,768,768,768,768,768,768,768,768,768,768,768,768,768,768,768,768,768,768,768,768,768,768,768,768,768,768,768,768,768,768,768,768,768,768,768,768,768,768,768,768,768,768,768,768,768,
size:1
[agent] id:1
path:10,42,74,106,138,137,169,201,200,199,231,263,262,294,326,358,390,422,454,453,485,517,549,548,547,579,611,643,644,676,708,707,739,771,803,835,867,899,931,963,962,961,929,929,929,929,929,929,929,929,929,
goal:929,929,929,929,929,929,929,929,929,929,929,929,929,929,929,929,929,929,929,929,929,929,929,929,929,929,929,929,929,929,929,929,929,929,929,929,929,929,929,929,929,929,929,929,929,929,929,929,929,929,929,
size:42
[agent] id:2
path:490,522,554,555,556,557,589,621,653,685,686,687,688,689,690,691,692,692,692,692,692,692,692,692,692,692,692,692,692,692,692,692,692,692,692,692,692,692,692,692,692,692,692,692,692,692,692,692,692,692,692,
goal:692,692,692,692,692,692,692,692,692,692,692,692,692,692,692,692,692,692,692,692,692,692,692,692,692,692,692,692,692,692,692,692,692,692,692,692,692,692,692,692,692,692,692,692,692,692,692,692,692,692,692,
size:16
[agent] id:3
path:270,271,239,240,241,209,177,145,113,81,49,17,18,19,20,21,22,23,24,25,26,27,28,29,29,29,29,29,29,29,29,29,29,29,29,29,29,29,29,29,29,29,29,29,29,29,29,29,29,29,29,
goal:29,29,29,29,29,29,29,29,29,29,29,29,29,29,29,29,29,29,29,29,29,29,29,29,29,29,29,29,29,29,29,29,29,29,29,29,29,29,29,29,29,29,29,29,29,29,29,29,29,29,29,
size:23
[agent] id:4
path:482,514,515,547,548,549,550,551,552,553,554,555,556,557,589,590,591,592,593,593,593,593,593,593,593,593,593,593,593,593,593,593,593,593,593,593,593,593,593,593,593,593,593,593,593,593,593,593,593,593,593,
goal:593,593,593,593,593,593,593,593,593,593,593,593,593,593,593,593,593,593,593,593,593,593,593,593,593,593,593,593,593,593,593,593,593,593,593,593,593,593,593,593,593,593,593,593,593,593,593,593,593,593,593,
size:18
[agent] id:5
path:19,51,83,115,114,146,178,210,242,274,306,305,337,336,368,400,432,464,465,466,498,530,529,528,560,592,591,623,655,654,653,685,717,716,715,747,779,811,843,875,907,939,938,937,936,935,967,966,965,964,963,
goal:963,963,963,963,963,963,963,963,963,963,963,963,963,963,963,963,963,963,963,963,963,963,963,963,963,963,963,963,963,963,963,963,963,963,963,963,963,963,963,963,963,963,963,963,963,963,963,963,963,963,963,
size:50
[agent] id:6
path:946,914,882,850,851,852,853,854,855,823,824,825,857,858,859,860,860,860,860,860,860,860,860,860,860,860,860,860,860,860,860,860,860,860,860,860,860,860,860,860,860,860,860,860,860,860,860,860,860,860,860,
goal:860,860,860,860,860,860,860,860,860,860,860,860,860,860,860,860,860,860,860,860,860,860,860,860,860,860,860,860,860,860,860,860,860,860,860,860,860,860,860,860,860,860,860,860,860,860,860,860,860,860,860,
size:15
[agent] id:7
path:893,861,860,859,858,857,825,793,792,760,728,727,726,726,726,726,726,726,726,726,726,726,726,726,726,726,726,726,726,726,726,726,726,726,726,726,726,726,726,726,726,726,726,726,726,726,726,726,726,726,726,
goal:726,726,726,726,726,726,726,726,726,726,726,726,726,726,726,726,726,726,726,726,726,726,726,726,726,726,726,726,726,726,726,726,726,726,726,726,726,726,726,726,726,726,726,726,726,726,726,726,726,726,726,
size:12
[agent] id:8
path:612,644,676,708,709,741,773,805,837,838,839,840,841,842,874,875,876,877,878,879,880,881,882,883,884,885,886,918,950,982,983,984,985,986,986,986,986,986,986,986,986,986,986,986,986,986,986,986,986,986,986,
goal:986,986,986,986,986,986,986,986,986,986,986,986,986,986,986,986,986,986,986,986,986,986,986,986,986,986,986,986,986,986,986,986,986,986,986,986,986,986,986,986,986,986,986,986,986,986,986,986,986,986,986,
size:33
[agent] id:9
path:800,801,802,770,738,706,707,708,709,710,711,712,713,714,715,716,717,685,686,687,688,689,690,691,659,660,661,693,693,693,693,693,693,693,693,693,693,693,693,693,693,693,693,693,693,693,693,693,693,693,693,
goal:693,693,693,693,693,693,693,693,693,693,693,693,693,693,693,693,693,693,693,693,693,693,693,693,693,693,693,693,693,693,693,693,693,693,693,693,693,693,693,693,693,693,693,693,693,693,693,693,693,693,693,
size:27
[agent] id:10
path:489,521,553,553,554,555,556,557,558,559,560,561,562,563,564,565,533,534,535,503,504,472,473,473,473,473,473,473,473,473,473,473,473,473,473,473,473,473,473,473,473,473,473,473,473,473,473,473,473,473,473,
goal:473,473,473,473,473,473,473,473,473,473,473,473,473,473,473,473,473,473,473,473,473,473,473,473,473,473,473,473,473,473,473,473,473,473,473,473,473,473,473,473,473,473,473,473,473,473,473,473,473,473,473,
size:22
[agent] id:11
path:171,203,235,236,268,300,332,364,396,428,460,461,493,525,557,589,621,653,685,717,749,781,782,814,846,878,879,911,943,944,945,946,978,979,980,980,980,980,980,980,980,980,980,980,980,980,980,980,980,980,980,
goal:980,980,980,980,980,980,980,980,980,980,980,980,980,980,980,980,980,980,980,980,980,980,980,980,980,980,980,980,980,980,980,980,980,980,980,980,980,980,980,980,980,980,980,980,980,980,980,980,980,980,980,
size:34
[agent] id:12
path:692,660,628,596,564,563,531,499,467,435,403,402,401,369,337,305,273,241,240,239,207,206,174,173,172,140,139,138,137,136,135,134,133,101,69,68,67,99,99,99,99,99,99,99,99,99,99,99,99,99,99,
goal:99,99,99,99,99,99,99,99,99,99,99,99,99,99,99,99,99,99,99,99,99,99,99,99,99,99,99,99,99,99,99,99,99,99,99,99,99,99,99,99,99,99,99,99,99,99,99,99,99,99,99,
size:37
[agent] id:13
path:712,680,648,616,584,552,553,554,555,556,557,557,558,559,560,561,562,563,531,499,467,435,436,437,405,406,407,408,409,441,441,441,441,441,441,441,441,441,441,441,441,441,441,441,441,441,441,441,441,441,441,
goal:441,441,441,441,441,441,441,441,441,441,441,441,441,441,441,441,441,441,441,441,441,441,441,441,441,441,441,441,441,441,441,441,441,441,441,441,441,441,441,441,441,441,441,441,441,441,441,441,441,441,441,
size:29
[agent] id:14
path:643,611,612,613,614,615,616,617,618,619,620,621,589,590,558,526,527,528,528,529,497,465,433,401,369,337,305,273,241,209,177,145,113,81,49,17,18,19,20,21,21,21,21,21,21,21,21,21,21,21,21,
goal:21,21,21,21,21,21,21,21,21,21,21,21,21,21,21,21,21,21,21,21,21,21,21,21,21,21,21,21,21,21,21,21,21,21,21,21,21,21,21,21,21,21,21,21,21,21,21,21,21,21,21,
size:39
[agent] id:15
path:848,847,846,814,782,750,718,686,654,622,590,558,526,494,493,461,429,397,396,364,332,332,332,332,332,332,332,332,332,332,332,332,332,332,332,332,332,332,332,332,332,332,332,332,332,332,332,332,332,332,332,
goal:332,332,332,332,332,332,332,332,332,332,332,332,332,332,332,332,332,332,332,332,332,332,332,332,332,332,332,332,332,332,332,332,332,332,332,332,332,332,332,332,332,332,332,332,332,332,332,332,332,332,332,
size:20
[agent] id:16
path:939,907,875,843,811,779,747,715,683,651,619,618,617,616,584,552,520,519,487,486,454,422,390,358,326,294,262,230,231,199,200,200,200,200,200,200,200,200,200,200,200,200,200,200,200,200,200,200,200,200,200,
goal:200,200,200,200,200,200,200,200,200,200,200,200,200,200,200,200,200,200,200,200,200,200,200,200,200,200,200,200,200,200,200,200,200,200,200,200,200,200,200,200,200,200,200,200,200,200,200,200,200,200,200,
size:30
[agent] id:17
path:542,574,573,605,604,603,571,539,538,537,536,535,534,533,501,469,437,405,373,341,309,277,245,213,212,211,243,243,243,243,243,243,243,243,243,243,243,243,243,243,243,243,243,243,243,243,243,243,243,243,243,
goal:243,243,243,243,243,243,243,243,243,243,243,243,243,243,243,243,243,243,243,243,243,243,243,243,243,243,243,243,243,243,243,243,243,243,243,243,243,243,243,243,243,243,243,243,243,243,243,243,243,243,243,
size:26
[agent] id:18
path:458,490,522,554,555,556,557,589,621,653,685,717,749,781,782,814,846,878,879,911,943,944,945,946,978,979,980,1012,1012,1012,1012,1012,1012,1012,1012,1012,1012,1012,1012,1012,1012,1012,1012,1012,1012,1012,1012,1012,1012,1012,1012,
goal:1012,1012,1012,1012,1012,1012,1012,1012,1012,1012,1012,1012,1012,1012,1012,1012,1012,1012,1012,1012,1012,1012,1012,1012,1012,1012,1012,1012,1012,1012,1012,1012,1012,1012,1012,1012,1012,1012,1012,1012,1012,1012,1012,1012,1012,1012,1012,1012,1012,1012,1012,
size:27
[agent] id:19
path:429,461,493,525,557,589,590,591,592,593,594,594,594,594,594,594,594,594,594,594,594,594,594,594,594,594,594,594,594,594,594,594,594,594,594,594,594,594,594,594,594,594,594,594,594,594,594,594,594,594,594,
goal:594,594,594,594,594,594,594,594,594,594,594,594,594,594,594,594,594,594,594,594,594,594,594,594,594,594,594,594,594,594,594,594,594,594,594,594,594,594,594,594,594,594,594,594,594,594,594,594,594,594,594,
size:10
[agent] id:20
path:597,629,629,629,629,629,629,629,629,629,629,629,629,629,629,629,629,629,629,629,629,629,629,629,629,629,629,629,629,629,629,629,629,629,629,629,629,629,629,629,629,629,629,629,629,629,629,629,629,629,629,
goal:629,629,629,629,629,629,629,629,629,629,629,629,629,629,629,629,629,629,629,629,629,629,629,629,629,629,629,629,629,629,629,629,629,629,629,629,629,629,629,629,629,629,629,629,629,629,629,629,629,629,629,
size:1
[agent] id:21
path:296,264,263,262,294,326,358,390,422,454,486,518,550,551,552,553,554,555,556,557,558,559,560,561,562,563,564,565,566,567,535,536,537,569,570,571,603,604,605,573,574,575,575,575,575,575,575,575,575,575,575,
goal:575,575,575,575,575,575,575,575,575,575,575,575,575,575,575,575,575,575,575,575,575,575,575,575,575,575,575,575,575,575,575,575,575,575,575,575,575,575,575,575,575,575,575,575,575,575,575,575,575,575,575,
size:41
[agent] id:22
path:498,499,500,501,533,534,535,536,537,569,570,602,603,604,605,606,606,606,606,606,606,606,606,606,606,606,606,606,606,606,606,606,606,606,606,606,606,606,606,606,606,606,606,606,606,606,606,606,606,606,606,
goal:606,606,606,606,606,606,606,606,606,606,606,606,606,606,606,606,606,606,606,606,606,606,606,606,606,606,606,606,606,606,606,606,606,606,606,606,606,606,606,606,606,606,606,606,606,606,606,606,606,606,606,
size:15
[agent] id:23
path:508,476,477,478,446,414,413,412,380,379,378,410,410,410,410,410,410,410,410,410,410,410,410,410,410,410,410,410,410,410,410,410,410,410,410,410,410,410,410,410,410,410,410,410,410,410,410,410,410,410,410,
goal:410,410,410,410,410,410,410,410,410,410,410,410,410,410,410,410,410,410,410,410,410,410,410,410,410,410,410,410,410,410,410,410,410,410,410,410,410,410,410,410,410,410,410,410,410,410,410,410,410,410,410,
size:11
[agent] id:24
path:303,302,270,269,269,268,236,204,172,140,139,107,106,105,105,105,105,105,105,105,105,105,105,105,105,105,105,105,105,105,105,105,105,105,105,105,105,105,105,105,105,105,105,105,105,105,105,105,105,105,105,
goal:105,105,105,105,105,105,105,105,105,105,105,105,105,105,105,105,105,105,105,105,105,105,105,105,105,105,105,105,105,105,105,105,105,105,105,105,105,105,105,105,105,105,105,105,105,105,105,105,105,105,105,
size:13
[agent] id:25
path:122,121,153,185,217,216,248,280,312,344,376,408,407,439,438,470,469,501,533,565,597,596,628,627,626,658,690,689,688,687,686,718,750,750,750,750,750,750,750,750,750,750,750,750,750,750,750,750,750,750,750,
goal:750,750,750,750,750,750,750,750,750,750,750,750,750,750,750,750,750,750,750,750,750,750,750,750,750,750,750,750,750,750,750,750,750,750,750,750,750,750,750,750,750,750,750,750,750,750,750,750,750,750,750,
size:32
[agent] id:26
path:710,678,646,614,615,616,617,618,619,620,621,589,590,558,526,527,528,529,497,465,433,401,402,403,403,403,403,403,403,403,403,403,403,403,403,403,403,403,403,403,403,403,403,403,403,403,403,403,403,403,403,
goal:403,403,403,403,403,403,403,403,403,403,403,403,403,403,403,403,403,403,403,403,403,403,403,403,403,403,403,403,403,403,403,403,403,403,403,403,403,403,403,403,403,403,403,403,403,403,403,403,403,403,403,
size:23
[agent] id:27
path:259,258,290,322,354,353,385,417,449,450,482,514,513,545,577,609,641,673,705,737,738,770,802,803,835,867,899,931,930,930,930,930,930,930,930,930,930,930,930,930,930,930,930,930,930,930,930,930,930,930,930,
goal:930,930,930,930,930,930,930,930,930,930,930,930,930,930,930,930,930,930,930,930,930,930,930,930,930,930,930,930,930,930,930,930,930,930,930,930,930,930,930,930,930,930,930,930,930,930,930,930,930,930,930,
size:28
[agent] id:28
path:437,469,468,500,499,531,530,529,528,527,526,525,557,589,621,620,619,618,617,616,584,552,520,519,518,517,516,515,515,515,515,515,515,515,515,515,515,515,515,515,515,515,515,515,515,515,515,515,515,515,515,
goal:515,515,515,515,515,515,515,515,515,515,515,515,515,515,515,515,515,515,515,515,515,515,515,515,515,515,515,515,515,515,515,515,515,515,515,515,515,515,515,515,515,515,515,515,515,515,515,515,515,515,515,
size:27
[agent] id:29
path:863,895,927,959,991,990,989,988,987,986,985,984,983,982,950,949,948,980,979,978,1010,1009,1009,1009,1009,1009,1009,1009,1009,1009,1009,1009,1009,1009,1009,1009,1009,1009,1009,1009,1009,1009,1009,1009,1009,1009,1009,1009,1009,1009,1009,
goal:1009,1009,1009,1009,1009,1009,1009,1009,1009,1009,1009,1009,1009,1009,1009,1009,1009,1009,1009,1009,1009,1009,1009,1009,1009,1009,1009,1009,1009,1009,1009,1009,1009,1009,1009,1009,1009,1009,1009,1009,1009,1009,1009,1009,1009,1009,1009,1009,1009,1009,1009,
size:21
SolutionCost:723
