[setting] seed:5370
[solver] type:SASB-ECBS
[solver] w:2.000000
[solver] ID:0
[solver] Lowlevelnode:4476
[solver] Highlevelnode:23
[solver] ConflictCount:12
[solver] solved:1
[solver] elapsed:40
[solver] makespan:46
[problem] timesteplimit:15000
[problem] type:MAPF
[problem] agentnum:30
[graph] width:32
[graph] height:32
[graph] filename:./map/32by32_agents10_ex30.map
[task] id:8,start:0,end:0,service time:0,nodes:648,
[task] id:3,start:0,end:0,service time:0,nodes:299,
[task] id:0,start:0,end:0,service time:0,nodes:217,
[task] id:17,start:0,end:0,service time:0,nodes:741,
[task] id:28,start:0,end:0,service time:0,nodes:779,
[task] id:1,start:0,end:0,service time:0,nodes:612,
[task] id:16,start:0,end:0,service time:0,nodes:186,
[task] id:11,start:0,end:0,service time:0,nodes:42,
[task] id:20,start:0,end:0,service time:0,nodes:369,
[task] id:23,start:0,end:0,service time:0,nodes:825,
[task] id:9,start:0,end:0,service time:0,nodes:750,
[task] id:7,start:0,end:0,service time:0,nodes:193,
[task] id:13,start:0,end:0,service time:0,nodes:997,
[task] id:2,start:0,end:0,service time:0,nodes:609,
[task] id:15,start:0,end:0,service time:0,nodes:530,
[task] id:6,start:0,end:0,service time:0,nodes:258,
[task] id:21,start:0,end:0,service time:0,nodes:782,
[task] id:24,start:0,end:0,service time:0,nodes:135,
[task] id:18,start:0,end:0,service time:0,nodes:969,
[task] id:19,start:0,end:0,service time:0,nodes:288,
[task] id:25,start:0,end:0,service time:0,nodes:579,
[task] id:5,start:0,end:0,service time:0,nodes:213,
[task] id:22,start:0,end:0,service time:0,nodes:971,
[task] id:26,start:0,end:0,service time:0,nodes:949,
[task] id:29,start:0,end:0,service time:0,nodes:669,
[task] id:10,start:0,end:0,service time:0,nodes:92,
[task] id:12,start:0,end:0,service time:0,nodes:22,
[task] id:4,start:0,end:0,service time:0,nodes:887,
[task] id:14,start:0,end:0,service time:0,nodes:247,
[task] id:27,start:0,end:0,service time:0,nodes:809,
[agent] id:0
path:283,315,347,379,378,377,345,313,281,280,248,216,217,217,217,217,217,217,217,217,217,217,217,217,217,217,217,217,217,217,217,217,217,217,217,217,217,217,217,217,217,217,217,217,217,217,217,
goal:217,217,217,217,217,217,217,217,217,217,217,217,217,217,217,217,217,217,217,217,217,217,217,217,217,217,217,217,217,217,217,217,217,217,217,217,217,217,217,217,217,217,217,217,217,217,217,
size:12
[agent] id:1
path:288,320,352,384,416,448,480,512,544,576,577,609,610,611,612,612,612,612,612,612,612,612,612,612,612,612,612,612,612,612,612,612,612,612,612,612,612,612,612,612,612,612,612,612,612,612,612,
goal:612,612,612,612,612,612,612,612,612,612,612,612,612,612,612,612,612,612,612,612,612,612,612,612,612,612,612,612,612,612,612,612,612,612,612,612,612,612,612,612,612,612,612,612,612,612,612,
size:14
[agent] id:2
path:431,463,464,465,497,529,561,560,559,558,557,556,555,554,553,552,551,550,549,548,547,579,611,610,609,609,609,609,609,609,609,609,609,609,609,609,609,609,609,609,609,609,609,609,609,609,609,
goal:609,609,609,609,609,609,609,609,609,609,609,609,609,609,609,609,609,609,609,609,609,609,609,609,609,609,609,609,609,609,609,609,609,609,609,609,609,609,609,609,609,609,609,609,609,609,609,
size:24
[agent] id:3
path:524,525,493,461,429,397,396,364,332,300,299,299,299,299,299,299,299,299,299,299,299,299,299,299,299,299,299,299,299,299,299,299,299,299,299,299,299,299,299,299,299,299,299,299,299,299,299,
goal:299,299,299,299,299,299,299,299,299,299,299,299,299,299,299,299,299,299,299,299,299,299,299,299,299,299,299,299,299,299,299,299,299,299,299,299,299,299,299,299,299,299,299,299,299,299,299,
size:10
[agent] id:4
path:297,296,264,263,262,294,326,358,390,422,423,424,456,457,458,459,460,461,493,525,557,589,621,653,685,686,687,688,720,752,753,785,786,818,850,882,883,884,885,886,887,887,887,887,887,887,887,
goal:887,887,887,887,887,887,887,887,887,887,887,887,887,887,887,887,887,887,887,887,887,887,887,887,887,887,887,887,887,887,887,887,887,887,887,887,887,887,887,887,887,887,887,887,887,887,887,
size:40
[agent] id:5
path:974,942,943,911,879,847,848,849,850,818,786,754,722,690,658,626,594,562,530,498,466,434,435,436,437,405,373,341,309,277,245,213,213,213,213,213,213,213,213,213,213,213,213,213,213,213,213,
goal:213,213,213,213,213,213,213,213,213,213,213,213,213,213,213,213,213,213,213,213,213,213,213,213,213,213,213,213,213,213,213,213,213,213,213,213,213,213,213,213,213,213,213,213,213,213,213,
size:31
[agent] id:6
path:967,935,934,902,870,838,806,774,742,710,678,646,614,582,550,518,486,454,422,390,358,326,294,262,261,260,259,258,258,258,258,258,258,258,258,258,258,258,258,258,258,258,258,258,258,258,258,
goal:258,258,258,258,258,258,258,258,258,258,258,258,258,258,258,258,258,258,258,258,258,258,258,258,258,258,258,258,258,258,258,258,258,258,258,258,258,258,258,258,258,258,258,258,258,258,258,
size:27
[agent] id:7
path:619,618,617,616,584,552,520,519,487,486,454,422,390,358,326,294,262,261,260,259,258,257,225,193,193,193,193,193,193,193,193,193,193,193,193,193,193,193,193,193,193,193,193,193,193,193,193,
goal:193,193,193,193,193,193,193,193,193,193,193,193,193,193,193,193,193,193,193,193,193,193,193,193,193,193,193,193,193,193,193,193,193,193,193,193,193,193,193,193,193,193,193,193,193,193,193,
size:23
[agent] id:8
path:422,454,486,518,550,582,614,646,647,648,648,648,648,648,648,648,648,648,648,648,648,648,648,648,648,648,648,648,648,648,648,648,648,648,648,648,648,648,648,648,648,648,648,648,648,648,648,
goal:648,648,648,648,648,648,648,648,648,648,648,648,648,648,648,648,648,648,648,648,648,648,648,648,648,648,648,648,648,648,648,648,648,648,648,648,648,648,648,648,648,648,648,648,648,648,648,
size:9
[agent] id:9
path:270,302,303,304,336,368,400,432,464,465,497,529,561,593,592,591,623,655,687,686,718,750,750,750,750,750,750,750,750,750,750,750,750,750,750,750,750,750,750,750,750,750,750,750,750,750,750,
goal:750,750,750,750,750,750,750,750,750,750,750,750,750,750,750,750,750,750,750,750,750,750,750,750,750,750,750,750,750,750,750,750,750,750,750,750,750,750,750,750,750,750,750,750,750,750,750,
size:21
[agent] id:10
path:912,880,848,849,850,818,786,754,722,690,658,626,594,562,530,498,466,434,435,436,437,405,373,341,309,277,245,213,181,182,150,151,119,87,88,89,90,91,92,92,92,92,92,92,92,92,92,
goal:92,92,92,92,92,92,92,92,92,92,92,92,92,92,92,92,92,92,92,92,92,92,92,92,92,92,92,92,92,92,92,92,92,92,92,92,92,92,92,92,92,92,92,92,92,92,92,
size:38
[agent] id:11
path:193,225,257,258,259,227,228,196,197,165,133,101,69,37,38,39,40,41,42,42,42,42,42,42,42,42,42,42,42,42,42,42,42,42,42,42,42,42,42,42,42,42,42,42,42,42,42,
goal:42,42,42,42,42,42,42,42,42,42,42,42,42,42,42,42,42,42,42,42,42,42,42,42,42,42,42,42,42,42,42,42,42,42,42,42,42,42,42,42,42,42,42,42,42,42,42,
size:18
[agent] id:12
path:742,710,678,646,614,615,583,551,519,520,521,489,457,458,426,394,395,396,364,332,300,268,236,204,172,173,174,142,110,78,79,80,48,49,17,18,19,20,21,22,22,22,22,22,22,22,22,
goal:22,22,22,22,22,22,22,22,22,22,22,22,22,22,22,22,22,22,22,22,22,22,22,22,22,22,22,22,22,22,22,22,22,22,22,22,22,22,22,22,22,22,22,22,22,22,22,
size:39
[agent] id:13
path:855,887,886,885,884,883,915,914,946,945,944,943,942,941,940,939,938,937,936,935,967,999,998,997,997,997,997,997,997,997,997,997,997,997,997,997,997,997,997,997,997,997,997,997,997,997,997,
goal:997,997,997,997,997,997,997,997,997,997,997,997,997,997,997,997,997,997,997,997,997,997,997,997,997,997,997,997,997,997,997,997,997,997,997,997,997,997,997,997,997,997,997,997,997,997,997,
size:23
[agent] id:14
path:1000,999,967,935,936,904,872,840,808,776,744,712,680,681,649,650,651,619,620,621,589,590,558,526,527,528,529,497,465,433,434,435,436,437,405,373,341,309,310,311,279,247,247,247,247,247,247,
goal:247,247,247,247,247,247,247,247,247,247,247,247,247,247,247,247,247,247,247,247,247,247,247,247,247,247,247,247,247,247,247,247,247,247,247,247,247,247,247,247,247,247,247,247,247,247,247,
size:41
[agent] id:15
path:133,165,197,229,261,293,294,326,358,390,422,423,424,456,457,458,459,460,461,493,525,526,527,528,529,530,530,530,530,530,530,530,530,530,530,530,530,530,530,530,530,530,530,530,530,530,530,
goal:530,530,530,530,530,530,530,530,530,530,530,530,530,530,530,530,530,530,530,530,530,530,530,530,530,530,530,530,530,530,530,530,530,530,530,530,530,530,530,530,530,530,530,530,530,530,530,
size:25
[agent] id:16
path:110,142,143,144,176,177,178,210,211,212,213,181,182,183,184,185,186,186,186,186,186,186,186,186,186,186,186,186,186,186,186,186,186,186,186,186,186,186,186,186,186,186,186,186,186,186,186,
goal:186,186,186,186,186,186,186,186,186,186,186,186,186,186,186,186,186,186,186,186,186,186,186,186,186,186,186,186,186,186,186,186,186,186,186,186,186,186,186,186,186,186,186,186,186,186,186,
size:16
[agent] id:17
path:864,896,928,929,930,898,866,867,835,803,804,805,773,741,741,741,741,741,741,741,741,741,741,741,741,741,741,741,741,741,741,741,741,741,741,741,741,741,741,741,741,741,741,741,741,741,741,
goal:741,741,741,741,741,741,741,741,741,741,741,741,741,741,741,741,741,741,741,741,741,741,741,741,741,741,741,741,741,741,741,741,741,741,741,741,741,741,741,741,741,741,741,741,741,741,741,
size:13
[agent] id:18
path:402,434,466,498,530,562,594,594,593,592,591,623,655,687,686,718,750,782,814,846,878,877,909,941,973,972,971,970,969,969,969,969,969,969,969,969,969,969,969,969,969,969,969,969,969,969,969,
goal:969,969,969,969,969,969,969,969,969,969,969,969,969,969,969,969,969,969,969,969,969,969,969,969,969,969,969,969,969,969,969,969,969,969,969,969,969,969,969,969,969,969,969,969,969,969,969,
size:28
[agent] id:19
path:998,966,965,933,901,869,837,805,773,741,709,677,645,644,643,611,579,547,515,483,451,419,418,417,385,353,352,320,288,288,288,288,288,288,288,288,288,288,288,288,288,288,288,288,288,288,288,
goal:288,288,288,288,288,288,288,288,288,288,288,288,288,288,288,288,288,288,288,288,288,288,288,288,288,288,288,288,288,288,288,288,288,288,288,288,288,288,288,288,288,288,288,288,288,288,288,
size:28
[agent] id:20
path:914,882,850,818,786,754,722,690,658,626,594,562,530,498,466,434,402,401,369,369,369,369,369,369,369,369,369,369,369,369,369,369,369,369,369,369,369,369,369,369,369,369,369,369,369,369,369,
goal:369,369,369,369,369,369,369,369,369,369,369,369,369,369,369,369,369,369,369,369,369,369,369,369,369,369,369,369,369,369,369,369,369,369,369,369,369,369,369,369,369,369,369,369,369,369,369,
size:18
[agent] id:21
path:345,377,376,408,407,439,438,470,469,501,533,565,597,629,661,693,692,691,690,689,688,687,686,718,717,749,781,782,782,782,782,782,782,782,782,782,782,782,782,782,782,782,782,782,782,782,782,
goal:782,782,782,782,782,782,782,782,782,782,782,782,782,782,782,782,782,782,782,782,782,782,782,782,782,782,782,782,782,782,782,782,782,782,782,782,782,782,782,782,782,782,782,782,782,782,782,
size:27
[agent] id:22
path:257,258,290,322,354,355,356,357,389,421,453,485,517,518,519,551,583,615,647,679,711,743,775,807,839,871,872,904,936,937,938,970,971,971,971,971,971,971,971,971,971,971,971,971,971,971,971,
goal:971,971,971,971,971,971,971,971,971,971,971,971,971,971,971,971,971,971,971,971,971,971,971,971,971,971,971,971,971,971,971,971,971,971,971,971,971,971,971,971,971,971,971,971,971,971,971,
size:32
[agent] id:23
path:407,408,409,441,473,472,504,536,535,567,599,631,663,695,727,759,791,823,824,825,825,825,825,825,825,825,825,825,825,825,825,825,825,825,825,825,825,825,825,825,825,825,825,825,825,825,825,
goal:825,825,825,825,825,825,825,825,825,825,825,825,825,825,825,825,825,825,825,825,825,825,825,825,825,825,825,825,825,825,825,825,825,825,825,825,825,825,825,825,825,825,825,825,825,825,825,
size:19
[agent] id:24
path:565,533,501,469,437,405,373,341,309,308,307,306,274,242,241,240,239,207,206,174,173,172,140,139,138,137,136,135,135,135,135,135,135,135,135,135,135,135,135,135,135,135,135,135,135,135,135,
goal:135,135,135,135,135,135,135,135,135,135,135,135,135,135,135,135,135,135,135,135,135,135,135,135,135,135,135,135,135,135,135,135,135,135,135,135,135,135,135,135,135,135,135,135,135,135,135,
size:27
[agent] id:25
path:212,211,243,242,274,306,305,337,369,401,433,465,497,529,561,560,559,558,557,556,555,554,553,552,551,550,549,548,547,579,579,579,579,579,579,579,579,579,579,579,579,579,579,579,579,579,579,
goal:579,579,579,579,579,579,579,579,579,579,579,579,579,579,579,579,579,579,579,579,579,579,579,579,579,579,579,579,579,579,579,579,579,579,579,579,579,579,579,579,579,579,579,579,579,579,579,
size:29
[agent] id:26
path:87,119,151,183,215,247,279,311,310,342,374,406,438,470,469,501,533,565,597,629,661,693,725,757,758,759,791,823,855,887,919,918,950,949,949,949,949,949,949,949,949,949,949,949,949,949,949,
goal:949,949,949,949,949,949,949,949,949,949,949,949,949,949,949,949,949,949,949,949,949,949,949,949,949,949,949,949,949,949,949,949,949,949,949,949,949,949,949,949,949,949,949,949,949,949,949,
size:33
[agent] id:27
path:94,126,158,190,189,188,187,219,218,217,216,215,247,279,311,310,342,374,406,438,470,469,501,533,565,597,629,661,693,692,691,690,689,688,687,686,718,717,716,715,714,713,745,744,776,808,809,
goal:809,809,809,809,809,809,809,809,809,809,809,809,809,809,809,809,809,809,809,809,809,809,809,809,809,809,809,809,809,809,809,809,809,809,809,809,809,809,809,809,809,809,809,809,809,809,809,
size:46
[agent] id:28
path:786,754,722,690,689,688,687,686,718,717,716,715,747,779,779,779,779,779,779,779,779,779,779,779,779,779,779,779,779,779,779,779,779,779,779,779,779,779,779,779,779,779,779,779,779,779,779,
goal:779,779,779,779,779,779,779,779,779,779,779,779,779,779,779,779,779,779,779,779,779,779,779,779,779,779,779,779,779,779,779,779,779,779,779,779,779,779,779,779,779,779,779,779,779,779,779,
size:13
[agent] id:29
path:999,967,935,936,904,872,840,841,842,843,844,845,846,847,848,849,850,818,786,754,722,723,724,725,726,727,695,696,697,698,699,667,668,669,669,669,669,669,669,669,669,669,669,669,669,669,669,
goal:669,669,669,669,669,669,669,669,669,669,669,669,669,669,669,669,669,669,669,669,669,669,669,669,669,669,669,669,669,669,669,669,669,669,669,669,669,669,669,669,669,669,669,669,669,669,669,
size:33
SolutionCost:757
