[setting] seed:4858
[solver] type:SASB-ECBS
[solver] w:2.000000
[solver] ID:0
[solver] Lowlevelnode:3992
[solver] Highlevelnode:15
[solver] ConflictCount:8
[solver] solved:1
[solver] elapsed:38
[solver] makespan:46
[problem] timesteplimit:15000
[problem] type:MAPF
[problem] agentnum:30
[graph] width:32
[graph] height:32
[graph] filename:./map/32by32_agents10_ex30.map
[task] id:26,start:0,end:0,service time:0,nodes:84,
[task] id:19,start:0,end:0,service time:0,nodes:594,
[task] id:6,start:0,end:0,service time:0,nodes:610,
[task] id:9,start:0,end:0,service time:0,nodes:804,
[task] id:20,start:0,end:0,service time:0,nodes:413,
[task] id:23,start:0,end:0,service time:0,nodes:375,
[task] id:13,start:0,end:0,service time:0,nodes:821,
[task] id:29,start:0,end:0,service time:0,nodes:410,
[task] id:4,start:0,end:0,service time:0,nodes:464,
[task] id:10,start:0,end:0,service time:0,nodes:617,
[task] id:21,start:0,end:0,service time:0,nodes:545,
[task] id:27,start:0,end:0,service time:0,nodes:668,
[task] id:3,start:0,end:0,service time:0,nodes:564,
[task] id:16,start:0,end:0,service time:0,nodes:122,
[task] id:30,start:0,end:0,service time:0,nodes:594,
[task] id:1,start:0,end:0,service time:0,nodes:628,
[task] id:5,start:0,end:0,service time:0,nodes:392,
[task] id:8,start:0,end:0,service time:0,nodes:626,
[task] id:12,start:0,end:0,service time:0,nodes:854,
[task] id:11,start:0,end:0,service time:0,nodes:733,
[task] id:0,start:0,end:0,service time:0,nodes:390,
[task] id:25,start:0,end:0,service time:0,nodes:416,
[task] id:18,start:0,end:0,service time:0,nodes:723,
[task] id:15,start:0,end:0,service time:0,nodes:758,
[task] id:2,start:0,end:0,service time:0,nodes:151,
[task] id:24,start:0,end:0,service time:0,nodes:944,
[task] id:17,start:0,end:0,service time:0,nodes:637,
[task] id:22,start:0,end:0,service time:0,nodes:950,
[task] id:14,start:0,end:0,service time:0,nodes:417,
[task] id:7,start:0,end:0,service time:0,nodes:36,
[task] id:28,start:0,end:0,service time:0,nodes:906,
[agent] id:0
path:967,935,934,902,870,838,806,774,742,710,678,646,614,582,550,518,486,454,422,390,390,390,390,390,390,390,390,390,390,390,390,390,390,390,390,390,390,390,390,390,390,390,390,390,390,390,390,
goal:390,390,390,390,390,390,390,390,390,390,390,390,390,390,390,390,390,390,390,390,390,390,390,390,390,390,390,390,390,390,390,390,390,390,390,390,390,390,390,390,390,390,390,390,390,390,390,
size:19
[agent] id:1
path:550,551,552,553,554,555,556,557,589,590,591,592,593,594,626,627,628,628,628,628,628,628,628,628,628,628,628,628,628,628,628,628,628,628,628,628,628,628,628,628,628,628,628,628,628,628,628,
goal:628,628,628,628,628,628,628,628,628,628,628,628,628,628,628,628,628,628,628,628,628,628,628,628,628,628,628,628,628,628,628,628,628,628,628,628,628,628,628,628,628,628,628,628,628,628,628,
size:16
[agent] id:2
path:685,653,621,589,557,525,526,527,528,529,497,465,433,401,369,337,305,273,241,209,210,211,212,213,181,182,150,151,151,151,151,151,151,151,151,151,151,151,151,151,151,151,151,151,151,151,151,
goal:151,151,151,151,151,151,151,151,151,151,151,151,151,151,151,151,151,151,151,151,151,151,151,151,151,151,151,151,151,151,151,151,151,151,151,151,151,151,151,151,151,151,151,151,151,151,151,
size:27
[agent] id:3
path:858,857,825,793,792,760,728,696,664,632,600,599,567,566,565,564,564,564,564,564,564,564,564,564,564,564,564,564,564,564,564,564,564,564,564,564,564,564,564,564,564,564,564,564,564,564,564,
goal:564,564,564,564,564,564,564,564,564,564,564,564,564,564,564,564,564,564,564,564,564,564,564,564,564,564,564,564,564,564,564,564,564,564,564,564,564,564,564,564,564,564,564,564,564,564,564,
size:15
[agent] id:4
path:171,203,235,236,268,300,301,302,334,366,367,399,431,463,464,464,464,464,464,464,464,464,464,464,464,464,464,464,464,464,464,464,464,464,464,464,464,464,464,464,464,464,464,464,464,464,464,
goal:464,464,464,464,464,464,464,464,464,464,464,464,464,464,464,464,464,464,464,464,464,464,464,464,464,464,464,464,464,464,464,464,464,464,464,464,464,464,464,464,464,464,464,464,464,464,464,
size:14
[agent] id:5
path:8,40,72,104,136,168,200,199,231,263,262,294,326,358,390,391,392,392,392,392,392,392,392,392,392,392,392,392,392,392,392,392,392,392,392,392,392,392,392,392,392,392,392,392,392,392,392,
goal:392,392,392,392,392,392,392,392,392,392,392,392,392,392,392,392,392,392,392,392,392,392,392,392,392,392,392,392,392,392,392,392,392,392,392,392,392,392,392,392,392,392,392,392,392,392,392,
size:16
[agent] id:6
path:482,514,513,545,577,609,610,610,610,610,610,610,610,610,610,610,610,610,610,610,610,610,610,610,610,610,610,610,610,610,610,610,610,610,610,610,610,610,610,610,610,610,610,610,610,610,610,
goal:610,610,610,610,610,610,610,610,610,610,610,610,610,610,610,610,610,610,610,610,610,610,610,610,610,610,610,610,610,610,610,610,610,610,610,610,610,610,610,610,610,610,610,610,610,610,610,
size:6
[agent] id:7
path:915,883,851,819,818,786,754,722,690,658,626,594,562,530,498,466,434,402,401,369,337,305,273,241,240,239,207,206,174,173,172,140,139,107,75,74,42,41,40,39,38,37,36,36,36,36,36,
goal:36,36,36,36,36,36,36,36,36,36,36,36,36,36,36,36,36,36,36,36,36,36,36,36,36,36,36,36,36,36,36,36,36,36,36,36,36,36,36,36,36,36,36,36,36,36,36,
size:42
[agent] id:8
path:1005,973,941,909,877,845,846,814,782,750,718,686,654,655,656,657,658,626,626,626,626,626,626,626,626,626,626,626,626,626,626,626,626,626,626,626,626,626,626,626,626,626,626,626,626,626,626,
goal:626,626,626,626,626,626,626,626,626,626,626,626,626,626,626,626,626,626,626,626,626,626,626,626,626,626,626,626,626,626,626,626,626,626,626,626,626,626,626,626,626,626,626,626,626,626,626,
size:17
[agent] id:9
path:962,930,898,866,867,835,803,804,804,804,804,804,804,804,804,804,804,804,804,804,804,804,804,804,804,804,804,804,804,804,804,804,804,804,804,804,804,804,804,804,804,804,804,804,804,804,804,
goal:804,804,804,804,804,804,804,804,804,804,804,804,804,804,804,804,804,804,804,804,804,804,804,804,804,804,804,804,804,804,804,804,804,804,804,804,804,804,804,804,804,804,804,804,804,804,804,
size:7
[agent] id:10
path:332,364,396,428,460,459,458,490,522,554,553,552,584,616,617,617,617,617,617,617,617,617,617,617,617,617,617,617,617,617,617,617,617,617,617,617,617,617,617,617,617,617,617,617,617,617,617,
goal:617,617,617,617,617,617,617,617,617,617,617,617,617,617,617,617,617,617,617,617,617,617,617,617,617,617,617,617,617,617,617,617,617,617,617,617,617,617,617,617,617,617,617,617,617,617,617,
size:14
[agent] id:11
path:529,561,562,563,564,596,628,660,661,662,663,695,696,697,698,699,700,701,733,733,733,733,733,733,733,733,733,733,733,733,733,733,733,733,733,733,733,733,733,733,733,733,733,733,733,733,733,
goal:733,733,733,733,733,733,733,733,733,733,733,733,733,733,733,733,733,733,733,733,733,733,733,733,733,733,733,733,733,733,733,733,733,733,733,733,733,733,733,733,733,733,733,733,733,733,733,
size:18
[agent] id:12
path:969,937,938,906,874,842,843,844,845,846,847,848,849,850,851,852,853,854,854,854,854,854,854,854,854,854,854,854,854,854,854,854,854,854,854,854,854,854,854,854,854,854,854,854,854,854,854,
goal:854,854,854,854,854,854,854,854,854,854,854,854,854,854,854,854,854,854,854,854,854,854,854,854,854,854,854,854,854,854,854,854,854,854,854,854,854,854,854,854,854,854,854,854,854,854,854,
size:17
[agent] id:13
path:941,909,877,845,846,847,848,849,850,851,852,853,821,821,821,821,821,821,821,821,821,821,821,821,821,821,821,821,821,821,821,821,821,821,821,821,821,821,821,821,821,821,821,821,821,821,821,
goal:821,821,821,821,821,821,821,821,821,821,821,821,821,821,821,821,821,821,821,821,821,821,821,821,821,821,821,821,821,821,821,821,821,821,821,821,821,821,821,821,821,821,821,821,821,821,821,
size:12
[agent] id:14
path:215,247,279,311,310,309,308,307,306,305,304,303,302,301,300,332,364,396,395,394,426,458,457,456,424,423,422,421,420,419,418,417,417,417,417,417,417,417,417,417,417,417,417,417,417,417,417,
goal:417,417,417,417,417,417,417,417,417,417,417,417,417,417,417,417,417,417,417,417,417,417,417,417,417,417,417,417,417,417,417,417,417,417,417,417,417,417,417,417,417,417,417,417,417,417,417,
size:31
[agent] id:15
path:486,518,550,582,614,646,647,648,649,650,651,652,653,685,686,687,688,720,721,722,723,724,725,757,758,758,758,758,758,758,758,758,758,758,758,758,758,758,758,758,758,758,758,758,758,758,758,
goal:758,758,758,758,758,758,758,758,758,758,758,758,758,758,758,758,758,758,758,758,758,758,758,758,758,758,758,758,758,758,758,758,758,758,758,758,758,758,758,758,758,758,758,758,758,758,758,
size:24
[agent] id:16
path:144,112,80,48,49,50,51,52,53,54,86,87,119,120,121,122,122,122,122,122,122,122,122,122,122,122,122,122,122,122,122,122,122,122,122,122,122,122,122,122,122,122,122,122,122,122,122,
goal:122,122,122,122,122,122,122,122,122,122,122,122,122,122,122,122,122,122,122,122,122,122,122,122,122,122,122,122,122,122,122,122,122,122,122,122,122,122,122,122,122,122,122,122,122,122,122,
size:15
[agent] id:17
path:27,26,58,90,122,121,153,185,217,216,248,280,312,344,376,408,409,441,473,472,504,536,537,569,570,602,634,635,636,637,637,637,637,637,637,637,637,637,637,637,637,637,637,637,637,637,637,
goal:637,637,637,637,637,637,637,637,637,637,637,637,637,637,637,637,637,637,637,637,637,637,637,637,637,637,637,637,637,637,637,637,637,637,637,637,637,637,637,637,637,637,637,637,637,637,637,
size:29
[agent] id:18
path:185,217,216,248,280,312,344,376,375,374,406,438,470,469,501,533,565,597,629,661,693,692,691,723,723,723,723,723,723,723,723,723,723,723,723,723,723,723,723,723,723,723,723,723,723,723,723,
goal:723,723,723,723,723,723,723,723,723,723,723,723,723,723,723,723,723,723,723,723,723,723,723,723,723,723,723,723,723,723,723,723,723,723,723,723,723,723,723,723,723,723,723,723,723,723,723,
size:23
[agent] id:19
path:723,691,659,627,626,594,594,594,594,594,594,562,561,562,562,594,594,594,594,594,594,594,594,594,594,594,594,594,594,594,594,594,594,594,594,594,594,594,594,594,594,594,594,594,594,594,594,
goal:594,594,594,594,594,594,594,594,594,594,594,594,594,594,594,594,594,594,594,594,594,594,594,594,594,594,594,594,594,594,594,594,594,594,594,594,594,594,594,594,594,594,594,594,594,594,594,
size:15
[agent] id:20
path:281,313,345,377,378,379,380,412,413,413,413,413,413,413,413,413,413,413,413,413,413,413,413,413,413,413,413,413,413,413,413,413,413,413,413,413,413,413,413,413,413,413,413,413,413,413,413,
goal:413,413,413,413,413,413,413,413,413,413,413,413,413,413,413,413,413,413,413,413,413,413,413,413,413,413,413,413,413,413,413,413,413,413,413,413,413,413,413,413,413,413,413,413,413,413,413,
size:8
[agent] id:21
path:683,651,619,618,617,616,615,614,613,612,611,579,578,577,545,545,545,545,545,545,545,545,545,545,545,545,545,545,545,545,545,545,545,545,545,545,545,545,545,545,545,545,545,545,545,545,545,
goal:545,545,545,545,545,545,545,545,545,545,545,545,545,545,545,545,545,545,545,545,545,545,545,545,545,545,545,545,545,545,545,545,545,545,545,545,545,545,545,545,545,545,545,545,545,545,545,
size:14
[agent] id:22
path:641,673,705,737,738,770,802,803,835,836,837,838,839,840,841,842,874,875,876,877,878,879,880,881,882,883,884,885,886,918,950,950,950,950,950,950,950,950,950,950,950,950,950,950,950,950,950,
goal:950,950,950,950,950,950,950,950,950,950,950,950,950,950,950,950,950,950,950,950,950,950,950,950,950,950,950,950,950,950,950,950,950,950,950,950,950,950,950,950,950,950,950,950,950,950,950,
size:30
[agent] id:23
path:286,318,317,349,348,347,379,378,377,376,375,375,375,375,375,375,375,375,375,375,375,375,375,375,375,375,375,375,375,375,375,375,375,375,375,375,375,375,375,375,375,375,375,375,375,375,375,
goal:375,375,375,375,375,375,375,375,375,375,375,375,375,375,375,375,375,375,375,375,375,375,375,375,375,375,375,375,375,375,375,375,375,375,375,375,375,375,375,375,375,375,375,375,375,375,375,
size:10
[agent] id:24
path:542,574,606,605,637,669,701,733,765,797,796,795,794,793,825,824,823,855,887,886,885,884,883,915,914,946,945,944,944,944,944,944,944,944,944,944,944,944,944,944,944,944,944,944,944,944,944,
goal:944,944,944,944,944,944,944,944,944,944,944,944,944,944,944,944,944,944,944,944,944,944,944,944,944,944,944,944,944,944,944,944,944,944,944,944,944,944,944,944,944,944,944,944,944,944,944,
size:27
[agent] id:25
path:235,234,233,201,200,199,231,263,262,294,326,358,390,422,421,420,419,418,417,416,416,416,416,416,416,416,416,416,416,416,416,416,416,416,416,416,416,416,416,416,416,416,416,416,416,416,416,
goal:416,416,416,416,416,416,416,416,416,416,416,416,416,416,416,416,416,416,416,416,416,416,416,416,416,416,416,416,416,416,416,416,416,416,416,416,416,416,416,416,416,416,416,416,416,416,416,
size:19
[agent] id:26
path:82,83,84,84,84,84,84,84,84,84,84,84,84,84,84,84,84,84,84,84,84,84,84,84,84,84,84,84,84,84,84,84,84,84,84,84,84,84,84,84,84,84,84,84,84,84,84,
goal:84,84,84,84,84,84,84,84,84,84,84,84,84,84,84,84,84,84,84,84,84,84,84,84,84,84,84,84,84,84,84,84,84,84,84,84,84,84,84,84,84,84,84,84,84,84,84,
size:2
[agent] id:27
path:377,409,441,473,472,504,536,537,569,570,602,634,635,667,668,668,668,668,668,668,668,668,668,668,668,668,668,668,668,668,668,668,668,668,668,668,668,668,668,668,668,668,668,668,668,668,668,
goal:668,668,668,668,668,668,668,668,668,668,668,668,668,668,668,668,668,668,668,668,668,668,668,668,668,668,668,668,668,668,668,668,668,668,668,668,668,668,668,668,668,668,668,668,668,668,668,
size:14
[agent] id:28
path:28,60,92,91,123,155,187,219,218,217,216,248,280,312,344,376,408,407,439,438,470,469,501,533,565,597,629,661,693,692,691,690,722,754,786,818,850,882,881,880,879,878,877,909,908,907,906,
goal:906,906,906,906,906,906,906,906,906,906,906,906,906,906,906,906,906,906,906,906,906,906,906,906,906,906,906,906,906,906,906,906,906,906,906,906,906,906,906,906,906,906,906,906,906,906,906,
size:46
[agent] id:29
path:596,564,565,533,501,469,437,405,406,407,408,409,410,410,410,410,410,410,410,410,410,410,410,410,410,410,410,410,410,410,410,410,410,410,410,410,410,410,410,410,410,410,410,410,410,410,410,
goal:410,410,410,410,410,410,410,410,410,410,410,410,410,410,410,410,410,410,410,410,410,410,410,410,410,410,410,410,410,410,410,410,410,410,410,410,410,410,410,410,410,410,410,410,410,410,410,
size:12
SolutionCost:559
