[setting] seed:948
[solver] type:SASB-ECBS
[solver] w:2.000000
[solver] ID:0
[solver] Lowlevelnode:10790
[solver] Highlevelnode:27
[solver] ConflictCount:14
[solver] solved:1
[solver] elapsed:68
[solver] makespan:53
[problem] timesteplimit:15000
[problem] type:MAPF
[problem] agentnum:30
[graph] width:32
[graph] height:32
[graph] filename:./map/32by32_agents10_ex30.map
[task] id:16,start:0,end:0,service time:0,nodes:433,
[task] id:28,start:0,end:0,service time:0,nodes:527,
[task] id:24,start:0,end:0,service time:0,nodes:716,
[task] id:29,start:0,end:0,service time:0,nodes:261,
[task] id:18,start:0,end:0,service time:0,nodes:460,
[task] id:5,start:0,end:0,service time:0,nodes:342,
[task] id:3,start:0,end:0,service time:0,nodes:38,
[task] id:15,start:0,end:0,service time:0,nodes:768,
[task] id:2,start:0,end:0,service time:0,nodes:500,
[task] id:26,start:0,end:0,service time:0,nodes:305,
[task] id:0,start:0,end:0,service time:0,nodes:853,
[task] id:19,start:0,end:0,service time:0,nodes:673,
[task] id:10,start:0,end:0,service time:0,nodes:435,
[task] id:12,start:0,end:0,service time:0,nodes:561,
[task] id:27,start:0,end:0,service time:0,nodes:494,
[task] id:13,start:0,end:0,service time:0,nodes:470,
[task] id:7,start:0,end:0,service time:0,nodes:944,
[task] id:21,start:0,end:0,service time:0,nodes:680,
[task] id:22,start:0,end:0,service time:0,nodes:459,
[task] id:8,start:0,end:0,service time:0,nodes:683,
[task] id:17,start:0,end:0,service time:0,nodes:809,
[task] id:11,start:0,end:0,service time:0,nodes:443,
[task] id:14,start:0,end:0,service time:0,nodes:103,
[task] id:25,start:0,end:0,service time:0,nodes:372,
[task] id:1,start:0,end:0,service time:0,nodes:63,
[task] id:20,start:0,end:0,service time:0,nodes:698,
[task] id:9,start:0,end:0,service time:0,nodes:210,
[task] id:23,start:0,end:0,service time:0,nodes:925,
[task] id:6,start:0,end:0,service time:0,nodes:256,
[task] id:4,start:0,end:0,service time:0,nodes:831,
[agent] id:0
path:575,607,639,671,703,735,734,766,798,797,796,795,794,793,825,824,823,855,854,853,853,853,853,853,853,853,853,853,853,853,853,853,853,853,853,853,853,853,853,853,853,853,853,853,853,853,853,853,853,853,853,853,853,853,
goal:853,853,853,853,853,853,853,853,853,853,853,853,853,853,853,853,853,853,853,853,853,853,853,853,853,853,853,853,853,853,853,853,853,853,853,853,853,853,853,853,853,853,853,853,853,853,853,853,853,853,853,853,853,853,
size:19
[agent] id:1
path:104,72,40,41,42,10,11,12,44,45,77,78,79,80,48,49,50,51,52,53,54,55,56,57,58,26,27,28,60,61,62,63,63,63,63,63,63,63,63,63,63,63,63,63,63,63,63,63,63,63,63,63,63,63,
goal:63,63,63,63,63,63,63,63,63,63,63,63,63,63,63,63,63,63,63,63,63,63,63,63,63,63,63,63,63,63,63,63,63,63,63,63,63,63,63,63,63,63,63,63,63,63,63,63,63,63,63,63,63,63,
size:31
[agent] id:2
path:734,702,670,669,637,605,604,603,571,539,538,537,536,535,534,533,501,500,500,500,500,500,500,500,500,500,500,500,500,500,500,500,500,500,500,500,500,500,500,500,500,500,500,500,500,500,500,500,500,500,500,500,500,500,
goal:500,500,500,500,500,500,500,500,500,500,500,500,500,500,500,500,500,500,500,500,500,500,500,500,500,500,500,500,500,500,500,500,500,500,500,500,500,500,500,500,500,500,500,500,500,500,500,500,500,500,500,500,500,500,
size:17
[agent] id:3
path:144,112,80,79,78,77,45,13,12,11,10,42,41,40,39,38,38,38,38,38,38,38,38,38,38,38,38,38,38,38,38,38,38,38,38,38,38,38,38,38,38,38,38,38,38,38,38,38,38,38,38,38,38,38,
goal:38,38,38,38,38,38,38,38,38,38,38,38,38,38,38,38,38,38,38,38,38,38,38,38,38,38,38,38,38,38,38,38,38,38,38,38,38,38,38,38,38,38,38,38,38,38,38,38,38,38,38,38,38,38,
size:15
[agent] id:4
path:65,66,67,68,69,101,133,165,197,229,261,293,294,326,358,390,422,454,486,518,550,582,614,646,647,648,649,650,651,652,653,685,686,687,688,720,721,722,723,724,725,757,758,759,791,792,793,794,795,796,797,798,830,831,
goal:831,831,831,831,831,831,831,831,831,831,831,831,831,831,831,831,831,831,831,831,831,831,831,831,831,831,831,831,831,831,831,831,831,831,831,831,831,831,831,831,831,831,831,831,831,831,831,831,831,831,831,831,831,831,
size:53
[agent] id:5
path:726,725,693,661,629,597,565,533,501,469,437,405,373,341,342,342,342,342,342,342,342,342,342,342,342,342,342,342,342,342,342,342,342,342,342,342,342,342,342,342,342,342,342,342,342,342,342,342,342,342,342,342,342,342,
goal:342,342,342,342,342,342,342,342,342,342,342,342,342,342,342,342,342,342,342,342,342,342,342,342,342,342,342,342,342,342,342,342,342,342,342,342,342,342,342,342,342,342,342,342,342,342,342,342,342,342,342,342,342,342,
size:14
[agent] id:6
path:921,920,888,887,855,823,791,759,727,695,663,631,630,629,628,627,626,594,593,592,560,559,558,526,525,493,461,429,397,396,395,394,393,392,391,359,358,326,294,293,292,260,259,258,257,256,256,256,256,256,256,256,256,256,
goal:256,256,256,256,256,256,256,256,256,256,256,256,256,256,256,256,256,256,256,256,256,256,256,256,256,256,256,256,256,256,256,256,256,256,256,256,256,256,256,256,256,256,256,256,256,256,256,256,256,256,256,256,256,256,
size:45
[agent] id:7
path:540,539,571,603,635,667,699,731,730,762,794,793,825,824,823,855,887,886,885,884,883,915,914,946,945,944,944,944,944,944,944,944,944,944,944,944,944,944,944,944,944,944,944,944,944,944,944,944,944,944,944,944,944,944,
goal:944,944,944,944,944,944,944,944,944,944,944,944,944,944,944,944,944,944,944,944,944,944,944,944,944,944,944,944,944,944,944,944,944,944,944,944,944,944,944,944,944,944,944,944,944,944,944,944,944,944,944,944,944,944,
size:25
[agent] id:8
path:13,45,77,78,110,142,174,206,205,204,236,268,300,332,364,396,428,429,461,493,525,557,589,621,653,652,651,683,683,683,683,683,683,683,683,683,683,683,683,683,683,683,683,683,683,683,683,683,683,683,683,683,683,683,
goal:683,683,683,683,683,683,683,683,683,683,683,683,683,683,683,683,683,683,683,683,683,683,683,683,683,683,683,683,683,683,683,683,683,683,683,683,683,683,683,683,683,683,683,683,683,683,683,683,683,683,683,683,683,683,
size:27
[agent] id:9
path:809,810,778,779,747,715,683,651,619,620,621,589,557,558,559,560,528,529,497,465,464,432,400,368,336,304,303,271,239,240,241,209,210,210,210,210,210,210,210,210,210,210,210,210,210,210,210,210,210,210,210,210,210,210,
goal:210,210,210,210,210,210,210,210,210,210,210,210,210,210,210,210,210,210,210,210,210,210,210,210,210,210,210,210,210,210,210,210,210,210,210,210,210,210,210,210,210,210,210,210,210,210,210,210,210,210,210,210,210,210,
size:32
[agent] id:10
path:167,199,200,201,233,234,235,236,268,300,301,302,334,366,367,399,400,401,402,434,435,435,435,435,435,435,435,435,435,435,435,435,435,435,435,435,435,435,435,435,435,435,435,435,435,435,435,435,435,435,435,435,435,435,
goal:435,435,435,435,435,435,435,435,435,435,435,435,435,435,435,435,435,435,435,435,435,435,435,435,435,435,435,435,435,435,435,435,435,435,435,435,435,435,435,435,435,435,435,435,435,435,435,435,435,435,435,435,435,435,
size:20
[agent] id:11
path:679,647,615,616,584,552,553,554,555,556,557,558,559,560,561,562,563,531,499,467,468,436,437,405,406,407,408,409,441,442,443,443,443,443,443,443,443,443,443,443,443,443,443,443,443,443,443,443,443,443,443,443,443,443,
goal:443,443,443,443,443,443,443,443,443,443,443,443,443,443,443,443,443,443,443,443,443,443,443,443,443,443,443,443,443,443,443,443,443,443,443,443,443,443,443,443,443,443,443,443,443,443,443,443,443,443,443,443,443,443,
size:30
[agent] id:12
path:739,707,708,676,644,612,613,614,582,550,551,552,553,554,555,556,557,558,559,560,561,561,561,561,561,561,561,561,561,561,561,561,561,561,561,561,561,561,561,561,561,561,561,561,561,561,561,561,561,561,561,561,561,561,
goal:561,561,561,561,561,561,561,561,561,561,561,561,561,561,561,561,561,561,561,561,561,561,561,561,561,561,561,561,561,561,561,561,561,561,561,561,561,561,561,561,561,561,561,561,561,561,561,561,561,561,561,561,561,561,
size:20
[agent] id:13
path:199,200,201,233,234,235,236,268,300,301,302,334,366,367,399,431,463,464,465,466,467,468,469,470,470,470,470,470,470,470,470,470,470,470,470,470,470,470,470,470,470,470,470,470,470,470,470,470,470,470,470,470,470,470,
goal:470,470,470,470,470,470,470,470,470,470,470,470,470,470,470,470,470,470,470,470,470,470,470,470,470,470,470,470,470,470,470,470,470,470,470,470,470,470,470,470,470,470,470,470,470,470,470,470,470,470,470,470,470,470,
size:23
[agent] id:14
path:691,659,627,626,594,562,530,498,466,434,402,401,369,337,305,273,241,240,239,207,206,174,173,172,140,139,107,106,105,104,103,103,103,103,103,103,103,103,103,103,103,103,103,103,103,103,103,103,103,103,103,103,103,103,
goal:103,103,103,103,103,103,103,103,103,103,103,103,103,103,103,103,103,103,103,103,103,103,103,103,103,103,103,103,103,103,103,103,103,103,103,103,103,103,103,103,103,103,103,103,103,103,103,103,103,103,103,103,103,103,
size:30
[agent] id:15
path:519,551,583,615,647,679,711,710,709,708,707,739,738,737,736,768,768,768,768,768,768,768,768,768,768,768,768,768,768,768,768,768,768,768,768,768,768,768,768,768,768,768,768,768,768,768,768,768,768,768,768,768,768,768,
goal:768,768,768,768,768,768,768,768,768,768,768,768,768,768,768,768,768,768,768,768,768,768,768,768,768,768,768,768,768,768,768,768,768,768,768,768,768,768,768,768,768,768,768,768,768,768,768,768,768,768,768,768,768,768,
size:15
[agent] id:16
path:530,498,466,434,433,433,433,433,433,433,433,433,433,433,433,433,433,433,433,433,433,433,433,433,433,433,433,433,433,433,433,433,433,433,433,433,433,433,433,433,433,433,433,433,433,433,433,433,433,433,433,433,433,433,
goal:433,433,433,433,433,433,433,433,433,433,433,433,433,433,433,433,433,433,433,433,433,433,433,433,433,433,433,433,433,433,433,433,433,433,433,433,433,433,433,433,433,433,433,433,433,433,433,433,433,433,433,433,433,433,
size:4
[agent] id:17
path:538,570,602,634,633,632,664,663,662,661,693,692,691,690,689,688,687,686,718,750,782,814,846,845,844,812,811,810,809,809,809,809,809,809,809,809,809,809,809,809,809,809,809,809,809,809,809,809,809,809,809,809,809,809,
goal:809,809,809,809,809,809,809,809,809,809,809,809,809,809,809,809,809,809,809,809,809,809,809,809,809,809,809,809,809,809,809,809,809,809,809,809,809,809,809,809,809,809,809,809,809,809,809,809,809,809,809,809,809,809,
size:28
[agent] id:18
path:416,417,418,419,420,421,422,423,424,456,457,458,459,460,460,460,460,460,460,460,460,460,460,460,460,460,460,460,460,460,460,460,460,460,460,460,460,460,460,460,460,460,460,460,460,460,460,460,460,460,460,460,460,460,
goal:460,460,460,460,460,460,460,460,460,460,460,460,460,460,460,460,460,460,460,460,460,460,460,460,460,460,460,460,460,460,460,460,460,460,460,460,460,460,460,460,460,460,460,460,460,460,460,460,460,460,460,460,460,460,
size:13
[agent] id:19
path:752,720,688,687,686,685,653,652,651,650,649,648,647,646,645,644,643,642,641,673,673,673,673,673,673,673,673,673,673,673,673,673,673,673,673,673,673,673,673,673,673,673,673,673,673,673,673,673,673,673,673,673,673,673,
goal:673,673,673,673,673,673,673,673,673,673,673,673,673,673,673,673,673,673,673,673,673,673,673,673,673,673,673,673,673,673,673,673,673,673,673,673,673,673,673,673,673,673,673,673,673,673,673,673,673,673,673,673,673,673,
size:19
[agent] id:20
path:202,234,235,236,268,300,332,364,396,428,460,461,493,525,557,589,621,653,654,655,656,657,658,659,660,661,662,663,695,696,697,698,698,698,698,698,698,698,698,698,698,698,698,698,698,698,698,698,698,698,698,698,698,698,
goal:698,698,698,698,698,698,698,698,698,698,698,698,698,698,698,698,698,698,698,698,698,698,698,698,698,698,698,698,698,698,698,698,698,698,698,698,698,698,698,698,698,698,698,698,698,698,698,698,698,698,698,698,698,698,
size:31
[agent] id:21
path:1015,983,982,950,918,886,885,884,883,882,881,880,879,878,877,845,844,812,811,810,809,808,776,744,712,680,680,680,680,680,680,680,680,680,680,680,680,680,680,680,680,680,680,680,680,680,680,680,680,680,680,680,680,680,
goal:680,680,680,680,680,680,680,680,680,680,680,680,680,680,680,680,680,680,680,680,680,680,680,680,680,680,680,680,680,680,680,680,680,680,680,680,680,680,680,680,680,680,680,680,680,680,680,680,680,680,680,680,680,680,
size:25
[agent] id:22
path:56,88,120,152,184,216,248,280,312,311,310,309,308,307,306,305,304,303,302,301,300,332,364,396,428,427,459,459,459,459,459,459,459,459,459,459,459,459,459,459,459,459,459,459,459,459,459,459,459,459,459,459,459,459,
goal:459,459,459,459,459,459,459,459,459,459,459,459,459,459,459,459,459,459,459,459,459,459,459,459,459,459,459,459,459,459,459,459,459,459,459,459,459,459,459,459,459,459,459,459,459,459,459,459,459,459,459,459,459,459,
size:26
[agent] id:23
path:898,899,900,901,902,934,935,936,937,938,939,940,941,942,943,944,945,946,978,979,980,948,949,950,982,983,984,985,986,987,955,956,924,925,925,925,925,925,925,925,925,925,925,925,925,925,925,925,925,925,925,925,925,925,
goal:925,925,925,925,925,925,925,925,925,925,925,925,925,925,925,925,925,925,925,925,925,925,925,925,925,925,925,925,925,925,925,925,925,925,925,925,925,925,925,925,925,925,925,925,925,925,925,925,925,925,925,925,925,925,
size:33
[agent] id:24
path:1005,973,941,909,877,845,844,812,811,779,747,715,716,716,716,716,716,716,716,716,716,716,716,716,716,716,716,716,716,716,716,716,716,716,716,716,716,716,716,716,716,716,716,716,716,716,716,716,716,716,716,716,716,716,
goal:716,716,716,716,716,716,716,716,716,716,716,716,716,716,716,716,716,716,716,716,716,716,716,716,716,716,716,716,716,716,716,716,716,716,716,716,716,716,716,716,716,716,716,716,716,716,716,716,716,716,716,716,716,716,
size:12
[agent] id:25
path:806,774,742,710,678,646,614,582,550,551,552,553,554,555,556,557,558,559,560,561,562,530,498,466,467,468,436,437,405,373,372,372,372,372,372,372,372,372,372,372,372,372,372,372,372,372,372,372,372,372,372,372,372,372,
goal:372,372,372,372,372,372,372,372,372,372,372,372,372,372,372,372,372,372,372,372,372,372,372,372,372,372,372,372,372,372,372,372,372,372,372,372,372,372,372,372,372,372,372,372,372,372,372,372,372,372,372,372,372,372,
size:30
[agent] id:26
path:473,441,409,408,407,406,405,437,436,435,403,402,401,369,369,337,337,305,305,305,305,305,305,305,305,305,305,305,305,305,305,305,305,305,305,305,305,305,305,305,305,305,305,305,305,305,305,305,305,305,305,305,305,305,
goal:305,305,305,305,305,305,305,305,305,305,305,305,305,305,305,305,305,305,305,305,305,305,305,305,305,305,305,305,305,305,305,305,305,305,305,305,305,305,305,305,305,305,305,305,305,305,305,305,305,305,305,305,305,305,
size:17
[agent] id:27
path:408,407,439,438,470,469,501,500,499,531,530,529,561,593,592,591,590,590,590,558,526,494,494,494,494,494,494,494,494,494,494,494,494,494,494,494,494,494,494,494,494,494,494,494,494,494,494,494,494,494,494,494,494,494,
goal:494,494,494,494,494,494,494,494,494,494,494,494,494,494,494,494,494,494,494,494,494,494,494,494,494,494,494,494,494,494,494,494,494,494,494,494,494,494,494,494,494,494,494,494,494,494,494,494,494,494,494,494,494,494,
size:21
[agent] id:28
path:721,689,657,656,655,623,591,559,527,527,527,527,527,527,527,527,527,527,527,527,527,527,527,527,527,527,527,527,527,527,527,527,527,527,527,527,527,527,527,527,527,527,527,527,527,527,527,527,527,527,527,527,527,527,
goal:527,527,527,527,527,527,527,527,527,527,527,527,527,527,527,527,527,527,527,527,527,527,527,527,527,527,527,527,527,527,527,527,527,527,527,527,527,527,527,527,527,527,527,527,527,527,527,527,527,527,527,527,527,527,
size:8
[agent] id:29
path:459,427,395,394,393,392,391,359,358,326,294,262,261,261,261,261,261,261,261,261,261,261,261,261,261,261,261,261,261,261,261,261,261,261,261,261,261,261,261,261,261,261,261,261,261,261,261,261,261,261,261,261,261,261,
goal:261,261,261,261,261,261,261,261,261,261,261,261,261,261,261,261,261,261,261,261,261,261,261,261,261,261,261,261,261,261,261,261,261,261,261,261,261,261,261,261,261,261,261,261,261,261,261,261,261,261,261,261,261,261,
size:12
SolutionCost:695
