[setting] seed:5282
[solver] type:SASB-ECBS
[solver] w:2.000000
[solver] ID:0
[solver] Lowlevelnode:9347
[solver] Highlevelnode:19
[solver] ConflictCount:10
[solver] solved:1
[solver] elapsed:52
[solver] makespan:52
[problem] timesteplimit:15000
[problem] type:MAPF
[problem] agentnum:30
[graph] width:32
[graph] height:32
[graph] filename:./map/32by32_agents10_ex30.map
[task] id:16,start:0,end:0,service time:0,nodes:449,
[task] id:0,start:0,end:0,service time:0,nodes:590,
[task] id:6,start:0,end:0,service time:0,nodes:656,
[task] id:12,start:0,end:0,service time:0,nodes:441,
[task] id:18,start:0,end:0,service time:0,nodes:652,
[task] id:26,start:0,end:0,service time:0,nodes:66,
[task] id:10,start:0,end:0,service time:0,nodes:337,
[task] id:11,start:0,end:0,service time:0,nodes:516,
[task] id:13,start:0,end:0,service time:0,nodes:476,
[task] id:17,start:0,end:0,service time:0,nodes:821,
[task] id:20,start:0,end:0,service time:0,nodes:758,
[task] id:23,start:0,end:0,service time:0,nodes:634,
[task] id:28,start:0,end:0,service time:0,nodes:322,
[task] id:27,start:0,end:0,service time:0,nodes:5,
[task] id:22,start:0,end:0,service time:0,nodes:1007,
[task] id:15,start:0,end:0,service time:0,nodes:509,
[task] id:29,start:0,end:0,service time:0,nodes:708,
[task] id:19,start:0,end:0,service time:0,nodes:234,
[task] id:3,start:0,end:0,service time:0,nodes:833,
[task] id:14,start:0,end:0,service time:0,nodes:668,
[task] id:25,start:0,end:0,service time:0,nodes:207,
[task] id:7,start:0,end:0,service time:0,nodes:258,
[task] id:9,start:0,end:0,service time:0,nodes:794,
[task] id:24,start:0,end:0,service time:0,nodes:630,
[task] id:4,start:0,end:0,service time:0,nodes:524,
[task] id:8,start:0,end:0,service time:0,nodes:860,
[task] id:5,start:0,end:0,service time:0,nodes:542,
[task] id:1,start:0,end:0,service time:0,nodes:799,
[task] id:2,start:0,end:0,service time:0,nodes:412,
[task] id:21,start:0,end:0,service time:0,nodes:993,
[agent] id:0
path:460,461,493,525,557,589,590,590,590,590,590,590,590,590,590,590,590,590,590,590,590,590,590,590,590,590,590,590,590,590,590,590,590,590,590,590,590,590,590,590,590,590,590,590,590,590,590,590,590,590,590,590,590,
goal:590,590,590,590,590,590,590,590,590,590,590,590,590,590,590,590,590,590,590,590,590,590,590,590,590,590,590,590,590,590,590,590,590,590,590,590,590,590,590,590,590,590,590,590,590,590,590,590,590,590,590,590,590,
size:6
[agent] id:1
path:74,106,138,139,171,203,235,236,268,300,332,364,396,428,460,461,493,525,557,558,559,560,561,562,563,564,596,628,660,661,662,663,695,696,697,698,699,700,701,733,765,797,798,799,799,799,799,799,799,799,799,799,799,
goal:799,799,799,799,799,799,799,799,799,799,799,799,799,799,799,799,799,799,799,799,799,799,799,799,799,799,799,799,799,799,799,799,799,799,799,799,799,799,799,799,799,799,799,799,799,799,799,799,799,799,799,799,799,
size:43
[agent] id:2
path:993,961,962,963,964,965,933,934,935,936,937,938,906,874,875,876,877,878,879,880,881,882,883,884,885,886,887,887,855,823,791,759,727,695,663,631,599,567,535,503,504,472,473,474,442,410,378,379,380,412,412,412,412,
goal:412,412,412,412,412,412,412,412,412,412,412,412,412,412,412,412,412,412,412,412,412,412,412,412,412,412,412,412,412,412,412,412,412,412,412,412,412,412,412,412,412,412,412,412,412,412,412,412,412,412,412,412,412,
size:49
[agent] id:3
path:330,331,332,364,396,428,460,459,458,490,522,554,553,552,584,616,648,680,712,744,776,808,807,806,805,804,803,802,801,833,833,833,833,833,833,833,833,833,833,833,833,833,833,833,833,833,833,833,833,833,833,833,833,
goal:833,833,833,833,833,833,833,833,833,833,833,833,833,833,833,833,833,833,833,833,833,833,833,833,833,833,833,833,833,833,833,833,833,833,833,833,833,833,833,833,833,833,833,833,833,833,833,833,833,833,833,833,833,
size:29
[agent] id:4
path:1021,989,957,925,893,861,860,859,858,857,825,793,792,760,728,696,664,632,631,630,629,628,627,626,594,562,530,529,528,527,526,525,524,524,524,524,524,524,524,524,524,524,524,524,524,524,524,524,524,524,524,524,524,
goal:524,524,524,524,524,524,524,524,524,524,524,524,524,524,524,524,524,524,524,524,524,524,524,524,524,524,524,524,524,524,524,524,524,524,524,524,524,524,524,524,524,524,524,524,524,524,524,524,524,524,524,524,524,
size:32
[agent] id:5
path:448,480,512,513,514,515,516,517,518,519,520,521,522,554,555,556,557,558,559,560,561,562,563,564,565,533,534,535,536,537,538,539,571,603,604,605,573,574,542,542,542,542,542,542,542,542,542,542,542,542,542,542,542,
goal:542,542,542,542,542,542,542,542,542,542,542,542,542,542,542,542,542,542,542,542,542,542,542,542,542,542,542,542,542,542,542,542,542,542,542,542,542,542,542,542,542,542,542,542,542,542,542,542,542,542,542,542,542,
size:38
[agent] id:6
path:530,562,594,626,658,657,656,656,656,656,656,656,656,656,656,656,656,656,656,656,656,656,656,656,656,656,656,656,656,656,656,656,656,656,656,656,656,656,656,656,656,656,656,656,656,656,656,656,656,656,656,656,656,
goal:656,656,656,656,656,656,656,656,656,656,656,656,656,656,656,656,656,656,656,656,656,656,656,656,656,656,656,656,656,656,656,656,656,656,656,656,656,656,656,656,656,656,656,656,656,656,656,656,656,656,656,656,656,
size:6
[agent] id:7
path:785,753,721,689,657,656,655,623,591,559,527,526,494,493,461,429,397,396,395,394,393,392,391,359,358,326,294,262,261,260,259,258,258,258,258,258,258,258,258,258,258,258,258,258,258,258,258,258,258,258,258,258,258,
goal:258,258,258,258,258,258,258,258,258,258,258,258,258,258,258,258,258,258,258,258,258,258,258,258,258,258,258,258,258,258,258,258,258,258,258,258,258,258,258,258,258,258,258,258,258,258,258,258,258,258,258,258,258,
size:31
[agent] id:8
path:960,928,929,930,898,866,867,835,836,837,838,839,840,841,842,843,844,845,846,847,848,849,850,851,852,853,854,855,823,824,825,857,858,859,860,860,860,860,860,860,860,860,860,860,860,860,860,860,860,860,860,860,860,
goal:860,860,860,860,860,860,860,860,860,860,860,860,860,860,860,860,860,860,860,860,860,860,860,860,860,860,860,860,860,860,860,860,860,860,860,860,860,860,860,860,860,860,860,860,860,860,860,860,860,860,860,860,860,
size:34
[agent] id:9
path:143,144,176,177,209,241,273,305,337,369,401,433,465,497,529,561,593,594,626,658,690,722,723,724,725,726,727,759,791,792,793,794,794,794,794,794,794,794,794,794,794,794,794,794,794,794,794,794,794,794,794,794,794,
goal:794,794,794,794,794,794,794,794,794,794,794,794,794,794,794,794,794,794,794,794,794,794,794,794,794,794,794,794,794,794,794,794,794,794,794,794,794,794,794,794,794,794,794,794,794,794,794,794,794,794,794,794,794,
size:31
[agent] id:10
path:79,111,143,144,176,177,209,241,273,305,337,337,337,337,337,337,337,337,337,337,337,337,337,337,337,337,337,337,337,337,337,337,337,337,337,337,337,337,337,337,337,337,337,337,337,337,337,337,337,337,337,337,337,
goal:337,337,337,337,337,337,337,337,337,337,337,337,337,337,337,337,337,337,337,337,337,337,337,337,337,337,337,337,337,337,337,337,337,337,337,337,337,337,337,337,337,337,337,337,337,337,337,337,337,337,337,337,337,
size:10
[agent] id:11
path:737,705,673,641,609,577,545,513,514,515,516,516,516,516,516,516,516,516,516,516,516,516,516,516,516,516,516,516,516,516,516,516,516,516,516,516,516,516,516,516,516,516,516,516,516,516,516,516,516,516,516,516,516,
goal:516,516,516,516,516,516,516,516,516,516,516,516,516,516,516,516,516,516,516,516,516,516,516,516,516,516,516,516,516,516,516,516,516,516,516,516,516,516,516,516,516,516,516,516,516,516,516,516,516,516,516,516,516,
size:10
[agent] id:12
path:534,535,503,504,472,473,441,441,441,441,441,441,441,441,441,441,441,441,441,441,441,441,441,441,441,441,441,441,441,441,441,441,441,441,441,441,441,441,441,441,441,441,441,441,441,441,441,441,441,441,441,441,441,
goal:441,441,441,441,441,441,441,441,441,441,441,441,441,441,441,441,441,441,441,441,441,441,441,441,441,441,441,441,441,441,441,441,441,441,441,441,441,441,441,441,441,441,441,441,441,441,441,441,441,441,441,441,441,
size:6
[agent] id:13
path:344,376,377,378,379,380,412,413,414,446,478,477,476,476,476,476,476,476,476,476,476,476,476,476,476,476,476,476,476,476,476,476,476,476,476,476,476,476,476,476,476,476,476,476,476,476,476,476,476,476,476,476,476,
goal:476,476,476,476,476,476,476,476,476,476,476,476,476,476,476,476,476,476,476,476,476,476,476,476,476,476,476,476,476,476,476,476,476,476,476,476,476,476,476,476,476,476,476,476,476,476,476,476,476,476,476,476,476,
size:12
[agent] id:14
path:174,206,207,239,271,303,304,336,368,400,432,464,464,465,497,498,499,500,501,533,534,535,536,537,569,570,602,603,635,667,668,668,668,668,668,668,668,668,668,668,668,668,668,668,668,668,668,668,668,668,668,668,668,
goal:668,668,668,668,668,668,668,668,668,668,668,668,668,668,668,668,668,668,668,668,668,668,668,668,668,668,668,668,668,668,668,668,668,668,668,668,668,668,668,668,668,668,668,668,668,668,668,668,668,668,668,668,668,
size:30
[agent] id:15
path:27,28,60,92,93,94,126,158,190,222,223,255,287,286,318,317,349,381,413,414,446,478,477,509,509,509,509,509,509,509,509,509,509,509,509,509,509,509,509,509,509,509,509,509,509,509,509,509,509,509,509,509,509,
goal:509,509,509,509,509,509,509,509,509,509,509,509,509,509,509,509,509,509,509,509,509,509,509,509,509,509,509,509,509,509,509,509,509,509,509,509,509,509,509,509,509,509,509,509,509,509,509,509,509,509,509,509,509,
size:23
[agent] id:16
path:355,354,353,385,417,449,449,449,449,449,449,449,449,449,449,449,449,449,449,449,449,449,449,449,449,449,449,449,449,449,449,449,449,449,449,449,449,449,449,449,449,449,449,449,449,449,449,449,449,449,449,449,449,
goal:449,449,449,449,449,449,449,449,449,449,449,449,449,449,449,449,449,449,449,449,449,449,449,449,449,449,449,449,449,449,449,449,449,449,449,449,449,449,449,449,449,449,449,449,449,449,449,449,449,449,449,449,449,
size:5
[agent] id:17
path:635,667,699,731,730,762,794,793,825,824,823,822,821,821,821,821,821,821,821,821,821,821,821,821,821,821,821,821,821,821,821,821,821,821,821,821,821,821,821,821,821,821,821,821,821,821,821,821,821,821,821,821,821,
goal:821,821,821,821,821,821,821,821,821,821,821,821,821,821,821,821,821,821,821,821,821,821,821,821,821,821,821,821,821,821,821,821,821,821,821,821,821,821,821,821,821,821,821,821,821,821,821,821,821,821,821,821,821,
size:12
[agent] id:18
path:678,646,647,648,649,650,651,652,652,652,652,652,652,652,652,652,652,652,652,652,652,652,652,652,652,652,652,652,652,652,652,652,652,652,652,652,652,652,652,652,652,652,652,652,652,652,652,652,652,652,652,652,652,
goal:652,652,652,652,652,652,652,652,652,652,652,652,652,652,652,652,652,652,652,652,652,652,652,652,652,652,652,652,652,652,652,652,652,652,652,652,652,652,652,652,652,652,652,652,652,652,652,652,652,652,652,652,652,
size:7
[agent] id:19
path:381,380,379,379,347,379,378,377,345,313,312,311,310,309,308,307,306,305,304,303,271,270,269,268,236,235,234,234,234,234,234,234,234,234,234,234,234,234,234,234,234,234,234,234,234,234,234,234,234,234,234,234,234,
goal:234,234,234,234,234,234,234,234,234,234,234,234,234,234,234,234,234,234,234,234,234,234,234,234,234,234,234,234,234,234,234,234,234,234,234,234,234,234,234,234,234,234,234,234,234,234,234,234,234,234,234,234,234,
size:26
[agent] id:20
path:619,651,652,653,685,686,687,688,720,721,722,723,724,725,757,758,758,758,758,758,758,758,758,758,758,758,758,758,758,758,758,758,758,758,758,758,758,758,758,758,758,758,758,758,758,758,758,758,758,758,758,758,758,
goal:758,758,758,758,758,758,758,758,758,758,758,758,758,758,758,758,758,758,758,758,758,758,758,758,758,758,758,758,758,758,758,758,758,758,758,758,758,758,758,758,758,758,758,758,758,758,758,758,758,758,758,758,758,
size:15
[agent] id:21
path:86,54,53,52,84,83,115,114,146,178,210,242,274,306,305,304,303,302,301,300,332,364,396,428,460,459,458,490,522,554,553,552,584,616,648,680,712,744,776,808,840,872,904,936,935,967,966,965,964,963,962,961,993,
goal:993,993,993,993,993,993,993,993,993,993,993,993,993,993,993,993,993,993,993,993,993,993,993,993,993,993,993,993,993,993,993,993,993,993,993,993,993,993,993,993,993,993,993,993,993,993,993,993,993,993,993,993,993,
size:52
[agent] id:22
path:695,727,759,791,823,855,887,886,885,884,883,915,914,946,945,944,943,942,974,1006,1007,1007,1007,1007,1007,1007,1007,1007,1007,1007,1007,1007,1007,1007,1007,1007,1007,1007,1007,1007,1007,1007,1007,1007,1007,1007,1007,1007,1007,1007,1007,1007,1007,
goal:1007,1007,1007,1007,1007,1007,1007,1007,1007,1007,1007,1007,1007,1007,1007,1007,1007,1007,1007,1007,1007,1007,1007,1007,1007,1007,1007,1007,1007,1007,1007,1007,1007,1007,1007,1007,1007,1007,1007,1007,1007,1007,1007,1007,1007,1007,1007,1007,1007,1007,1007,1007,1007,
size:20
[agent] id:23
path:982,950,918,886,854,822,823,791,759,727,695,663,631,632,633,634,634,634,634,634,634,634,634,634,634,634,634,634,634,634,634,634,634,634,634,634,634,634,634,634,634,634,634,634,634,634,634,634,634,634,634,634,634,
goal:634,634,634,634,634,634,634,634,634,634,634,634,634,634,634,634,634,634,634,634,634,634,634,634,634,634,634,634,634,634,634,634,634,634,634,634,634,634,634,634,634,634,634,634,634,634,634,634,634,634,634,634,634,
size:15
[agent] id:24
path:297,296,264,263,262,294,326,358,390,422,454,486,518,519,520,521,553,554,555,556,557,558,559,591,592,593,594,626,627,628,629,630,630,630,630,630,630,630,630,630,630,630,630,630,630,630,630,630,630,630,630,630,630,
goal:630,630,630,630,630,630,630,630,630,630,630,630,630,630,630,630,630,630,630,630,630,630,630,630,630,630,630,630,630,630,630,630,630,630,630,630,630,630,630,630,630,630,630,630,630,630,630,630,630,630,630,630,630,
size:31
[agent] id:25
path:942,943,911,879,847,848,849,850,818,786,754,722,690,658,626,594,562,530,498,466,434,402,401,369,368,336,304,303,271,239,207,207,207,207,207,207,207,207,207,207,207,207,207,207,207,207,207,207,207,207,207,207,207,
goal:207,207,207,207,207,207,207,207,207,207,207,207,207,207,207,207,207,207,207,207,207,207,207,207,207,207,207,207,207,207,207,207,207,207,207,207,207,207,207,207,207,207,207,207,207,207,207,207,207,207,207,207,207,
size:30
[agent] id:26
path:137,105,73,72,71,70,69,68,67,66,66,66,66,66,66,66,66,66,66,66,66,66,66,66,66,66,66,66,66,66,66,66,66,66,66,66,66,66,66,66,66,66,66,66,66,66,66,66,66,66,66,66,66,
goal:66,66,66,66,66,66,66,66,66,66,66,66,66,66,66,66,66,66,66,66,66,66,66,66,66,66,66,66,66,66,66,66,66,66,66,66,66,66,66,66,66,66,66,66,66,66,66,66,66,66,66,66,66,
size:9
[agent] id:27
path:177,145,113,81,80,79,78,77,45,13,12,11,10,9,8,7,39,38,37,5,5,5,5,5,5,5,5,5,5,5,5,5,5,5,5,5,5,5,5,5,5,5,5,5,5,5,5,5,5,5,5,5,5,
goal:5,5,5,5,5,5,5,5,5,5,5,5,5,5,5,5,5,5,5,5,5,5,5,5,5,5,5,5,5,5,5,5,5,5,5,5,5,5,5,5,5,5,5,5,5,5,5,5,5,5,5,5,5,
size:19
[agent] id:28
path:172,204,203,202,201,200,199,231,263,262,261,260,259,258,290,322,322,322,322,322,322,322,322,322,322,322,322,322,322,322,322,322,322,322,322,322,322,322,322,322,322,322,322,322,322,322,322,322,322,322,322,322,322,
goal:322,322,322,322,322,322,322,322,322,322,322,322,322,322,322,322,322,322,322,322,322,322,322,322,322,322,322,322,322,322,322,322,322,322,322,322,322,322,322,322,322,322,322,322,322,322,322,322,322,322,322,322,322,
size:15
[agent] id:29
path:366,334,302,301,300,332,364,396,428,460,459,458,490,522,554,553,552,584,616,648,680,712,711,710,709,708,708,708,708,708,708,708,708,708,708,708,708,708,708,708,708,708,708,708,708,708,708,708,708,708,708,708,708,
goal:708,708,708,708,708,708,708,708,708,708,708,708,708,708,708,708,708,708,708,708,708,708,708,708,708,708,708,708,708,708,708,708,708,708,708,708,708,708,708,708,708,708,708,708,708,708,708,708,708,708,708,708,708,
size:25
SolutionCost:671
