[setting] seed:4613
[solver] type:SASB-ECBS
[solver] w:2.000000
[solver] ID:0
[solver] Lowlevelnode:7623
[solver] Highlevelnode:19
[solver] ConflictCount:10
[solver] solved:1
[solver] elapsed:51
[solver] makespan:42
[problem] timesteplimit:15000
[problem] type:MAPF
[problem] agentnum:30
[graph] width:32
[graph] height:32
[graph] filename:./map/32by32_agents10_ex30.map
[task] id:0,start:0,end:0,service time:0,nodes:280,
[task] id:17,start:0,end:0,service time:0,nodes:649,
[task] id:13,start:0,end:0,service time:0,nodes:602,
[task] id:25,start:0,end:0,service time:0,nodes:846,
[task] id:12,start:0,end:0,service time:0,nodes:677,
[task] id:16,start:0,end:0,service time:0,nodes:182,
[task] id:2,start:0,end:0,service time:0,nodes:723,
[task] id:19,start:0,end:0,service time:0,nodes:687,
[task] id:11,start:0,end:0,service time:0,nodes:451,
[task] id:20,start:0,end:0,service time:0,nodes:393,
[task] id:5,start:0,end:0,service time:0,nodes:952,
[task] id:18,start:0,end:0,service time:0,nodes:214,
[task] id:9,start:0,end:0,service time:0,nodes:217,
[task] id:24,start:0,end:0,service time:0,nodes:663,
[task] id:26,start:0,end:0,service time:0,nodes:211,
[task] id:8,start:0,end:0,service time:0,nodes:268,
[task] id:28,start:0,end:0,service time:0,nodes:271,
[task] id:29,start:0,end:0,service time:0,nodes:547,
[task] id:7,start:0,end:0,service time:0,nodes:478,
[task] id:15,start:0,end:0,service time:0,nodes:380,
[task] id:6,start:0,end:0,service time:0,nodes:482,
[task] id:22,start:0,end:0,service time:0,nodes:135,
[task] id:10,start:0,end:0,service time:0,nodes:615,
[task] id:27,start:0,end:0,service time:0,nodes:836,
[task] id:4,start:0,end:0,service time:0,nodes:61,
[task] id:23,start:0,end:0,service time:0,nodes:1007,
[task] id:3,start:0,end:0,service time:0,nodes:443,
[task] id:21,start:0,end:0,service time:0,nodes:323,
[task] id:1,start:0,end:0,service time:0,nodes:71,
[task] id:14,start:0,end:0,service time:0,nodes:967,
[agent] id:0
path:313,281,280,280,280,280,280,280,280,280,280,280,280,280,280,280,280,280,280,280,280,280,280,280,280,280,280,280,280,280,280,280,280,280,280,280,280,280,280,280,280,280,280,
goal:280,280,280,280,280,280,280,280,280,280,280,280,280,280,280,280,280,280,280,280,280,280,280,280,280,280,280,280,280,280,280,280,280,280,280,280,280,280,280,280,280,280,280,
size:2
[agent] id:1
path:864,896,928,929,930,898,866,867,835,803,771,739,707,708,676,644,612,613,614,582,550,518,486,454,422,390,358,326,294,262,230,231,199,167,168,136,104,72,71,71,71,71,71,
goal:71,71,71,71,71,71,71,71,71,71,71,71,71,71,71,71,71,71,71,71,71,71,71,71,71,71,71,71,71,71,71,71,71,71,71,71,71,71,71,71,71,71,71,
size:38
[agent] id:2
path:717,718,686,687,688,720,721,722,723,723,723,723,723,723,723,723,723,723,723,723,723,723,723,723,723,723,723,723,723,723,723,723,723,723,723,723,723,723,723,723,723,723,723,
goal:723,723,723,723,723,723,723,723,723,723,723,723,723,723,723,723,723,723,723,723,723,723,723,723,723,723,723,723,723,723,723,723,723,723,723,723,723,723,723,723,723,723,723,
size:8
[agent] id:3
path:1004,972,940,908,876,877,878,879,847,848,849,850,818,786,754,722,690,658,626,594,562,563,564,565,533,534,535,503,504,472,473,441,442,443,443,443,443,443,443,443,443,443,443,
goal:443,443,443,443,443,443,443,443,443,443,443,443,443,443,443,443,443,443,443,443,443,443,443,443,443,443,443,443,443,443,443,443,443,443,443,443,443,443,443,443,443,443,443,
size:33
[agent] id:4
path:526,527,528,529,497,465,433,434,435,436,437,405,373,341,309,310,311,279,247,215,183,151,119,87,88,89,90,91,92,60,61,61,61,61,61,61,61,61,61,61,61,61,61,
goal:61,61,61,61,61,61,61,61,61,61,61,61,61,61,61,61,61,61,61,61,61,61,61,61,61,61,61,61,61,61,61,61,61,61,61,61,61,61,61,61,61,61,61,
size:30
[agent] id:5
path:631,663,695,727,759,791,823,855,887,919,920,952,952,952,952,952,952,952,952,952,952,952,952,952,952,952,952,952,952,952,952,952,952,952,952,952,952,952,952,952,952,952,952,
goal:952,952,952,952,952,952,952,952,952,952,952,952,952,952,952,952,952,952,952,952,952,952,952,952,952,952,952,952,952,952,952,952,952,952,952,952,952,952,952,952,952,952,952,
size:11
[agent] id:6
path:724,692,660,628,596,564,563,562,561,560,559,558,557,556,555,554,522,521,520,519,487,486,485,484,483,482,482,482,482,482,482,482,482,482,482,482,482,482,482,482,482,482,482,
goal:482,482,482,482,482,482,482,482,482,482,482,482,482,482,482,482,482,482,482,482,482,482,482,482,482,482,482,482,482,482,482,482,482,482,482,482,482,482,482,482,482,482,482,
size:25
[agent] id:7
path:58,90,122,123,155,187,188,189,221,222,223,255,287,286,318,317,349,381,413,414,446,478,478,478,478,478,478,478,478,478,478,478,478,478,478,478,478,478,478,478,478,478,478,
goal:478,478,478,478,478,478,478,478,478,478,478,478,478,478,478,478,478,478,478,478,478,478,478,478,478,478,478,478,478,478,478,478,478,478,478,478,478,478,478,478,478,478,478,
size:21
[agent] id:8
path:750,749,717,685,653,621,589,557,525,493,461,429,397,396,364,332,300,268,268,268,268,268,268,268,268,268,268,268,268,268,268,268,268,268,268,268,268,268,268,268,268,268,268,
goal:268,268,268,268,268,268,268,268,268,268,268,268,268,268,268,268,268,268,268,268,268,268,268,268,268,268,268,268,268,268,268,268,268,268,268,268,268,268,268,268,268,268,268,
size:17
[agent] id:9
path:439,407,375,376,344,344,312,311,279,247,215,216,217,217,217,217,217,217,217,217,217,217,217,217,217,217,217,217,217,217,217,217,217,217,217,217,217,217,217,217,217,217,217,
goal:217,217,217,217,217,217,217,217,217,217,217,217,217,217,217,217,217,217,217,217,217,217,217,217,217,217,217,217,217,217,217,217,217,217,217,217,217,217,217,217,217,217,217,
size:12
[agent] id:10
path:446,478,477,509,508,540,539,538,537,536,535,567,566,565,564,563,562,594,593,592,591,623,622,621,620,619,618,617,616,615,615,615,615,615,615,615,615,615,615,615,615,615,615,
goal:615,615,615,615,615,615,615,615,615,615,615,615,615,615,615,615,615,615,615,615,615,615,615,615,615,615,615,615,615,615,615,615,615,615,615,615,615,615,615,615,615,615,615,
size:29
[agent] id:11
path:705,673,641,609,577,545,513,514,482,450,451,451,451,451,451,451,451,451,451,451,451,451,451,451,451,451,451,451,451,451,451,451,451,451,451,451,451,451,451,451,451,451,451,
goal:451,451,451,451,451,451,451,451,451,451,451,451,451,451,451,451,451,451,451,451,451,451,451,451,451,451,451,451,451,451,451,451,451,451,451,451,451,451,451,451,451,451,451,
size:10
[agent] id:12
path:738,706,707,708,676,677,677,677,677,677,677,677,677,677,677,677,677,677,677,677,677,677,677,677,677,677,677,677,677,677,677,677,677,677,677,677,677,677,677,677,677,677,677,
goal:677,677,677,677,677,677,677,677,677,677,677,677,677,677,677,677,677,677,677,677,677,677,677,677,677,677,677,677,677,677,677,677,677,677,677,677,677,677,677,677,677,677,677,
size:5
[agent] id:13
path:636,604,603,602,602,602,602,602,602,602,602,602,602,602,602,602,602,602,602,602,602,602,602,602,602,602,602,602,602,602,602,602,602,602,602,602,602,602,602,602,602,602,602,
goal:602,602,602,602,602,602,602,602,602,602,602,602,602,602,602,602,602,602,602,602,602,602,602,602,602,602,602,602,602,602,602,602,602,602,602,602,602,602,602,602,602,602,602,
size:3
[agent] id:14
path:151,183,215,247,279,311,310,342,374,406,438,470,469,501,533,565,597,629,661,693,692,691,690,722,754,786,818,850,882,914,946,945,944,943,942,941,940,939,938,937,936,935,967,
goal:967,967,967,967,967,967,967,967,967,967,967,967,967,967,967,967,967,967,967,967,967,967,967,967,967,967,967,967,967,967,967,967,967,967,967,967,967,967,967,967,967,967,967,
size:42
[agent] id:15
path:855,823,791,759,760,728,696,664,632,600,599,599,567,535,503,504,472,473,441,409,377,378,379,380,380,380,380,380,380,380,380,380,380,380,380,380,380,380,380,380,380,380,380,
goal:380,380,380,380,380,380,380,380,380,380,380,380,380,380,380,380,380,380,380,380,380,380,380,380,380,380,380,380,380,380,380,380,380,380,380,380,380,380,380,380,380,380,380,
size:23
[agent] id:16
path:53,54,86,87,119,151,183,182,182,182,182,182,182,182,182,182,182,182,182,182,182,182,182,182,182,182,182,182,182,182,182,182,182,182,182,182,182,182,182,182,182,182,182,
goal:182,182,182,182,182,182,182,182,182,182,182,182,182,182,182,182,182,182,182,182,182,182,182,182,182,182,182,182,182,182,182,182,182,182,182,182,182,182,182,182,182,182,182,
size:7
[agent] id:17
path:647,648,649,649,649,649,649,649,649,649,649,649,649,649,649,649,649,649,649,649,649,649,649,649,649,649,649,649,649,649,649,649,649,649,649,649,649,649,649,649,649,649,649,
goal:649,649,649,649,649,649,649,649,649,649,649,649,649,649,649,649,649,649,649,649,649,649,649,649,649,649,649,649,649,649,649,649,649,649,649,649,649,649,649,649,649,649,649,
size:2
[agent] id:18
path:434,435,436,437,405,373,341,309,277,245,213,214,214,214,214,214,214,214,214,214,214,214,214,214,214,214,214,214,214,214,214,214,214,214,214,214,214,214,214,214,214,214,214,
goal:214,214,214,214,214,214,214,214,214,214,214,214,214,214,214,214,214,214,214,214,214,214,214,214,214,214,214,214,214,214,214,214,214,214,214,214,214,214,214,214,214,214,214,
size:11
[agent] id:19
path:882,850,818,786,754,722,690,689,688,687,687,687,687,687,687,687,687,687,687,687,687,687,687,687,687,687,687,687,687,687,687,687,687,687,687,687,687,687,687,687,687,687,687,
goal:687,687,687,687,687,687,687,687,687,687,687,687,687,687,687,687,687,687,687,687,687,687,687,687,687,687,687,687,687,687,687,687,687,687,687,687,687,687,687,687,687,687,687,
size:9
[agent] id:20
path:416,417,418,419,420,421,389,390,391,392,393,393,393,393,393,393,393,393,393,393,393,393,393,393,393,393,393,393,393,393,393,393,393,393,393,393,393,393,393,393,393,393,393,
goal:393,393,393,393,393,393,393,393,393,393,393,393,393,393,393,393,393,393,393,393,393,393,393,393,393,393,393,393,393,393,393,393,393,393,393,393,393,393,393,393,393,393,393,
size:10
[agent] id:21
path:914,882,850,818,786,754,722,690,658,626,594,562,530,529,528,527,526,494,493,461,460,459,458,457,456,424,392,391,359,358,357,356,355,323,323,323,323,323,323,323,323,323,323,
goal:323,323,323,323,323,323,323,323,323,323,323,323,323,323,323,323,323,323,323,323,323,323,323,323,323,323,323,323,323,323,323,323,323,323,323,323,323,323,323,323,323,323,323,
size:33
[agent] id:22
path:379,378,377,345,313,312,311,310,309,308,307,306,274,242,241,240,239,207,206,174,173,172,140,139,138,137,136,135,135,135,135,135,135,135,135,135,135,135,135,135,135,135,135,
goal:135,135,135,135,135,135,135,135,135,135,135,135,135,135,135,135,135,135,135,135,135,135,135,135,135,135,135,135,135,135,135,135,135,135,135,135,135,135,135,135,135,135,135,
size:27
[agent] id:23
path:474,473,472,504,536,535,567,599,631,663,695,727,759,791,823,855,887,886,885,884,883,915,914,946,945,944,943,942,974,1006,1007,1007,1007,1007,1007,1007,1007,1007,1007,1007,1007,1007,1007,
goal:1007,1007,1007,1007,1007,1007,1007,1007,1007,1007,1007,1007,1007,1007,1007,1007,1007,1007,1007,1007,1007,1007,1007,1007,1007,1007,1007,1007,1007,1007,1007,1007,1007,1007,1007,1007,1007,1007,1007,1007,1007,1007,1007,
size:30
[agent] id:24
path:893,861,860,859,858,857,825,793,792,760,728,696,664,663,663,663,663,663,663,663,663,663,663,663,663,663,663,663,663,663,663,663,663,663,663,663,663,663,663,663,663,663,663,
goal:663,663,663,663,663,663,663,663,663,663,663,663,663,663,663,663,663,663,663,663,663,663,663,663,663,663,663,663,663,663,663,663,663,663,663,663,663,663,663,663,663,663,663,
size:13
[agent] id:25
path:912,880,848,847,846,846,846,846,846,846,846,846,846,846,846,846,846,846,846,846,846,846,846,846,846,846,846,846,846,846,846,846,846,846,846,846,846,846,846,846,846,846,846,
goal:846,846,846,846,846,846,846,846,846,846,846,846,846,846,846,846,846,846,846,846,846,846,846,846,846,846,846,846,846,846,846,846,846,846,846,846,846,846,846,846,846,846,846,
size:4
[agent] id:26
path:330,331,299,300,268,269,270,271,239,240,241,209,210,211,211,211,211,211,211,211,211,211,211,211,211,211,211,211,211,211,211,211,211,211,211,211,211,211,211,211,211,211,211,
goal:211,211,211,211,211,211,211,211,211,211,211,211,211,211,211,211,211,211,211,211,211,211,211,211,211,211,211,211,211,211,211,211,211,211,211,211,211,211,211,211,211,211,211,
size:13
[agent] id:27
path:764,796,795,794,793,825,824,823,855,854,853,852,851,850,849,848,847,879,878,877,845,844,843,842,841,840,839,838,837,836,836,836,836,836,836,836,836,836,836,836,836,836,836,
goal:836,836,836,836,836,836,836,836,836,836,836,836,836,836,836,836,836,836,836,836,836,836,836,836,836,836,836,836,836,836,836,836,836,836,836,836,836,836,836,836,836,836,836,
size:29
[agent] id:28
path:487,519,520,521,489,457,458,426,394,395,396,364,332,300,268,269,270,271,271,271,271,271,271,271,271,271,271,271,271,271,271,271,271,271,271,271,271,271,271,271,271,271,271,
goal:271,271,271,271,271,271,271,271,271,271,271,271,271,271,271,271,271,271,271,271,271,271,271,271,271,271,271,271,271,271,271,271,271,271,271,271,271,271,271,271,271,271,271,
size:17
[agent] id:29
path:993,961,929,930,898,866,867,835,803,771,739,707,708,676,644,612,611,579,547,547,547,547,547,547,547,547,547,547,547,547,547,547,547,547,547,547,547,547,547,547,547,547,547,
goal:547,547,547,547,547,547,547,547,547,547,547,547,547,547,547,547,547,547,547,547,547,547,547,547,547,547,547,547,547,547,547,547,547,547,547,547,547,547,547,547,547,547,547,
size:18
SolutionCost:532
