[setting] seed:21514
[solver] type:SASB-ECBS
[solver] w:2.000000
[solver] ID:0
[solver] Lowlevelnode:6954
[solver] Highlevelnode:25
[solver] ConflictCount:13
[solver] solved:1
[solver] elapsed:42
[solver] makespan:44
[problem] timesteplimit:15000
[problem] type:MAPF
[problem] agentnum:30
[graph] width:32
[graph] height:32
[graph] filename:./map/32by32_agents10_ex30.map
[task] id:22,start:0,end:0,service time:0,nodes:569,
[task] id:15,start:0,end:0,service time:0,nodes:412,
[task] id:5,start:0,end:0,service time:0,nodes:202,
[task] id:19,start:0,end:0,service time:0,nodes:14,
[task] id:24,start:0,end:0,service time:0,nodes:743,
[task] id:11,start:0,end:0,service time:0,nodes:1002,
[task] id:14,start:0,end:0,service time:0,nodes:153,
[task] id:20,start:0,end:0,service time:0,nodes:795,
[task] id:1,start:0,end:0,service time:0,nodes:714,
[task] id:13,start:0,end:0,service time:0,nodes:104,
[task] id:28,start:0,end:0,service time:0,nodes:876,
[task] id:18,start:0,end:0,service time:0,nodes:703,
[task] id:0,start:0,end:0,service time:0,nodes:646,
[task] id:10,start:0,end:0,service time:0,nodes:531,
[task] id:16,start:0,end:0,service time:0,nodes:420,
[task] id:25,start:0,end:0,service time:0,nodes:920,
[task] id:4,start:0,end:0,service time:0,nodes:764,
[task] id:26,start:0,end:0,service time:0,nodes:635,
[task] id:29,start:0,end:0,service time:0,nodes:938,
[task] id:17,start:0,end:0,service time:0,nodes:115,
[task] id:3,start:0,end:0,service time:0,nodes:956,
[task] id:7,start:0,end:0,service time:0,nodes:819,
[task] id:6,start:0,end:0,service time:0,nodes:771,
[task] id:8,start:0,end:0,service time:0,nodes:1019,
[task] id:12,start:0,end:0,service time:0,nodes:901,
[task] id:23,start:0,end:0,service time:0,nodes:696,
[task] id:9,start:0,end:0,service time:0,nodes:944,
[task] id:21,start:0,end:0,service time:0,nodes:921,
[task] id:27,start:0,end:0,service time:0,nodes:182,
[task] id:2,start:0,end:0,service time:0,nodes:223,
[agent] id:0
path:105,137,169,201,200,199,231,263,262,294,326,358,390,422,454,486,518,550,582,614,646,646,646,646,646,646,646,646,646,646,646,646,646,646,646,646,646,646,646,646,646,646,646,646,646,
goal:646,646,646,646,646,646,646,646,646,646,646,646,646,646,646,646,646,646,646,646,646,646,646,646,646,646,646,646,646,646,646,646,646,646,646,646,646,646,646,646,646,646,646,646,646,
size:20
[agent] id:1
path:482,514,514,515,547,579,611,643,644,645,677,709,710,711,712,713,714,714,714,714,714,714,714,714,714,714,714,714,714,714,714,714,714,714,714,714,714,714,714,714,714,714,714,714,714,
goal:714,714,714,714,714,714,714,714,714,714,714,714,714,714,714,714,714,714,714,714,714,714,714,714,714,714,714,714,714,714,714,714,714,714,714,714,714,714,714,714,714,714,714,714,714,
size:16
[agent] id:2
path:544,512,480,448,416,417,418,419,420,421,389,390,391,392,393,394,395,396,364,332,300,268,269,270,271,239,240,241,209,210,211,212,213,214,215,216,217,218,219,187,188,189,221,222,223,
goal:223,223,223,223,223,223,223,223,223,223,223,223,223,223,223,223,223,223,223,223,223,223,223,223,223,223,223,223,223,223,223,223,223,223,223,223,223,223,223,223,223,223,223,223,223,
size:44
[agent] id:3
path:490,522,554,555,556,557,589,621,653,685,686,687,688,720,721,722,723,724,725,757,758,759,791,823,824,825,857,858,859,860,892,924,956,956,956,956,956,956,956,956,956,956,956,956,956,
goal:956,956,956,956,956,956,956,956,956,956,956,956,956,956,956,956,956,956,956,956,956,956,956,956,956,956,956,956,956,956,956,956,956,956,956,956,956,956,956,956,956,956,956,956,956,
size:32
[agent] id:4
path:875,843,844,845,846,847,848,849,850,851,852,853,821,822,823,791,792,793,794,762,730,698,699,700,701,733,765,764,764,764,764,764,764,764,764,764,764,764,764,764,764,764,764,764,764,
goal:764,764,764,764,764,764,764,764,764,764,764,764,764,764,764,764,764,764,764,764,764,764,764,764,764,764,764,764,764,764,764,764,764,764,764,764,764,764,764,764,764,764,764,764,764,
size:27
[agent] id:5
path:303,271,239,207,206,205,204,203,202,202,202,202,202,202,202,202,202,202,202,202,202,202,202,202,202,202,202,202,202,202,202,202,202,202,202,202,202,202,202,202,202,202,202,202,202,
goal:202,202,202,202,202,202,202,202,202,202,202,202,202,202,202,202,202,202,202,202,202,202,202,202,202,202,202,202,202,202,202,202,202,202,202,202,202,202,202,202,202,202,202,202,202,
size:8
[agent] id:6
path:409,441,473,472,504,536,535,567,566,565,564,563,562,561,560,559,558,590,622,621,620,619,651,683,682,681,713,712,711,710,709,708,707,739,771,771,771,771,771,771,771,771,771,771,771,
goal:771,771,771,771,771,771,771,771,771,771,771,771,771,771,771,771,771,771,771,771,771,771,771,771,771,771,771,771,771,771,771,771,771,771,771,771,771,771,771,771,771,771,771,771,771,
size:34
[agent] id:7
path:228,260,292,293,294,326,358,390,422,454,486,518,550,582,614,646,647,648,649,650,651,652,653,685,686,687,688,720,752,753,785,786,818,819,819,819,819,819,819,819,819,819,819,819,819,
goal:819,819,819,819,819,819,819,819,819,819,819,819,819,819,819,819,819,819,819,819,819,819,819,819,819,819,819,819,819,819,819,819,819,819,819,819,819,819,819,819,819,819,819,819,819,
size:33
[agent] id:8
path:705,737,738,770,802,803,835,836,837,838,839,840,841,842,874,875,876,877,878,879,880,881,882,883,884,885,886,918,950,982,983,984,985,986,987,1019,1019,1019,1019,1019,1019,1019,1019,1019,1019,
goal:1019,1019,1019,1019,1019,1019,1019,1019,1019,1019,1019,1019,1019,1019,1019,1019,1019,1019,1019,1019,1019,1019,1019,1019,1019,1019,1019,1019,1019,1019,1019,1019,1019,1019,1019,1019,1019,1019,1019,1019,1019,1019,1019,1019,1019,
size:35
[agent] id:9
path:318,317,349,348,347,347,347,379,378,410,442,474,473,472,504,536,535,567,599,631,663,695,727,759,791,823,855,854,853,852,884,883,915,914,946,945,944,944,944,944,944,944,944,944,944,
goal:944,944,944,944,944,944,944,944,944,944,944,944,944,944,944,944,944,944,944,944,944,944,944,944,944,944,944,944,944,944,944,944,944,944,944,944,944,944,944,944,944,944,944,944,944,
size:36
[agent] id:10
path:75,107,139,171,203,235,236,268,300,332,364,396,428,429,461,493,525,526,527,528,529,530,531,531,531,531,531,531,531,531,531,531,531,531,531,531,531,531,531,531,531,531,531,531,531,
goal:531,531,531,531,531,531,531,531,531,531,531,531,531,531,531,531,531,531,531,531,531,531,531,531,531,531,531,531,531,531,531,531,531,531,531,531,531,531,531,531,531,531,531,531,531,
size:22
[agent] id:11
path:884,883,915,914,946,945,944,943,942,974,1006,1005,1004,1003,1002,1002,1002,1002,1002,1002,1002,1002,1002,1002,1002,1002,1002,1002,1002,1002,1002,1002,1002,1002,1002,1002,1002,1002,1002,1002,1002,1002,1002,1002,1002,
goal:1002,1002,1002,1002,1002,1002,1002,1002,1002,1002,1002,1002,1002,1002,1002,1002,1002,1002,1002,1002,1002,1002,1002,1002,1002,1002,1002,1002,1002,1002,1002,1002,1002,1002,1002,1002,1002,1002,1002,1002,1002,1002,1002,1002,1002,
size:14
[agent] id:12
path:375,407,439,438,470,469,501,533,565,597,629,661,693,725,724,723,755,754,786,818,850,849,848,847,846,845,844,843,842,841,840,872,871,870,902,901,901,901,901,901,901,901,901,901,901,
goal:901,901,901,901,901,901,901,901,901,901,901,901,901,901,901,901,901,901,901,901,901,901,901,901,901,901,901,901,901,901,901,901,901,901,901,901,901,901,901,901,901,901,901,901,901,
size:35
[agent] id:13
path:394,395,396,364,332,300,268,269,268,236,204,172,140,139,107,106,105,104,104,104,104,104,104,104,104,104,104,104,104,104,104,104,104,104,104,104,104,104,104,104,104,104,104,104,104,
goal:104,104,104,104,104,104,104,104,104,104,104,104,104,104,104,104,104,104,104,104,104,104,104,104,104,104,104,104,104,104,104,104,104,104,104,104,104,104,104,104,104,104,104,104,104,
size:17
[agent] id:14
path:271,239,240,241,209,210,211,212,213,181,182,150,151,152,153,153,153,153,153,153,153,153,153,153,153,153,153,153,153,153,153,153,153,153,153,153,153,153,153,153,153,153,153,153,153,
goal:153,153,153,153,153,153,153,153,153,153,153,153,153,153,153,153,153,153,153,153,153,153,153,153,153,153,153,153,153,153,153,153,153,153,153,153,153,153,153,153,153,153,153,153,153,
size:14
[agent] id:15
path:312,344,376,377,378,379,380,412,412,412,412,412,412,412,412,412,412,412,412,412,412,412,412,412,412,412,412,412,412,412,412,412,412,412,412,412,412,412,412,412,412,412,412,412,412,
goal:412,412,412,412,412,412,412,412,412,412,412,412,412,412,412,412,412,412,412,412,412,412,412,412,412,412,412,412,412,412,412,412,412,412,412,412,412,412,412,412,412,412,412,412,412,
size:7
[agent] id:16
path:566,565,564,563,531,530,529,528,527,526,494,493,461,460,459,458,457,456,424,423,422,421,420,420,420,420,420,420,420,420,420,420,420,420,420,420,420,420,420,420,420,420,420,420,420,
goal:420,420,420,420,420,420,420,420,420,420,420,420,420,420,420,420,420,420,420,420,420,420,420,420,420,420,420,420,420,420,420,420,420,420,420,420,420,420,420,420,420,420,420,420,420,
size:22
[agent] id:17
path:384,352,320,288,256,257,258,259,227,228,229,230,231,199,200,201,169,137,138,139,171,172,173,174,142,110,111,112,113,114,115,115,115,115,115,115,115,115,115,115,115,115,115,115,115,
goal:115,115,115,115,115,115,115,115,115,115,115,115,115,115,115,115,115,115,115,115,115,115,115,115,115,115,115,115,115,115,115,115,115,115,115,115,115,115,115,115,115,115,115,115,115,
size:30
[agent] id:18
path:436,468,500,501,533,565,597,629,661,662,663,695,696,697,698,699,700,701,702,703,703,703,703,703,703,703,703,703,703,703,703,703,703,703,703,703,703,703,703,703,703,703,703,703,703,
goal:703,703,703,703,703,703,703,703,703,703,703,703,703,703,703,703,703,703,703,703,703,703,703,703,703,703,703,703,703,703,703,703,703,703,703,703,703,703,703,703,703,703,703,703,703,
size:19
[agent] id:19
path:240,241,209,177,145,113,81,80,79,78,77,45,13,14,14,14,14,14,14,14,14,14,14,14,14,14,14,14,14,14,14,14,14,14,14,14,14,14,14,14,14,14,14,14,14,
goal:14,14,14,14,14,14,14,14,14,14,14,14,14,14,14,14,14,14,14,14,14,14,14,14,14,14,14,14,14,14,14,14,14,14,14,14,14,14,14,14,14,14,14,14,14,
size:13
[agent] id:20
path:913,881,849,850,851,852,853,821,822,823,791,792,793,794,795,795,795,795,795,795,795,795,795,795,795,795,795,795,795,795,795,795,795,795,795,795,795,795,795,795,795,795,795,795,795,
goal:795,795,795,795,795,795,795,795,795,795,795,795,795,795,795,795,795,795,795,795,795,795,795,795,795,795,795,795,795,795,795,795,795,795,795,795,795,795,795,795,795,795,795,795,795,
size:14
[agent] id:21
path:578,610,642,643,644,676,708,709,741,773,805,837,838,839,840,841,842,843,844,845,877,878,879,880,881,882,883,884,885,886,918,950,982,983,984,952,953,921,921,921,921,921,921,921,921,
goal:921,921,921,921,921,921,921,921,921,921,921,921,921,921,921,921,921,921,921,921,921,921,921,921,921,921,921,921,921,921,921,921,921,921,921,921,921,921,921,921,921,921,921,921,921,
size:37
[agent] id:22
path:537,569,569,569,569,569,569,569,569,569,569,569,569,569,569,569,569,569,569,569,569,569,569,569,569,569,569,569,569,569,569,569,569,569,569,569,569,569,569,569,569,569,569,569,569,
goal:569,569,569,569,569,569,569,569,569,569,569,569,569,569,569,569,569,569,569,569,569,569,569,569,569,569,569,569,569,569,569,569,569,569,569,569,569,569,569,569,569,569,569,569,569,
size:1
[agent] id:23
path:352,353,385,417,449,450,482,514,515,547,579,611,643,644,645,645,646,647,648,649,650,651,652,653,654,655,656,657,658,659,660,661,662,663,695,696,696,696,696,696,696,696,696,696,696,
goal:696,696,696,696,696,696,696,696,696,696,696,696,696,696,696,696,696,696,696,696,696,696,696,696,696,696,696,696,696,696,696,696,696,696,696,696,696,696,696,696,696,696,696,696,696,
size:35
[agent] id:24
path:459,458,490,522,554,553,552,584,616,648,680,712,744,743,743,743,743,743,743,743,743,743,743,743,743,743,743,743,743,743,743,743,743,743,743,743,743,743,743,743,743,743,743,743,743,
goal:743,743,743,743,743,743,743,743,743,743,743,743,743,743,743,743,743,743,743,743,743,743,743,743,743,743,743,743,743,743,743,743,743,743,743,743,743,743,743,743,743,743,743,743,743,
size:13
[agent] id:25
path:709,741,773,805,837,838,839,840,841,842,874,875,876,877,878,879,880,881,882,883,884,885,886,918,919,920,920,920,920,920,920,920,920,920,920,920,920,920,920,920,920,920,920,920,920,
goal:920,920,920,920,920,920,920,920,920,920,920,920,920,920,920,920,920,920,920,920,920,920,920,920,920,920,920,920,920,920,920,920,920,920,920,920,920,920,920,920,920,920,920,920,920,
size:25
[agent] id:26
path:451,483,515,547,548,549,550,551,552,553,554,555,556,557,589,590,591,592,593,594,626,627,628,629,630,631,632,633,634,635,635,635,635,635,635,635,635,635,635,635,635,635,635,635,635,
goal:635,635,635,635,635,635,635,635,635,635,635,635,635,635,635,635,635,635,635,635,635,635,635,635,635,635,635,635,635,635,635,635,635,635,635,635,635,635,635,635,635,635,635,635,635,
size:29
[agent] id:27
path:833,801,802,803,771,739,707,708,676,644,612,613,614,615,583,551,519,520,521,489,457,458,426,394,395,396,364,332,300,268,269,270,271,239,240,241,209,210,211,212,213,181,182,182,182,
goal:182,182,182,182,182,182,182,182,182,182,182,182,182,182,182,182,182,182,182,182,182,182,182,182,182,182,182,182,182,182,182,182,182,182,182,182,182,182,182,182,182,182,182,182,182,
size:42
[agent] id:28
path:726,725,724,723,755,754,786,818,818,850,849,848,847,846,845,844,844,876,876,876,876,876,876,876,876,876,876,876,876,876,876,876,876,876,876,876,876,876,876,876,876,876,876,876,876,
goal:876,876,876,876,876,876,876,876,876,876,876,876,876,876,876,876,876,876,876,876,876,876,876,876,876,876,876,876,876,876,876,876,876,876,876,876,876,876,876,876,876,876,876,876,876,
size:17
[agent] id:29
path:571,603,635,667,699,731,730,762,794,793,825,824,823,855,887,886,885,884,883,915,914,946,945,944,943,942,941,940,939,938,938,938,938,938,938,938,938,938,938,938,938,938,938,938,938,
goal:938,938,938,938,938,938,938,938,938,938,938,938,938,938,938,938,938,938,938,938,938,938,938,938,938,938,938,938,938,938,938,938,938,938,938,938,938,938,938,938,938,938,938,938,938,
size:29
SolutionCost:720
