[setting] seed:2363
[solver] type:SASB-ECBS
[solver] w:2.000000
[solver] ID:0
[solver] Lowlevelnode:10216
[solver] Highlevelnode:21
[solver] ConflictCount:11
[solver] solved:1
[solver] elapsed:58
[solver] makespan:42
[problem] timesteplimit:15000
[problem] type:MAPF
[problem] agentnum:30
[graph] width:32
[graph] height:32
[graph] filename:./map/32by32_agents10_ex30.map
[task] id:4,start:0,end:0,service time:0,nodes:633,
[task] id:11,start:0,end:0,service time:0,nodes:915,
[task] id:3,start:0,end:0,service time:0,nodes:593,
[task] id:6,start:0,end:0,service time:0,nodes:347,
[task] id:25,start:0,end:0,service time:0,nodes:453,
[task] id:1,start:0,end:0,service time:0,nodes:806,
[task] id:8,start:0,end:0,service time:0,nodes:514,
[task] id:10,start:0,end:0,service time:0,nodes:673,
[task] id:28,start:0,end:0,service time:0,nodes:499,
[task] id:17,start:0,end:0,service time:0,nodes:894,
[task] id:14,start:0,end:0,service time:0,nodes:105,
[task] id:22,start:0,end:0,service time:0,nodes:930,
[task] id:24,start:0,end:0,service time:0,nodes:467,
[task] id:7,start:0,end:0,service time:0,nodes:679,
[task] id:27,start:0,end:0,service time:0,nodes:825,
[task] id:16,start:0,end:0,service time:0,nodes:654,
[task] id:19,start:0,end:0,service time:0,nodes:878,
[task] id:29,start:0,end:0,service time:0,nodes:416,
[task] id:12,start:0,end:0,service time:0,nodes:178,
[task] id:13,start:0,end:0,service time:0,nodes:431,
[task] id:21,start:0,end:0,service time:0,nodes:939,
[task] id:18,start:0,end:0,service time:0,nodes:998,
[task] id:23,start:0,end:0,service time:0,nodes:443,
[task] id:2,start:0,end:0,service time:0,nodes:146,
[task] id:20,start:0,end:0,service time:0,nodes:90,
[task] id:9,start:0,end:0,service time:0,nodes:162,
[task] id:26,start:0,end:0,service time:0,nodes:574,
[task] id:0,start:0,end:0,service time:0,nodes:858,
[task] id:15,start:0,end:0,service time:0,nodes:199,
[task] id:5,start:0,end:0,service time:0,nodes:414,
[agent] id:0
path:962,963,964,965,933,934,935,936,937,938,906,874,875,876,877,878,879,880,881,882,883,884,885,886,887,919,920,952,984,985,986,987,955,956,924,892,860,859,858,858,858,858,858,
goal:858,858,858,858,858,858,858,858,858,858,858,858,858,858,858,858,858,858,858,858,858,858,858,858,858,858,858,858,858,858,858,858,858,858,858,858,858,858,858,858,858,858,858,
size:38
[agent] id:1
path:970,938,906,874,842,810,809,808,807,806,806,806,806,806,806,806,806,806,806,806,806,806,806,806,806,806,806,806,806,806,806,806,806,806,806,806,806,806,806,806,806,806,806,
goal:806,806,806,806,806,806,806,806,806,806,806,806,806,806,806,806,806,806,806,806,806,806,806,806,806,806,806,806,806,806,806,806,806,806,806,806,806,806,806,806,806,806,806,
size:9
[agent] id:2
path:859,858,857,825,793,792,760,728,696,664,632,600,599,567,535,534,533,501,469,437,405,373,341,309,277,245,213,212,211,210,209,177,145,146,146,146,146,146,146,146,146,146,146,
goal:146,146,146,146,146,146,146,146,146,146,146,146,146,146,146,146,146,146,146,146,146,146,146,146,146,146,146,146,146,146,146,146,146,146,146,146,146,146,146,146,146,146,146,
size:33
[agent] id:3
path:556,557,589,590,591,592,593,593,593,593,593,593,593,593,593,593,593,593,593,593,593,593,593,593,593,593,593,593,593,593,593,593,593,593,593,593,593,593,593,593,593,593,593,
goal:593,593,593,593,593,593,593,593,593,593,593,593,593,593,593,593,593,593,593,593,593,593,593,593,593,593,593,593,593,593,593,593,593,593,593,593,593,593,593,593,593,593,593,
size:6
[agent] id:4
path:570,602,634,633,633,633,633,633,633,633,633,633,633,633,633,633,633,633,633,633,633,633,633,633,633,633,633,633,633,633,633,633,633,633,633,633,633,633,633,633,633,633,633,
goal:633,633,633,633,633,633,633,633,633,633,633,633,633,633,633,633,633,633,633,633,633,633,633,633,633,633,633,633,633,633,633,633,633,633,633,633,633,633,633,633,633,633,633,
size:3
[agent] id:5
path:966,934,902,870,838,806,774,742,710,678,646,614,582,550,551,552,553,554,555,556,557,558,559,560,561,562,563,564,565,533,534,535,536,537,538,539,507,508,476,477,478,446,414,
goal:414,414,414,414,414,414,414,414,414,414,414,414,414,414,414,414,414,414,414,414,414,414,414,414,414,414,414,414,414,414,414,414,414,414,414,414,414,414,414,414,414,414,414,
size:42
[agent] id:6
path:312,344,345,377,378,379,347,347,347,347,347,347,347,347,347,347,347,347,347,347,347,347,347,347,347,347,347,347,347,347,347,347,347,347,347,347,347,347,347,347,347,347,347,
goal:347,347,347,347,347,347,347,347,347,347,347,347,347,347,347,347,347,347,347,347,347,347,347,347,347,347,347,347,347,347,347,347,347,347,347,347,347,347,347,347,347,347,347,
size:6
[agent] id:7
path:976,944,943,911,879,847,846,814,782,750,718,717,716,715,683,682,681,680,679,679,679,679,679,679,679,679,679,679,679,679,679,679,679,679,679,679,679,679,679,679,679,679,679,
goal:679,679,679,679,679,679,679,679,679,679,679,679,679,679,679,679,679,679,679,679,679,679,679,679,679,679,679,679,679,679,679,679,679,679,679,679,679,679,679,679,679,679,679,
size:18
[agent] id:8
path:616,584,552,520,519,518,517,516,515,514,514,514,514,514,514,514,514,514,514,514,514,514,514,514,514,514,514,514,514,514,514,514,514,514,514,514,514,514,514,514,514,514,514,
goal:514,514,514,514,514,514,514,514,514,514,514,514,514,514,514,514,514,514,514,514,514,514,514,514,514,514,514,514,514,514,514,514,514,514,514,514,514,514,514,514,514,514,514,
size:9
[agent] id:9
path:56,55,54,53,52,84,83,115,114,146,145,144,143,142,174,173,172,171,203,202,201,200,199,231,230,229,228,227,259,258,257,225,193,161,162,162,162,162,162,162,162,162,162,
goal:162,162,162,162,162,162,162,162,162,162,162,162,162,162,162,162,162,162,162,162,162,162,162,162,162,162,162,162,162,162,162,162,162,162,162,162,162,162,162,162,162,162,162,
size:34
[agent] id:10
path:713,712,711,710,709,708,707,706,705,673,673,673,673,673,673,673,673,673,673,673,673,673,673,673,673,673,673,673,673,673,673,673,673,673,673,673,673,673,673,673,673,673,673,
goal:673,673,673,673,673,673,673,673,673,673,673,673,673,673,673,673,673,673,673,673,673,673,673,673,673,673,673,673,673,673,673,673,673,673,673,673,673,673,673,673,673,673,673,
size:9
[agent] id:11
path:943,911,912,913,914,915,915,915,915,915,915,915,915,915,915,915,915,915,915,915,915,915,915,915,915,915,915,915,915,915,915,915,915,915,915,915,915,915,915,915,915,915,915,
goal:915,915,915,915,915,915,915,915,915,915,915,915,915,915,915,915,915,915,915,915,915,915,915,915,915,915,915,915,915,915,915,915,915,915,915,915,915,915,915,915,915,915,915,
size:5
[agent] id:12
path:682,650,618,619,620,621,589,557,525,526,527,528,529,497,465,433,401,369,337,305,273,241,209,177,178,178,178,178,178,178,178,178,178,178,178,178,178,178,178,178,178,178,178,
goal:178,178,178,178,178,178,178,178,178,178,178,178,178,178,178,178,178,178,178,178,178,178,178,178,178,178,178,178,178,178,178,178,178,178,178,178,178,178,178,178,178,178,178,
size:24
[agent] id:13
path:35,67,68,69,101,133,165,166,167,199,200,201,233,234,235,236,268,300,301,302,334,366,367,399,431,431,431,431,431,431,431,431,431,431,431,431,431,431,431,431,431,431,431,
goal:431,431,431,431,431,431,431,431,431,431,431,431,431,431,431,431,431,431,431,431,431,431,431,431,431,431,431,431,431,431,431,431,431,431,431,431,431,431,431,431,431,431,431,
size:24
[agent] id:14
path:461,429,397,396,364,332,300,268,236,204,172,140,139,107,106,105,105,105,105,105,105,105,105,105,105,105,105,105,105,105,105,105,105,105,105,105,105,105,105,105,105,105,105,
goal:105,105,105,105,105,105,105,105,105,105,105,105,105,105,105,105,105,105,105,105,105,105,105,105,105,105,105,105,105,105,105,105,105,105,105,105,105,105,105,105,105,105,105,
size:15
[agent] id:15
path:858,857,825,793,792,760,728,696,664,632,600,599,567,535,534,533,501,469,437,405,373,341,309,308,307,306,274,242,241,240,239,207,206,205,204,203,202,201,200,199,199,199,199,
goal:199,199,199,199,199,199,199,199,199,199,199,199,199,199,199,199,199,199,199,199,199,199,199,199,199,199,199,199,199,199,199,199,199,199,199,199,199,199,199,199,199,199,199,
size:39
[agent] id:16
path:604,603,635,667,699,698,697,729,728,727,726,725,693,692,691,690,689,688,687,655,654,654,654,654,654,654,654,654,654,654,654,654,654,654,654,654,654,654,654,654,654,654,654,
goal:654,654,654,654,654,654,654,654,654,654,654,654,654,654,654,654,654,654,654,654,654,654,654,654,654,654,654,654,654,654,654,654,654,654,654,654,654,654,654,654,654,654,654,
size:20
[agent] id:17
path:634,635,667,699,700,701,733,765,797,798,830,831,863,895,894,894,894,894,894,894,894,894,894,894,894,894,894,894,894,894,894,894,894,894,894,894,894,894,894,894,894,894,894,
goal:894,894,894,894,894,894,894,894,894,894,894,894,894,894,894,894,894,894,894,894,894,894,894,894,894,894,894,894,894,894,894,894,894,894,894,894,894,894,894,894,894,894,894,
size:14
[agent] id:18
path:429,428,460,459,458,490,522,521,553,552,584,616,648,680,712,744,776,808,840,872,904,936,935,967,999,998,998,998,998,998,998,998,998,998,998,998,998,998,998,998,998,998,998,
goal:998,998,998,998,998,998,998,998,998,998,998,998,998,998,998,998,998,998,998,998,998,998,998,998,998,998,998,998,998,998,998,998,998,998,998,998,998,998,998,998,998,998,998,
size:25
[agent] id:19
path:423,424,456,457,489,521,553,554,555,556,557,589,621,653,685,717,749,781,782,814,846,878,878,878,878,878,878,878,878,878,878,878,878,878,878,878,878,878,878,878,878,878,878,
goal:878,878,878,878,878,878,878,878,878,878,878,878,878,878,878,878,878,878,878,878,878,878,878,878,878,878,878,878,878,878,878,878,878,878,878,878,878,878,878,878,878,878,878,
size:21
[agent] id:20
path:257,258,259,227,228,229,230,231,199,200,201,202,203,204,205,206,174,142,110,78,79,80,48,49,50,51,52,53,54,86,87,88,89,90,90,90,90,90,90,90,90,90,90,
goal:90,90,90,90,90,90,90,90,90,90,90,90,90,90,90,90,90,90,90,90,90,90,90,90,90,90,90,90,90,90,90,90,90,90,90,90,90,90,90,90,90,90,90,
size:33
[agent] id:21
path:765,797,796,795,794,793,825,824,823,855,887,886,885,884,883,882,914,946,945,944,943,942,941,940,939,939,939,939,939,939,939,939,939,939,939,939,939,939,939,939,939,939,939,
goal:939,939,939,939,939,939,939,939,939,939,939,939,939,939,939,939,939,939,939,939,939,939,939,939,939,939,939,939,939,939,939,939,939,939,939,939,939,939,939,939,939,939,939,
size:24
[agent] id:22
path:582,614,646,678,710,742,741,773,805,837,869,901,900,899,931,930,930,930,930,930,930,930,930,930,930,930,930,930,930,930,930,930,930,930,930,930,930,930,930,930,930,930,930,
goal:930,930,930,930,930,930,930,930,930,930,930,930,930,930,930,930,930,930,930,930,930,930,930,930,930,930,930,930,930,930,930,930,930,930,930,930,930,930,930,930,930,930,930,
size:15
[agent] id:23
path:612,613,614,582,550,551,552,553,554,555,556,557,558,559,560,561,562,563,564,565,533,534,535,503,504,472,473,441,442,443,443,443,443,443,443,443,443,443,443,443,443,443,443,
goal:443,443,443,443,443,443,443,443,443,443,443,443,443,443,443,443,443,443,443,443,443,443,443,443,443,443,443,443,443,443,443,443,443,443,443,443,443,443,443,443,443,443,443,
size:29
[agent] id:24
path:701,669,637,605,604,603,571,539,538,537,536,535,534,533,501,469,468,467,467,467,467,467,467,467,467,467,467,467,467,467,467,467,467,467,467,467,467,467,467,467,467,467,467,
goal:467,467,467,467,467,467,467,467,467,467,467,467,467,467,467,467,467,467,467,467,467,467,467,467,467,467,467,467,467,467,467,467,467,467,467,467,467,467,467,467,467,467,467,
size:17
[agent] id:25
path:385,417,449,450,451,452,453,453,453,453,453,453,453,453,453,453,453,453,453,453,453,453,453,453,453,453,453,453,453,453,453,453,453,453,453,453,453,453,453,453,453,453,453,
goal:453,453,453,453,453,453,453,453,453,453,453,453,453,453,453,453,453,453,453,453,453,453,453,453,453,453,453,453,453,453,453,453,453,453,453,453,453,453,453,453,453,453,453,
size:6
[agent] id:26
path:737,705,673,641,642,643,644,645,646,647,648,649,650,651,652,653,654,655,656,657,658,659,660,661,662,663,664,696,697,698,699,667,635,603,604,605,573,574,574,574,574,574,574,
goal:574,574,574,574,574,574,574,574,574,574,574,574,574,574,574,574,574,574,574,574,574,574,574,574,574,574,574,574,574,574,574,574,574,574,574,574,574,574,574,574,574,574,574,
size:37
[agent] id:27
path:839,840,841,842,843,844,845,846,847,848,849,850,851,852,853,821,822,823,824,825,825,825,825,825,825,825,825,825,825,825,825,825,825,825,825,825,825,825,825,825,825,825,825,
goal:825,825,825,825,825,825,825,825,825,825,825,825,825,825,825,825,825,825,825,825,825,825,825,825,825,825,825,825,825,825,825,825,825,825,825,825,825,825,825,825,825,825,825,
size:19
[agent] id:28
path:636,604,603,571,539,538,537,536,535,534,533,501,500,499,499,499,499,499,499,499,499,499,499,499,499,499,499,499,499,499,499,499,499,499,499,499,499,499,499,499,499,499,499,
goal:499,499,499,499,499,499,499,499,499,499,499,499,499,499,499,499,499,499,499,499,499,499,499,499,499,499,499,499,499,499,499,499,499,499,499,499,499,499,499,499,499,499,499,
size:13
[agent] id:29
path:303,302,301,300,332,331,332,364,396,395,394,393,392,424,423,422,421,420,419,418,417,416,416,416,416,416,416,416,416,416,416,416,416,416,416,416,416,416,416,416,416,416,416,
goal:416,416,416,416,416,416,416,416,416,416,416,416,416,416,416,416,416,416,416,416,416,416,416,416,416,416,416,416,416,416,416,416,416,416,416,416,416,416,416,416,416,416,416,
size:21
SolutionCost:608
