[setting] seed:132
[solver] type:SASB-ECBS
[solver] w:2.000000
[solver] ID:0
[solver] Lowlevelnode:1810
[solver] Highlevelnode:3
[solver] ConflictCount:2
[solver] solved:1
[solver] elapsed:52
[solver] makespan:35
[problem] timesteplimit:15000
[problem] type:MAPF
[problem] agentnum:10
[graph] width:32
[graph] height:32
[graph] filename:./map/32by32_agents10_ex30.map
[task] id:0,start:0,end:0,service time:0,nodes:202,
[task] id:6,start:0,end:0,service time:0,nodes:283,
[task] id:5,start:0,end:0,service time:0,nodes:143,
[task] id:7,start:0,end:0,service time:0,nodes:65,
[task] id:4,start:0,end:0,service time:0,nodes:953,
[task] id:3,start:0,end:0,service time:0,nodes:791,
[task] id:2,start:0,end:0,service time:0,nodes:260,
[task] id:8,start:0,end:0,service time:0,nodes:101,
[task] id:1,start:0,end:0,service time:0,nodes:920,
[task] id:9,start:0,end:0,service time:0,nodes:847,
[agent] id:0
path:204,203,202,202,202,202,202,202,202,202,202,202,202,202,202,202,202,202,202,202,202,202,202,202,202,202,202,202,202,202,202,202,202,202,202,202,
goal:202,202,202,202,202,202,202,202,202,202,202,202,202,202,202,202,202,202,202,202,202,202,202,202,202,202,202,202,202,202,202,202,202,202,202,202,
size:2
[agent] id:1
path:221,189,188,187,219,218,217,216,248,280,312,344,376,408,409,441,473,472,504,536,535,567,599,631,663,695,727,759,760,792,824,823,855,887,919,920,
goal:920,920,920,920,920,920,920,920,920,920,920,920,920,920,920,920,920,920,920,920,920,920,920,920,920,920,920,920,920,920,920,920,920,920,920,920,
size:35
[agent] id:2
path:341,309,308,307,306,305,304,303,271,270,269,268,236,235,234,233,201,200,199,231,263,262,261,260,260,260,260,260,260,260,260,260,260,260,260,260,
goal:260,260,260,260,260,260,260,260,260,260,260,260,260,260,260,260,260,260,260,260,260,260,260,260,260,260,260,260,260,260,260,260,260,260,260,260,
size:23
[agent] id:3
path:709,710,711,712,713,714,715,716,717,718,686,687,688,720,721,722,723,724,725,757,758,759,791,791,791,791,791,791,791,791,791,791,791,791,791,791,
goal:791,791,791,791,791,791,791,791,791,791,791,791,791,791,791,791,791,791,791,791,791,791,791,791,791,791,791,791,791,791,791,791,791,791,791,791,
size:22
[agent] id:4
path:607,639,671,703,735,734,766,798,830,831,863,895,927,959,958,957,956,955,987,986,985,953,953,953,953,953,953,953,953,953,953,953,953,953,953,953,
goal:953,953,953,953,953,953,953,953,953,953,953,953,953,953,953,953,953,953,953,953,953,953,953,953,953,953,953,953,953,953,953,953,953,953,953,953,
size:21
[agent] id:5
path:90,89,88,87,86,54,53,52,84,83,115,114,146,145,144,143,143,143,143,143,143,143,143,143,143,143,143,143,143,143,143,143,143,143,143,143,
goal:143,143,143,143,143,143,143,143,143,143,143,143,143,143,143,143,143,143,143,143,143,143,143,143,143,143,143,143,143,143,143,143,143,143,143,143,
size:15
[agent] id:6
path:31,63,95,127,159,191,223,255,287,286,285,317,316,315,283,283,283,283,283,283,283,283,283,283,283,283,283,283,283,283,283,283,283,283,283,283,
goal:283,283,283,283,283,283,283,283,283,283,283,283,283,283,283,283,283,283,283,283,283,283,283,283,283,283,283,283,283,283,283,283,283,283,283,283,
size:14
[agent] id:7
path:48,80,79,78,77,45,44,12,11,10,42,74,73,72,71,70,69,68,67,66,65,65,65,65,65,65,65,65,65,65,65,65,65,65,65,65,
goal:65,65,65,65,65,65,65,65,65,65,65,65,65,65,65,65,65,65,65,65,65,65,65,65,65,65,65,65,65,65,65,65,65,65,65,65,
size:20
[agent] id:8
path:754,722,690,658,626,594,562,530,498,466,434,402,401,369,337,305,273,241,240,239,207,206,174,173,172,140,139,138,137,136,135,134,133,101,101,101,
goal:101,101,101,101,101,101,101,101,101,101,101,101,101,101,101,101,101,101,101,101,101,101,101,101,101,101,101,101,101,101,101,101,101,101,101,101,
size:33
[agent] id:9
path:123,155,187,219,218,217,216,248,280,312,344,376,408,407,439,438,470,469,501,533,565,597,629,661,693,725,724,723,755,754,786,818,850,849,848,847,
goal:847,847,847,847,847,847,847,847,847,847,847,847,847,847,847,847,847,847,847,847,847,847,847,847,847,847,847,847,847,847,847,847,847,847,847,847,
size:35
SolutionCost:220
