[setting] seed:10524
[solver] type:SASB-ECBS
[solver] w:2.000000
[solver] ID:0
[solver] Lowlevelnode:370
[solver] Highlevelnode:3
[solver] ConflictCount:2
[solver] solved:1
[solver] elapsed:1
[solver] makespan:33
[problem] timesteplimit:15000
[problem] type:MAPF
[problem] agentnum:10
[graph] width:32
[graph] height:32
[graph] filename:./map/32by32_agents10_ex30.map
[task] id:7,start:0,end:0,service time:0,nodes:805,
[task] id:2,start:0,end:0,service time:0,nodes:960,
[task] id:8,start:0,end:0,service time:0,nodes:661,
[task] id:1,start:0,end:0,service time:0,nodes:243,
[task] id:4,start:0,end:0,service time:0,nodes:534,
[task] id:5,start:0,end:0,service time:0,nodes:241,
[task] id:9,start:0,end:0,service time:0,nodes:604,
[task] id:0,start:0,end:0,service time:0,nodes:569,
[task] id:3,start:0,end:0,service time:0,nodes:348,
[task] id:6,start:0,end:0,service time:0,nodes:707,
[agent] id:0
path:640,641,609,577,578,579,547,548,549,550,551,552,553,554,555,556,557,558,559,560,561,562,563,564,565,566,567,535,536,537,569,569,569,569,
goal:569,569,569,569,569,569,569,569,569,569,569,569,569,569,569,569,569,569,569,569,569,569,569,569,569,569,569,569,569,569,569,569,569,569,
size:30
[agent] id:1
path:223,222,221,189,188,187,219,218,217,216,215,214,213,212,211,243,243,243,243,243,243,243,243,243,243,243,243,243,243,243,243,243,243,243,
goal:243,243,243,243,243,243,243,243,243,243,243,243,243,243,243,243,243,243,243,243,243,243,243,243,243,243,243,243,243,243,243,243,243,243,
size:15
[agent] id:2
path:965,964,963,962,961,960,960,960,960,960,960,960,960,960,960,960,960,960,960,960,960,960,960,960,960,960,960,960,960,960,960,960,960,960,
goal:960,960,960,960,960,960,960,960,960,960,960,960,960,960,960,960,960,960,960,960,960,960,960,960,960,960,960,960,960,960,960,960,960,960,
size:5
[agent] id:3
path:326,358,359,391,392,393,394,395,396,364,332,300,301,302,303,304,305,306,307,308,309,310,311,312,344,345,377,378,379,347,348,348,348,348,
goal:348,348,348,348,348,348,348,348,348,348,348,348,348,348,348,348,348,348,348,348,348,348,348,348,348,348,348,348,348,348,348,348,348,348,
size:30
[agent] id:4
path:519,520,521,522,554,555,556,557,558,559,560,561,562,563,564,565,533,534,534,534,534,534,534,534,534,534,534,534,534,534,534,534,534,534,
goal:534,534,534,534,534,534,534,534,534,534,534,534,534,534,534,534,534,534,534,534,534,534,534,534,534,534,534,534,534,534,534,534,534,534,
size:17
[agent] id:5
path:66,67,68,69,101,133,165,166,167,199,200,201,202,203,204,205,206,207,239,240,241,241,241,241,241,241,241,241,241,241,241,241,241,241,
goal:241,241,241,241,241,241,241,241,241,241,241,241,241,241,241,241,241,241,241,241,241,241,241,241,241,241,241,241,241,241,241,241,241,241,
size:20
[agent] id:6
path:443,442,474,473,472,504,536,535,567,599,631,630,629,628,660,692,691,690,689,688,687,686,718,717,716,715,714,713,712,711,710,709,708,707,
goal:707,707,707,707,707,707,707,707,707,707,707,707,707,707,707,707,707,707,707,707,707,707,707,707,707,707,707,707,707,707,707,707,707,707,
size:33
[agent] id:7
path:771,803,804,805,805,805,805,805,805,805,805,805,805,805,805,805,805,805,805,805,805,805,805,805,805,805,805,805,805,805,805,805,805,805,
goal:805,805,805,805,805,805,805,805,805,805,805,805,805,805,805,805,805,805,805,805,805,805,805,805,805,805,805,805,805,805,805,805,805,805,
size:3
[agent] id:8
path:883,851,819,818,786,754,722,690,658,659,660,661,661,661,661,661,661,661,661,661,661,661,661,661,661,661,661,661,661,661,661,661,661,661,
goal:661,661,661,661,661,661,661,661,661,661,661,661,661,661,661,661,661,661,661,661,661,661,661,661,661,661,661,661,661,661,661,661,661,661,
size:11
[agent] id:9
path:554,555,556,557,558,559,560,561,562,563,564,596,597,598,599,600,632,633,634,602,603,604,604,604,604,604,604,604,604,604,604,604,604,604,
goal:604,604,604,604,604,604,604,604,604,604,604,604,604,604,604,604,604,604,604,604,604,604,604,604,604,604,604,604,604,604,604,604,604,604,
size:21
SolutionCost:185
