[setting] seed:6329
[solver] type:SASB-ECBS
[solver] w:2.000000
[solver] ID:0
[solver] Lowlevelnode:4007
[solver] Highlevelnode:19
[solver] ConflictCount:10
[solver] solved:1
[solver] elapsed:43
[solver] makespan:50
[problem] timesteplimit:15000
[problem] type:MAPF
[problem] agentnum:30
[graph] width:32
[graph] height:32
[graph] filename:./map/32by32_agents10_ex30.map
[task] id:12,start:0,end:0,service time:0,nodes:702,
[task] id:27,start:0,end:0,service time:0,nodes:181,
[task] id:4,start:0,end:0,service time:0,nodes:843,
[task] id:6,start:0,end:0,service time:0,nodes:982,
[task] id:2,start:0,end:0,service time:0,nodes:727,
[task] id:19,start:0,end:0,service time:0,nodes:705,
[task] id:3,start:0,end:0,service time:0,nodes:683,
[task] id:13,start:0,end:0,service time:0,nodes:521,
[task] id:0,start:0,end:0,service time:0,nodes:312,
[task] id:10,start:0,end:0,service time:0,nodes:50,
[task] id:29,start:0,end:0,service time:0,nodes:203,
[task] id:24,start:0,end:0,service time:0,nodes:368,
[task] id:15,start:0,end:0,service time:0,nodes:500,
[task] id:17,start:0,end:0,service time:0,nodes:106,
[task] id:28,start:0,end:0,service time:0,nodes:838,
[task] id:1,start:0,end:0,service time:0,nodes:218,
[task] id:20,start:0,end:0,service time:0,nodes:652,
[task] id:9,start:0,end:0,service time:0,nodes:83,
[task] id:16,start:0,end:0,service time:0,nodes:618,
[task] id:21,start:0,end:0,service time:0,nodes:565,
[task] id:23,start:0,end:0,service time:0,nodes:641,
[task] id:18,start:0,end:0,service time:0,nodes:306,
[task] id:25,start:0,end:0,service time:0,nodes:887,
[task] id:7,start:0,end:0,service time:0,nodes:286,
[task] id:26,start:0,end:0,service time:0,nodes:142,
[task] id:14,start:0,end:0,service time:0,nodes:53,
[task] id:8,start:0,end:0,service time:0,nodes:1015,
[task] id:11,start:0,end:0,service time:0,nodes:965,
[task] id:22,start:0,end:0,service time:0,nodes:39,
[task] id:5,start:0,end:0,service time:0,nodes:859,
[agent] id:0
path:397,396,364,332,300,301,302,303,304,305,306,307,308,309,310,311,312,312,312,312,312,312,312,312,312,312,312,312,312,312,312,312,312,312,312,312,312,312,312,312,312,312,312,312,312,312,312,312,312,312,312,
goal:312,312,312,312,312,312,312,312,312,312,312,312,312,312,312,312,312,312,312,312,312,312,312,312,312,312,312,312,312,312,312,312,312,312,312,312,312,312,312,312,312,312,312,312,312,312,312,312,312,312,312,
size:16
[agent] id:1
path:292,260,228,229,230,231,199,200,201,202,203,204,205,206,207,239,240,241,209,210,211,212,213,214,215,216,217,218,218,218,218,218,218,218,218,218,218,218,218,218,218,218,218,218,218,218,218,218,218,218,218,
goal:218,218,218,218,218,218,218,218,218,218,218,218,218,218,218,218,218,218,218,218,218,218,218,218,218,218,218,218,218,218,218,218,218,218,218,218,218,218,218,218,218,218,218,218,218,218,218,218,218,218,218,
size:27
[agent] id:2
path:622,654,686,687,688,720,721,722,723,724,725,726,727,727,727,727,727,727,727,727,727,727,727,727,727,727,727,727,727,727,727,727,727,727,727,727,727,727,727,727,727,727,727,727,727,727,727,727,727,727,727,
goal:727,727,727,727,727,727,727,727,727,727,727,727,727,727,727,727,727,727,727,727,727,727,727,727,727,727,727,727,727,727,727,727,727,727,727,727,727,727,727,727,727,727,727,727,727,727,727,727,727,727,727,
size:12
[agent] id:3
path:432,464,465,497,529,561,593,592,591,623,655,654,653,652,651,683,683,683,683,683,683,683,683,683,683,683,683,683,683,683,683,683,683,683,683,683,683,683,683,683,683,683,683,683,683,683,683,683,683,683,683,
goal:683,683,683,683,683,683,683,683,683,683,683,683,683,683,683,683,683,683,683,683,683,683,683,683,683,683,683,683,683,683,683,683,683,683,683,683,683,683,683,683,683,683,683,683,683,683,683,683,683,683,683,
size:15
[agent] id:4
path:741,773,805,837,838,839,840,841,842,843,843,843,843,843,843,843,843,843,843,843,843,843,843,843,843,843,843,843,843,843,843,843,843,843,843,843,843,843,843,843,843,843,843,843,843,843,843,843,843,843,843,
goal:843,843,843,843,843,843,843,843,843,843,843,843,843,843,843,843,843,843,843,843,843,843,843,843,843,843,843,843,843,843,843,843,843,843,843,843,843,843,843,843,843,843,843,843,843,843,843,843,843,843,843,
size:9
[agent] id:5
path:65,66,67,68,69,101,133,165,197,229,261,293,294,326,358,390,422,454,486,518,550,551,552,553,554,555,556,557,589,621,653,685,686,687,688,720,721,722,723,724,725,757,758,759,791,823,824,825,857,858,859,
goal:859,859,859,859,859,859,859,859,859,859,859,859,859,859,859,859,859,859,859,859,859,859,859,859,859,859,859,859,859,859,859,859,859,859,859,859,859,859,859,859,859,859,859,859,859,859,859,859,859,859,859,
size:50
[agent] id:6
path:911,943,944,945,946,978,979,980,948,949,950,982,982,982,982,982,982,982,982,982,982,982,982,982,982,982,982,982,982,982,982,982,982,982,982,982,982,982,982,982,982,982,982,982,982,982,982,982,982,982,982,
goal:982,982,982,982,982,982,982,982,982,982,982,982,982,982,982,982,982,982,982,982,982,982,982,982,982,982,982,982,982,982,982,982,982,982,982,982,982,982,982,982,982,982,982,982,982,982,982,982,982,982,982,
size:11
[agent] id:7
path:262,263,231,199,200,201,202,203,204,205,206,207,239,240,241,242,243,211,212,213,214,215,216,217,218,219,187,188,189,221,222,223,255,287,286,286,286,286,286,286,286,286,286,286,286,286,286,286,286,286,286,
goal:286,286,286,286,286,286,286,286,286,286,286,286,286,286,286,286,286,286,286,286,286,286,286,286,286,286,286,286,286,286,286,286,286,286,286,286,286,286,286,286,286,286,286,286,286,286,286,286,286,286,286,
size:34
[agent] id:8
path:110,142,174,206,207,239,240,241,273,273,305,337,369,401,433,465,497,529,561,593,594,626,658,690,722,754,786,818,850,882,883,884,885,886,918,919,920,952,984,1016,1015,1015,1015,1015,1015,1015,1015,1015,1015,1015,1015,
goal:1015,1015,1015,1015,1015,1015,1015,1015,1015,1015,1015,1015,1015,1015,1015,1015,1015,1015,1015,1015,1015,1015,1015,1015,1015,1015,1015,1015,1015,1015,1015,1015,1015,1015,1015,1015,1015,1015,1015,1015,1015,1015,1015,1015,1015,1015,1015,1015,1015,1015,1015,
size:40
[agent] id:9
path:851,819,818,786,754,722,690,658,626,594,562,530,498,466,434,402,401,369,337,305,273,241,209,177,145,113,81,82,83,83,83,83,83,83,83,83,83,83,83,83,83,83,83,83,83,83,83,83,83,83,83,
goal:83,83,83,83,83,83,83,83,83,83,83,83,83,83,83,83,83,83,83,83,83,83,83,83,83,83,83,83,83,83,83,83,83,83,83,83,83,83,83,83,83,83,83,83,83,83,83,83,83,83,83,
size:28
[agent] id:10
path:438,406,374,342,310,309,277,245,213,212,211,210,178,146,114,82,50,50,50,50,50,50,50,50,50,50,50,50,50,50,50,50,50,50,50,50,50,50,50,50,50,50,50,50,50,50,50,50,50,50,50,
goal:50,50,50,50,50,50,50,50,50,50,50,50,50,50,50,50,50,50,50,50,50,50,50,50,50,50,50,50,50,50,50,50,50,50,50,50,50,50,50,50,50,50,50,50,50,50,50,50,50,50,50,
size:16
[agent] id:11
path:80,112,144,176,177,209,241,273,305,337,369,401,433,465,497,529,561,593,592,591,623,655,687,686,718,750,782,814,846,878,877,909,941,940,939,938,937,936,935,967,966,965,965,965,965,965,965,965,965,965,965,
goal:965,965,965,965,965,965,965,965,965,965,965,965,965,965,965,965,965,965,965,965,965,965,965,965,965,965,965,965,965,965,965,965,965,965,965,965,965,965,965,965,965,965,965,965,965,965,965,965,965,965,965,
size:41
[agent] id:12
path:703,702,702,702,702,702,702,702,702,702,702,702,702,702,702,702,702,702,702,702,702,702,702,702,702,702,702,702,702,702,702,702,702,702,702,702,702,702,702,702,702,702,702,702,702,702,702,702,702,702,702,
goal:702,702,702,702,702,702,702,702,702,702,702,702,702,702,702,702,702,702,702,702,702,702,702,702,702,702,702,702,702,702,702,702,702,702,702,702,702,702,702,702,702,702,702,702,702,702,702,702,702,702,702,
size:1
[agent] id:13
path:533,565,564,563,562,562,561,560,559,558,557,556,555,554,522,521,521,521,521,521,521,521,521,521,521,521,521,521,521,521,521,521,521,521,521,521,521,521,521,521,521,521,521,521,521,521,521,521,521,521,521,
goal:521,521,521,521,521,521,521,521,521,521,521,521,521,521,521,521,521,521,521,521,521,521,521,521,521,521,521,521,521,521,521,521,521,521,521,521,521,521,521,521,521,521,521,521,521,521,521,521,521,521,521,
size:15
[agent] id:14
path:512,480,448,416,417,418,419,420,421,422,390,391,392,393,394,395,396,364,332,300,268,236,204,172,173,174,142,110,78,79,80,48,49,17,18,19,51,52,53,53,53,53,53,53,53,53,53,53,53,53,53,
goal:53,53,53,53,53,53,53,53,53,53,53,53,53,53,53,53,53,53,53,53,53,53,53,53,53,53,53,53,53,53,53,53,53,53,53,53,53,53,53,53,53,53,53,53,53,53,53,53,53,53,53,
size:38
[agent] id:15
path:20,52,84,83,115,114,146,178,210,242,274,306,307,308,309,341,373,405,437,469,501,500,500,500,500,500,500,500,500,500,500,500,500,500,500,500,500,500,500,500,500,500,500,500,500,500,500,500,500,500,500,
goal:500,500,500,500,500,500,500,500,500,500,500,500,500,500,500,500,500,500,500,500,500,500,500,500,500,500,500,500,500,500,500,500,500,500,500,500,500,500,500,500,500,500,500,500,500,500,500,500,500,500,500,
size:21
[agent] id:16
path:926,894,893,861,860,859,858,857,825,793,792,760,728,696,664,663,662,661,660,659,658,657,656,655,623,622,621,620,619,618,618,618,618,618,618,618,618,618,618,618,618,618,618,618,618,618,618,618,618,618,618,
goal:618,618,618,618,618,618,618,618,618,618,618,618,618,618,618,618,618,618,618,618,618,618,618,618,618,618,618,618,618,618,618,618,618,618,618,618,618,618,618,618,618,618,618,618,618,618,618,618,618,618,618,
size:29
[agent] id:17
path:29,28,27,26,58,57,56,55,54,53,52,84,83,82,81,80,79,78,77,45,44,12,11,10,42,74,106,106,106,106,106,106,106,106,106,106,106,106,106,106,106,106,106,106,106,106,106,106,106,106,106,
goal:106,106,106,106,106,106,106,106,106,106,106,106,106,106,106,106,106,106,106,106,106,106,106,106,106,106,106,106,106,106,106,106,106,106,106,106,106,106,106,106,106,106,106,106,106,106,106,106,106,106,106,
size:26
[agent] id:18
path:955,987,986,985,953,921,920,888,887,855,823,791,759,758,726,725,693,693,661,629,597,565,533,501,469,437,405,373,341,309,308,307,306,306,306,306,306,306,306,306,306,306,306,306,306,306,306,306,306,306,306,
goal:306,306,306,306,306,306,306,306,306,306,306,306,306,306,306,306,306,306,306,306,306,306,306,306,306,306,306,306,306,306,306,306,306,306,306,306,306,306,306,306,306,306,306,306,306,306,306,306,306,306,306,
size:32
[agent] id:19
path:354,353,385,417,449,448,480,512,544,576,577,609,641,673,705,705,705,705,705,705,705,705,705,705,705,705,705,705,705,705,705,705,705,705,705,705,705,705,705,705,705,705,705,705,705,705,705,705,705,705,705,
goal:705,705,705,705,705,705,705,705,705,705,705,705,705,705,705,705,705,705,705,705,705,705,705,705,705,705,705,705,705,705,705,705,705,705,705,705,705,705,705,705,705,705,705,705,705,705,705,705,705,705,705,
size:14
[agent] id:20
path:183,215,247,279,311,310,342,374,406,438,470,469,468,500,499,531,563,562,594,626,626,658,657,656,655,654,653,652,652,652,652,652,652,652,652,652,652,652,652,652,652,652,652,652,652,652,652,652,652,652,652,
goal:652,652,652,652,652,652,652,652,652,652,652,652,652,652,652,652,652,652,652,652,652,652,652,652,652,652,652,652,652,652,652,652,652,652,652,652,652,652,652,652,652,652,652,652,652,652,652,652,652,652,652,
size:27
[agent] id:21
path:225,257,258,290,322,354,355,356,357,389,421,453,485,517,549,550,551,552,553,554,555,556,557,558,559,560,561,562,563,564,565,565,565,565,565,565,565,565,565,565,565,565,565,565,565,565,565,565,565,565,565,
goal:565,565,565,565,565,565,565,565,565,565,565,565,565,565,565,565,565,565,565,565,565,565,565,565,565,565,565,565,565,565,565,565,565,565,565,565,565,565,565,565,565,565,565,565,565,565,565,565,565,565,565,
size:30
[agent] id:22
path:669,637,605,604,603,571,539,538,537,536,535,534,533,501,469,437,436,435,403,402,401,369,337,305,273,241,240,239,207,206,174,173,172,140,139,107,75,74,42,41,40,39,39,39,39,39,39,39,39,39,39,
goal:39,39,39,39,39,39,39,39,39,39,39,39,39,39,39,39,39,39,39,39,39,39,39,39,39,39,39,39,39,39,39,39,39,39,39,39,39,39,39,39,39,39,39,39,39,39,39,39,39,39,39,
size:41
[agent] id:23
path:765,733,701,700,699,698,697,696,664,663,662,661,660,659,658,657,656,655,654,653,652,651,650,649,648,647,646,645,644,643,642,641,641,641,641,641,641,641,641,641,641,641,641,641,641,641,641,641,641,641,641,
goal:641,641,641,641,641,641,641,641,641,641,641,641,641,641,641,641,641,641,641,641,641,641,641,641,641,641,641,641,641,641,641,641,641,641,641,641,641,641,641,641,641,641,641,641,641,641,641,641,641,641,641,
size:31
[agent] id:24
path:760,728,696,664,632,600,599,567,535,534,533,501,469,437,436,435,403,402,401,369,368,368,368,368,368,368,368,368,368,368,368,368,368,368,368,368,368,368,368,368,368,368,368,368,368,368,368,368,368,368,368,
goal:368,368,368,368,368,368,368,368,368,368,368,368,368,368,368,368,368,368,368,368,368,368,368,368,368,368,368,368,368,368,368,368,368,368,368,368,368,368,368,368,368,368,368,368,368,368,368,368,368,368,368,
size:20
[agent] id:25
path:358,390,422,454,486,518,550,582,614,646,678,710,742,774,806,838,839,840,841,842,874,875,876,877,878,879,880,881,882,883,884,885,886,887,887,887,887,887,887,887,887,887,887,887,887,887,887,887,887,887,887,
goal:887,887,887,887,887,887,887,887,887,887,887,887,887,887,887,887,887,887,887,887,887,887,887,887,887,887,887,887,887,887,887,887,887,887,887,887,887,887,887,887,887,887,887,887,887,887,887,887,887,887,887,
size:33
[agent] id:26
path:930,898,866,867,835,803,771,739,707,708,676,644,612,613,614,582,550,551,552,553,554,522,490,458,426,394,395,396,364,332,300,268,236,204,172,173,174,142,142,142,142,142,142,142,142,142,142,142,142,142,142,
goal:142,142,142,142,142,142,142,142,142,142,142,142,142,142,142,142,142,142,142,142,142,142,142,142,142,142,142,142,142,142,142,142,142,142,142,142,142,142,142,142,142,142,142,142,142,142,142,142,142,142,142,
size:37
[agent] id:27
path:188,187,186,185,184,183,182,181,181,181,181,181,181,181,181,181,181,181,181,181,181,181,181,181,181,181,181,181,181,181,181,181,181,181,181,181,181,181,181,181,181,181,181,181,181,181,181,181,181,181,181,
goal:181,181,181,181,181,181,181,181,181,181,181,181,181,181,181,181,181,181,181,181,181,181,181,181,181,181,181,181,181,181,181,181,181,181,181,181,181,181,181,181,181,181,181,181,181,181,181,181,181,181,181,
size:7
[agent] id:28
path:68,69,101,133,165,197,229,261,293,294,326,358,390,422,454,486,518,550,582,614,646,678,710,742,774,806,838,838,838,838,838,838,838,838,838,838,838,838,838,838,838,838,838,838,838,838,838,838,838,838,838,
goal:838,838,838,838,838,838,838,838,838,838,838,838,838,838,838,838,838,838,838,838,838,838,838,838,838,838,838,838,838,838,838,838,838,838,838,838,838,838,838,838,838,838,838,838,838,838,838,838,838,838,838,
size:26
[agent] id:29
path:655,623,591,559,527,526,494,493,461,429,397,396,364,332,300,268,236,204,203,203,203,203,203,203,203,203,203,203,203,203,203,203,203,203,203,203,203,203,203,203,203,203,203,203,203,203,203,203,203,203,203,
goal:203,203,203,203,203,203,203,203,203,203,203,203,203,203,203,203,203,203,203,203,203,203,203,203,203,203,203,203,203,203,203,203,203,203,203,203,203,203,203,203,203,203,203,203,203,203,203,203,203,203,203,
size:18
SolutionCost:745
