[setting] seed:6373
[solver] type:SASB-ECBS
[solver] w:2.000000
[solver] ID:0
[solver] Lowlevelnode:17235
[solver] Highlevelnode:26
[solver] ConflictCount:13
[solver] solved:1
[solver] elapsed:75
[solver] makespan:51
[problem] timesteplimit:15000
[problem] type:MAPF
[problem] agentnum:30
[graph] width:32
[graph] height:32
[graph] filename:./map/32by32_agents10_ex30.map
[task] id:22,start:0,end:0,service time:0,nodes:609,
[task] id:5,start:0,end:0,service time:0,nodes:616,
[task] id:10,start:0,end:0,service time:0,nodes:493,
[task] id:17,start:0,end:0,service time:0,nodes:316,
[task] id:13,start:0,end:0,service time:0,nodes:806,
[task] id:19,start:0,end:0,service time:0,nodes:871,
[task] id:23,start:0,end:0,service time:0,nodes:589,
[task] id:8,start:0,end:0,service time:0,nodes:293,
[task] id:18,start:0,end:0,service time:0,nodes:103,
[task] id:7,start:0,end:0,service time:0,nodes:453,
[task] id:24,start:0,end:0,service time:0,nodes:570,
[task] id:1,start:0,end:0,service time:0,nodes:825,
[task] id:3,start:0,end:0,service time:0,nodes:166,
[task] id:11,start:0,end:0,service time:0,nodes:361,
[task] id:29,start:0,end:0,service time:0,nodes:861,
[task] id:0,start:0,end:0,service time:0,nodes:702,
[task] id:2,start:0,end:0,service time:0,nodes:312,
[task] id:6,start:0,end:0,service time:0,nodes:181,
[task] id:30,start:0,end:0,service time:0,nodes:806,
[task] id:21,start:0,end:0,service time:0,nodes:112,
[task] id:15,start:0,end:0,service time:0,nodes:786,
[task] id:16,start:0,end:0,service time:0,nodes:410,
[task] id:31,start:0,end:0,service time:0,nodes:825,
[task] id:25,start:0,end:0,service time:0,nodes:858,
[task] id:12,start:0,end:0,service time:0,nodes:56,
[task] id:20,start:0,end:0,service time:0,nodes:818,
[task] id:4,start:0,end:0,service time:0,nodes:985,
[task] id:26,start:0,end:0,service time:0,nodes:406,
[task] id:9,start:0,end:0,service time:0,nodes:942,
[task] id:14,start:0,end:0,service time:0,nodes:898,
[task] id:27,start:0,end:0,service time:0,nodes:1007,
[task] id:28,start:0,end:0,service time:0,nodes:223,
[agent] id:0
path:87,119,151,183,215,247,279,311,312,344,376,408,409,441,473,472,504,536,537,569,570,571,603,635,667,699,700,701,702,702,702,702,702,702,702,702,702,702,702,702,702,702,702,702,702,702,702,702,702,702,702,702,
goal:702,702,702,702,702,702,702,702,702,702,702,702,702,702,702,702,702,702,702,702,702,702,702,702,702,702,702,702,702,702,702,702,702,702,702,702,702,702,702,702,702,702,702,702,702,702,702,702,702,702,702,702,
size:28
[agent] id:1
path:283,315,347,379,378,410,442,474,473,472,504,536,535,567,599,631,663,695,727,759,791,823,824,825,825,825,825,825,825,825,824,824,825,825,825,825,825,825,825,825,825,825,825,825,825,825,825,825,825,825,825,825,
goal:825,825,825,825,825,825,825,825,825,825,825,825,825,825,825,825,825,825,825,825,825,825,825,825,825,825,825,825,825,825,825,825,825,825,825,825,825,825,825,825,825,825,825,825,825,825,825,825,825,825,825,825,
size:32
[agent] id:2
path:894,893,861,860,859,858,857,825,793,792,760,728,696,664,632,600,599,567,535,503,504,472,473,441,409,377,345,313,312,312,312,312,312,312,312,312,312,312,312,312,312,312,312,312,312,312,312,312,312,312,312,312,
goal:312,312,312,312,312,312,312,312,312,312,312,312,312,312,312,312,312,312,312,312,312,312,312,312,312,312,312,312,312,312,312,312,312,312,312,312,312,312,312,312,312,312,312,312,312,312,312,312,312,312,312,312,
size:28
[agent] id:3
path:594,562,530,498,466,434,402,401,369,337,305,273,241,240,239,207,206,205,204,203,202,201,169,168,167,166,166,166,166,166,166,166,166,166,166,166,166,166,166,166,166,166,166,166,166,166,166,166,166,166,166,166,
goal:166,166,166,166,166,166,166,166,166,166,166,166,166,166,166,166,166,166,166,166,166,166,166,166,166,166,166,166,166,166,166,166,166,166,166,166,166,166,166,166,166,166,166,166,166,166,166,166,166,166,166,166,
size:25
[agent] id:4
path:90,122,121,153,185,217,216,248,280,312,344,376,408,409,441,473,472,504,536,535,567,599,631,663,695,727,759,791,823,855,887,919,920,952,984,985,985,985,985,985,985,985,985,985,985,985,985,985,985,985,985,985,
goal:985,985,985,985,985,985,985,985,985,985,985,985,985,985,985,985,985,985,985,985,985,985,985,985,985,985,985,985,985,985,985,985,985,985,985,985,985,985,985,985,985,985,985,985,985,985,985,985,985,985,985,985,
size:35
[agent] id:5
path:774,742,710,678,646,614,615,616,616,616,616,616,616,616,616,616,616,616,616,616,616,616,616,616,616,616,616,616,616,616,616,616,616,616,616,616,616,616,616,616,616,616,616,616,616,616,616,616,616,616,616,616,
goal:616,616,616,616,616,616,616,616,616,616,616,616,616,616,616,616,616,616,616,616,616,616,616,616,616,616,616,616,616,616,616,616,616,616,616,616,616,616,616,616,616,616,616,616,616,616,616,616,616,616,616,616,
size:7
[agent] id:6
path:518,519,520,521,522,554,555,556,524,525,526,527,528,529,497,465,433,401,369,337,305,273,241,242,243,211,212,213,181,181,181,181,181,181,181,181,181,181,181,181,181,181,181,181,181,181,181,181,181,181,181,181,
goal:181,181,181,181,181,181,181,181,181,181,181,181,181,181,181,181,181,181,181,181,181,181,181,181,181,181,181,181,181,181,181,181,181,181,181,181,181,181,181,181,181,181,181,181,181,181,181,181,181,181,181,181,
size:28
[agent] id:7
path:243,242,274,306,305,304,303,302,301,300,332,364,396,395,394,393,392,424,423,422,454,453,453,453,453,453,453,453,453,453,453,453,453,453,453,453,453,453,453,453,453,453,453,453,453,453,453,453,453,453,453,453,
goal:453,453,453,453,453,453,453,453,453,453,453,453,453,453,453,453,453,453,453,453,453,453,453,453,453,453,453,453,453,453,453,453,453,453,453,453,453,453,453,453,453,453,453,453,453,453,453,453,453,453,453,453,
size:21
[agent] id:8
path:741,709,677,645,613,613,614,582,550,518,517,485,453,421,389,357,358,326,294,293,293,293,293,293,293,293,293,293,293,293,293,293,293,293,293,293,293,293,293,293,293,293,293,293,293,293,293,293,293,293,293,293,
goal:293,293,293,293,293,293,293,293,293,293,293,293,293,293,293,293,293,293,293,293,293,293,293,293,293,293,293,293,293,293,293,293,293,293,293,293,293,293,293,293,293,293,293,293,293,293,293,293,293,293,293,293,
size:19
[agent] id:9
path:3,35,67,68,69,101,133,165,197,229,261,293,294,326,358,390,422,454,486,518,550,582,614,646,678,710,742,774,806,838,870,902,934,935,936,937,938,939,940,941,942,942,942,942,942,942,942,942,942,942,942,942,
goal:942,942,942,942,942,942,942,942,942,942,942,942,942,942,942,942,942,942,942,942,942,942,942,942,942,942,942,942,942,942,942,942,942,942,942,942,942,942,942,942,942,942,942,942,942,942,942,942,942,942,942,942,
size:40
[agent] id:10
path:655,623,591,559,527,526,494,493,493,493,493,493,493,493,493,493,493,493,493,493,493,493,493,493,493,493,493,493,493,493,493,493,493,493,493,493,493,493,493,493,493,493,493,493,493,493,493,493,493,493,493,493,
goal:493,493,493,493,493,493,493,493,493,493,493,493,493,493,493,493,493,493,493,493,493,493,493,493,493,493,493,493,493,493,493,493,493,493,493,493,493,493,493,493,493,493,493,493,493,493,493,493,493,493,493,493,
size:7
[agent] id:11
path:967,935,934,902,870,838,806,774,742,710,678,646,647,615,583,582,550,551,519,487,486,454,422,390,391,392,393,361,361,361,361,361,361,361,361,361,361,361,361,361,361,361,361,361,361,361,361,361,361,361,361,361,
goal:361,361,361,361,361,361,361,361,361,361,361,361,361,361,361,361,361,361,361,361,361,361,361,361,361,361,361,361,361,361,361,361,361,361,361,361,361,361,361,361,361,361,361,361,361,361,361,361,361,361,361,361,
size:27
[agent] id:12
path:913,881,849,850,818,786,754,722,690,658,626,594,562,530,498,466,434,435,436,437,405,373,341,309,277,245,213,181,182,150,151,119,87,55,56,56,56,56,56,56,56,56,56,56,56,56,56,56,56,56,56,56,
goal:56,56,56,56,56,56,56,56,56,56,56,56,56,56,56,56,56,56,56,56,56,56,56,56,56,56,56,56,56,56,56,56,56,56,56,56,56,56,56,56,56,56,56,56,56,56,56,56,56,56,56,56,
size:34
[agent] id:13
path:945,913,881,849,848,847,846,845,844,812,811,810,809,808,807,806,806,806,806,806,806,806,806,806,806,806,807,807,807,806,806,806,806,806,806,806,806,806,806,806,806,806,806,806,806,806,806,806,806,806,806,806,
goal:806,806,806,806,806,806,806,806,806,806,806,806,806,806,806,806,806,806,806,806,806,806,806,806,806,806,806,806,806,806,806,806,806,806,806,806,806,806,806,806,806,806,806,806,806,806,806,806,806,806,806,806,
size:29
[agent] id:14
path:345,377,376,375,407,439,438,470,469,501,533,565,597,629,661,693,725,724,723,755,754,786,818,850,849,848,847,846,845,844,843,842,841,840,839,838,870,902,901,900,899,898,898,898,898,898,898,898,898,898,898,898,
goal:898,898,898,898,898,898,898,898,898,898,898,898,898,898,898,898,898,898,898,898,898,898,898,898,898,898,898,898,898,898,898,898,898,898,898,898,898,898,898,898,898,898,898,898,898,898,898,898,898,898,898,898,
size:41
[agent] id:15
path:229,261,293,294,326,358,390,422,454,486,518,550,551,552,553,554,555,556,557,558,590,622,654,686,687,688,720,752,753,785,786,786,786,786,786,786,786,786,786,786,786,786,786,786,786,786,786,786,786,786,786,786,
goal:786,786,786,786,786,786,786,786,786,786,786,786,786,786,786,786,786,786,786,786,786,786,786,786,786,786,786,786,786,786,786,786,786,786,786,786,786,786,786,786,786,786,786,786,786,786,786,786,786,786,786,786,
size:30
[agent] id:16
path:808,776,744,712,680,648,616,584,552,553,554,555,556,524,525,526,527,528,529,497,465,433,434,435,436,437,405,406,407,408,409,410,410,410,410,410,410,410,410,410,410,410,410,410,410,410,410,410,410,410,410,410,
goal:410,410,410,410,410,410,410,410,410,410,410,410,410,410,410,410,410,410,410,410,410,410,410,410,410,410,410,410,410,410,410,410,410,410,410,410,410,410,410,410,410,410,410,410,410,410,410,410,410,410,410,410,
size:31
[agent] id:17
path:504,472,473,441,409,377,378,379,347,315,316,316,316,316,316,316,316,316,316,316,316,316,316,316,316,316,316,316,316,316,316,316,316,316,316,316,316,316,316,316,316,316,316,316,316,316,316,316,316,316,316,316,
goal:316,316,316,316,316,316,316,316,316,316,316,316,316,316,316,316,316,316,316,316,316,316,316,316,316,316,316,316,316,316,316,316,316,316,316,316,316,316,316,316,316,316,316,316,316,316,316,316,316,316,316,316,
size:10
[agent] id:18
path:53,52,84,83,82,81,80,79,78,77,45,44,12,11,10,42,74,106,105,104,103,103,103,103,103,103,103,103,103,103,103,103,103,103,103,103,103,103,103,103,103,103,103,103,103,103,103,103,103,103,103,103,
goal:103,103,103,103,103,103,103,103,103,103,103,103,103,103,103,103,103,103,103,103,103,103,103,103,103,103,103,103,103,103,103,103,103,103,103,103,103,103,103,103,103,103,103,103,103,103,103,103,103,103,103,103,
size:20
[agent] id:19
path:454,486,518,550,582,583,583,615,647,679,711,743,775,807,839,871,871,871,871,871,871,871,871,871,871,871,871,871,871,871,871,871,871,871,871,871,871,871,871,871,871,871,871,871,871,871,871,871,871,871,871,871,
goal:871,871,871,871,871,871,871,871,871,871,871,871,871,871,871,871,871,871,871,871,871,871,871,871,871,871,871,871,871,871,871,871,871,871,871,871,871,871,871,871,871,871,871,871,871,871,871,871,871,871,871,871,
size:15
[agent] id:20
path:352,384,416,448,480,512,544,576,577,578,610,642,643,644,645,646,647,648,649,650,651,652,653,685,686,718,750,782,814,846,847,848,849,850,818,818,818,818,818,818,818,818,818,818,818,818,818,818,818,818,818,818,
goal:818,818,818,818,818,818,818,818,818,818,818,818,818,818,818,818,818,818,818,818,818,818,818,818,818,818,818,818,818,818,818,818,818,818,818,818,818,818,818,818,818,818,818,818,818,818,818,818,818,818,818,818,
size:34
[agent] id:21
path:792,760,728,696,664,632,600,599,567,535,534,533,501,469,437,405,373,341,309,277,245,213,212,211,210,178,146,114,113,112,112,112,112,112,112,112,112,112,112,112,112,112,112,112,112,112,112,112,112,112,112,112,
goal:112,112,112,112,112,112,112,112,112,112,112,112,112,112,112,112,112,112,112,112,112,112,112,112,112,112,112,112,112,112,112,112,112,112,112,112,112,112,112,112,112,112,112,112,112,112,112,112,112,112,112,112,
size:29
[agent] id:22
path:549,548,547,579,611,610,609,609,609,609,609,609,609,609,609,609,609,609,609,609,609,609,609,609,609,609,609,609,609,609,609,609,609,609,609,609,609,609,609,609,609,609,609,609,609,609,609,609,609,609,609,609,
goal:609,609,609,609,609,609,609,609,609,609,609,609,609,609,609,609,609,609,609,609,609,609,609,609,609,609,609,609,609,609,609,609,609,609,609,609,609,609,609,609,609,609,609,609,609,609,609,609,609,609,609,609,
size:6
[agent] id:23
path:334,366,367,399,431,463,464,465,497,529,561,593,592,591,590,589,589,589,589,589,589,589,589,589,589,589,589,589,589,589,589,589,589,589,589,589,589,589,589,589,589,589,589,589,589,589,589,589,589,589,589,589,
goal:589,589,589,589,589,589,589,589,589,589,589,589,589,589,589,589,589,589,589,589,589,589,589,589,589,589,589,589,589,589,589,589,589,589,589,589,589,589,589,589,589,589,589,589,589,589,589,589,589,589,589,589,
size:15
[agent] id:24
path:779,747,715,683,651,652,653,654,655,656,657,658,626,627,628,629,630,631,632,633,634,602,570,570,570,570,570,570,570,570,570,570,570,570,570,570,570,570,570,570,570,570,570,570,570,570,570,570,570,570,570,570,
goal:570,570,570,570,570,570,570,570,570,570,570,570,570,570,570,570,570,570,570,570,570,570,570,570,570,570,570,570,570,570,570,570,570,570,570,570,570,570,570,570,570,570,570,570,570,570,570,570,570,570,570,570,
size:22
[agent] id:25
path:158,190,222,223,255,287,286,318,317,349,381,413,414,446,478,477,509,508,540,539,571,603,635,667,699,731,730,762,794,793,825,857,858,858,858,858,858,858,858,858,858,858,858,858,858,858,858,858,858,858,858,858,
goal:858,858,858,858,858,858,858,858,858,858,858,858,858,858,858,858,858,858,858,858,858,858,858,858,858,858,858,858,858,858,858,858,858,858,858,858,858,858,858,858,858,858,858,858,858,858,858,858,858,858,858,858,
size:32
[agent] id:26
path:899,867,835,803,771,739,707,708,676,644,612,613,614,582,550,551,552,553,554,555,556,524,525,526,527,528,529,497,465,433,434,435,436,437,405,406,406,406,406,406,406,406,406,406,406,406,406,406,406,406,406,406,
goal:406,406,406,406,406,406,406,406,406,406,406,406,406,406,406,406,406,406,406,406,406,406,406,406,406,406,406,406,406,406,406,406,406,406,406,406,406,406,406,406,406,406,406,406,406,406,406,406,406,406,406,406,
size:35
[agent] id:27
path:36,68,69,101,133,165,197,229,261,293,294,326,358,390,422,454,486,518,550,582,614,646,678,710,742,774,806,838,870,902,934,935,936,937,969,970,1002,1003,1004,1005,1006,1007,1007,1007,1007,1007,1007,1007,1007,1007,1007,1007,
goal:1007,1007,1007,1007,1007,1007,1007,1007,1007,1007,1007,1007,1007,1007,1007,1007,1007,1007,1007,1007,1007,1007,1007,1007,1007,1007,1007,1007,1007,1007,1007,1007,1007,1007,1007,1007,1007,1007,1007,1007,1007,1007,1007,1007,1007,1007,1007,1007,1007,1007,1007,1007,
size:41
[agent] id:28
path:931,899,867,835,803,771,739,707,708,676,644,612,613,614,582,550,551,552,553,554,555,556,524,525,526,527,528,529,497,465,433,434,435,436,437,405,373,374,375,376,377,378,379,347,348,349,317,285,286,287,255,223,
goal:223,223,223,223,223,223,223,223,223,223,223,223,223,223,223,223,223,223,223,223,223,223,223,223,223,223,223,223,223,223,223,223,223,223,223,223,223,223,223,223,223,223,223,223,223,223,223,223,223,223,223,223,
size:51
[agent] id:29
path:344,376,408,409,410,442,474,473,472,504,536,535,567,599,631,663,695,727,759,791,823,824,825,857,858,859,860,861,861,861,861,861,861,861,861,861,861,861,861,861,861,861,861,861,861,861,861,861,861,861,861,861,
goal:861,861,861,861,861,861,861,861,861,861,861,861,861,861,861,861,861,861,861,861,861,861,861,861,861,861,861,861,861,861,861,861,861,861,861,861,861,861,861,861,861,861,861,861,861,861,861,861,861,861,861,861,
size:27
SolutionCost:799
