[setting] seed:10335
[solver] type:SASB-ECBS
[solver] w:2.000000
[solver] ID:0
[solver] Lowlevelnode:2457
[solver] Highlevelnode:15
[solver] ConflictCount:8
[solver] solved:1
[solver] elapsed:32
[solver] makespan:47
[problem] timesteplimit:15000
[problem] type:MAPF
[problem] agentnum:30
[graph] width:32
[graph] height:32
[graph] filename:./map/32by32_agents10_ex30.map
[task] id:27,start:0,end:0,service time:0,nodes:771,
[task] id:7,start:0,end:0,service time:0,nodes:630,
[task] id:1,start:0,end:0,service time:0,nodes:650,
[task] id:17,start:0,end:0,service time:0,nodes:570,
[task] id:20,start:0,end:0,service time:0,nodes:1003,
[task] id:5,start:0,end:0,service time:0,nodes:604,
[task] id:25,start:0,end:0,service time:0,nodes:57,
[task] id:2,start:0,end:0,service time:0,nodes:139,
[task] id:14,start:0,end:0,service time:0,nodes:886,
[task] id:18,start:0,end:0,service time:0,nodes:250,
[task] id:8,start:0,end:0,service time:0,nodes:957,
[task] id:3,start:0,end:0,service time:0,nodes:33,
[task] id:10,start:0,end:0,service time:0,nodes:260,
[task] id:11,start:0,end:0,service time:0,nodes:247,
[task] id:16,start:0,end:0,service time:0,nodes:786,
[task] id:4,start:0,end:0,service time:0,nodes:522,
[task] id:19,start:0,end:0,service time:0,nodes:892,
[task] id:15,start:0,end:0,service time:0,nodes:200,
[task] id:26,start:0,end:0,service time:0,nodes:391,
[task] id:9,start:0,end:0,service time:0,nodes:970,
[task] id:6,start:0,end:0,service time:0,nodes:395,
[task] id:21,start:0,end:0,service time:0,nodes:737,
[task] id:29,start:0,end:0,service time:0,nodes:227,
[task] id:12,start:0,end:0,service time:0,nodes:939,
[task] id:22,start:0,end:0,service time:0,nodes:381,
[task] id:23,start:0,end:0,service time:0,nodes:503,
[task] id:0,start:0,end:0,service time:0,nodes:91,
[task] id:24,start:0,end:0,service time:0,nodes:349,
[task] id:13,start:0,end:0,service time:0,nodes:987,
[task] id:28,start:0,end:0,service time:0,nodes:165,
[agent] id:0
path:1015,983,984,952,920,888,887,855,823,791,759,727,695,663,631,599,567,535,503,504,472,473,441,409,377,345,313,281,280,248,216,184,152,120,88,89,90,91,91,91,91,91,91,91,91,91,91,91,
goal:91,91,91,91,91,91,91,91,91,91,91,91,91,91,91,91,91,91,91,91,91,91,91,91,91,91,91,91,91,91,91,91,91,91,91,91,91,91,91,91,91,91,91,91,91,91,91,91,
size:37
[agent] id:1
path:743,711,679,647,648,649,650,650,650,650,650,650,650,650,650,650,650,650,650,650,650,650,650,650,650,650,650,650,650,650,650,650,650,650,650,650,650,650,650,650,650,650,650,650,650,650,650,650,
goal:650,650,650,650,650,650,650,650,650,650,650,650,650,650,650,650,650,650,650,650,650,650,650,650,650,650,650,650,650,650,650,650,650,650,650,650,650,650,650,650,650,650,650,650,650,650,650,650,
size:6
[agent] id:2
path:458,426,394,395,396,364,332,300,268,236,204,172,140,139,139,139,139,139,139,139,139,139,139,139,139,139,139,139,139,139,139,139,139,139,139,139,139,139,139,139,139,139,139,139,139,139,139,139,
goal:139,139,139,139,139,139,139,139,139,139,139,139,139,139,139,139,139,139,139,139,139,139,139,139,139,139,139,139,139,139,139,139,139,139,139,139,139,139,139,139,139,139,139,139,139,139,139,139,
size:13
[agent] id:3
path:205,173,172,140,139,107,75,74,73,72,71,70,69,68,67,66,65,33,33,33,33,33,33,33,33,33,33,33,33,33,33,33,33,33,33,33,33,33,33,33,33,33,33,33,33,33,33,33,
goal:33,33,33,33,33,33,33,33,33,33,33,33,33,33,33,33,33,33,33,33,33,33,33,33,33,33,33,33,33,33,33,33,33,33,33,33,33,33,33,33,33,33,33,33,33,33,33,33,
size:17
[agent] id:4
path:240,239,271,303,302,301,300,299,331,332,332,331,331,332,364,396,428,460,459,458,490,522,522,522,522,522,522,522,522,522,522,522,522,522,522,522,522,522,522,522,522,522,522,522,522,522,522,522,
goal:522,522,522,522,522,522,522,522,522,522,522,522,522,522,522,522,522,522,522,522,522,522,522,522,522,522,522,522,522,522,522,522,522,522,522,522,522,522,522,522,522,522,522,522,522,522,522,522,
size:21
[agent] id:5
path:823,791,759,727,695,663,631,632,633,634,602,603,604,604,604,604,604,604,604,604,604,604,604,604,604,604,604,604,604,604,604,604,604,604,604,604,604,604,604,604,604,604,604,604,604,604,604,604,
goal:604,604,604,604,604,604,604,604,604,604,604,604,604,604,604,604,604,604,604,604,604,604,604,604,604,604,604,604,604,604,604,604,604,604,604,604,604,604,604,604,604,604,604,604,604,604,604,604,
size:12
[agent] id:6
path:93,92,91,123,155,187,219,218,217,216,248,280,312,311,310,309,308,307,306,305,304,303,302,301,300,332,364,396,395,395,395,395,395,395,395,395,395,395,395,395,395,395,395,395,395,395,395,395,
goal:395,395,395,395,395,395,395,395,395,395,395,395,395,395,395,395,395,395,395,395,395,395,395,395,395,395,395,395,395,395,395,395,395,395,395,395,395,395,395,395,395,395,395,395,395,395,395,395,
size:28
[agent] id:7
path:692,660,628,629,630,630,630,630,630,630,630,630,630,630,630,630,630,630,630,630,630,630,630,630,630,630,630,630,630,630,630,630,630,630,630,630,630,630,630,630,630,630,630,630,630,630,630,630,
goal:630,630,630,630,630,630,630,630,630,630,630,630,630,630,630,630,630,630,630,630,630,630,630,630,630,630,630,630,630,630,630,630,630,630,630,630,630,630,630,630,630,630,630,630,630,630,630,630,
size:4
[agent] id:8
path:693,725,757,758,759,791,823,824,825,857,858,859,860,892,924,956,957,957,957,957,957,957,957,957,957,957,957,957,957,957,957,957,957,957,957,957,957,957,957,957,957,957,957,957,957,957,957,957,
goal:957,957,957,957,957,957,957,957,957,957,957,957,957,957,957,957,957,957,957,957,957,957,957,957,957,957,957,957,957,957,957,957,957,957,957,957,957,957,957,957,957,957,957,957,957,957,957,957,
size:16
[agent] id:9
path:534,566,598,630,662,661,693,725,724,723,755,754,786,818,850,882,914,946,945,944,943,942,974,973,972,971,970,970,970,970,970,970,970,970,970,970,970,970,970,970,970,970,970,970,970,970,970,970,
goal:970,970,970,970,970,970,970,970,970,970,970,970,970,970,970,970,970,970,970,970,970,970,970,970,970,970,970,970,970,970,970,970,970,970,970,970,970,970,970,970,970,970,970,970,970,970,970,970,
size:26
[agent] id:10
path:273,241,240,239,207,206,205,204,203,202,201,200,199,231,263,262,261,260,260,260,260,260,260,260,260,260,260,260,260,260,260,260,260,260,260,260,260,260,260,260,260,260,260,260,260,260,260,260,
goal:260,260,260,260,260,260,260,260,260,260,260,260,260,260,260,260,260,260,260,260,260,260,260,260,260,260,260,260,260,260,260,260,260,260,260,260,260,260,260,260,260,260,260,260,260,260,260,260,
size:17
[agent] id:11
path:44,45,77,78,110,142,143,144,176,177,209,210,211,212,213,214,215,247,247,247,247,247,247,247,247,247,247,247,247,247,247,247,247,247,247,247,247,247,247,247,247,247,247,247,247,247,247,247,
goal:247,247,247,247,247,247,247,247,247,247,247,247,247,247,247,247,247,247,247,247,247,247,247,247,247,247,247,247,247,247,247,247,247,247,247,247,247,247,247,247,247,247,247,247,247,247,247,247,
size:17
[agent] id:12
path:258,290,322,354,355,356,357,389,421,453,485,517,549,550,582,614,646,678,710,742,774,806,838,870,902,934,935,936,937,938,939,939,939,939,939,939,939,939,939,939,939,939,939,939,939,939,939,939,
goal:939,939,939,939,939,939,939,939,939,939,939,939,939,939,939,939,939,939,939,939,939,939,939,939,939,939,939,939,939,939,939,939,939,939,939,939,939,939,939,939,939,939,939,939,939,939,939,939,
size:30
[agent] id:13
path:297,296,264,263,262,294,326,358,390,422,454,486,518,519,551,552,553,554,555,556,557,589,621,653,685,717,749,781,782,814,846,847,848,849,850,851,852,853,854,855,887,919,920,952,984,985,986,987,
goal:987,987,987,987,987,987,987,987,987,987,987,987,987,987,987,987,987,987,987,987,987,987,987,987,987,987,987,987,987,987,987,987,987,987,987,987,987,987,987,987,987,987,987,987,987,987,987,987,
size:47
[agent] id:14
path:602,634,633,632,664,696,728,760,792,824,823,855,887,886,886,886,886,886,886,886,886,886,886,886,886,886,886,886,886,886,886,886,886,886,886,886,886,886,886,886,886,886,886,886,886,886,886,886,
goal:886,886,886,886,886,886,886,886,886,886,886,886,886,886,886,886,886,886,886,886,886,886,886,886,886,886,886,886,886,886,886,886,886,886,886,886,886,886,886,886,886,886,886,886,886,886,886,886,
size:13
[agent] id:15
path:809,808,776,744,712,680,648,616,584,552,520,519,487,486,454,422,390,358,326,294,262,230,231,199,200,200,200,200,200,200,200,200,200,200,200,200,200,200,200,200,200,200,200,200,200,200,200,200,
goal:200,200,200,200,200,200,200,200,200,200,200,200,200,200,200,200,200,200,200,200,200,200,200,200,200,200,200,200,200,200,200,200,200,200,200,200,200,200,200,200,200,200,200,200,200,200,200,200,
size:24
[agent] id:16
path:899,867,835,836,837,838,839,840,841,842,843,844,845,846,847,848,849,850,818,786,786,786,786,786,786,786,786,786,786,786,786,786,786,786,786,786,786,786,786,786,786,786,786,786,786,786,786,786,
goal:786,786,786,786,786,786,786,786,786,786,786,786,786,786,786,786,786,786,786,786,786,786,786,786,786,786,786,786,786,786,786,786,786,786,786,786,786,786,786,786,786,786,786,786,786,786,786,786,
size:19
[agent] id:17
path:697,698,699,667,635,603,571,570,570,570,570,570,570,570,570,570,570,570,570,570,570,570,570,570,570,570,570,570,570,570,570,570,570,570,570,570,570,570,570,570,570,570,570,570,570,570,570,570,
goal:570,570,570,570,570,570,570,570,570,570,570,570,570,570,570,570,570,570,570,570,570,570,570,570,570,570,570,570,570,570,570,570,570,570,570,570,570,570,570,570,570,570,570,570,570,570,570,570,
size:7
[agent] id:18
path:369,337,305,306,307,308,309,310,311,279,247,248,216,217,218,250,250,250,250,250,250,250,250,250,250,250,250,250,250,250,250,250,250,250,250,250,250,250,250,250,250,250,250,250,250,250,250,250,
goal:250,250,250,250,250,250,250,250,250,250,250,250,250,250,250,250,250,250,250,250,250,250,250,250,250,250,250,250,250,250,250,250,250,250,250,250,250,250,250,250,250,250,250,250,250,250,250,250,
size:15
[agent] id:19
path:779,811,843,844,845,846,847,848,849,850,851,852,853,854,855,823,824,825,857,858,859,860,892,892,892,892,892,892,892,892,892,892,892,892,892,892,892,892,892,892,892,892,892,892,892,892,892,892,
goal:892,892,892,892,892,892,892,892,892,892,892,892,892,892,892,892,892,892,892,892,892,892,892,892,892,892,892,892,892,892,892,892,892,892,892,892,892,892,892,892,892,892,892,892,892,892,892,892,
size:22
[agent] id:20
path:915,914,946,945,944,943,942,974,1006,1005,1004,1003,1003,1003,1003,1003,1003,1003,1003,1003,1003,1003,1003,1003,1003,1003,1003,1003,1003,1003,1003,1003,1003,1003,1003,1003,1003,1003,1003,1003,1003,1003,1003,1003,1003,1003,1003,1003,
goal:1003,1003,1003,1003,1003,1003,1003,1003,1003,1003,1003,1003,1003,1003,1003,1003,1003,1003,1003,1003,1003,1003,1003,1003,1003,1003,1003,1003,1003,1003,1003,1003,1003,1003,1003,1003,1003,1003,1003,1003,1003,1003,1003,1003,1003,1003,1003,1003,
size:11
[agent] id:21
path:949,948,980,979,978,946,914,882,881,880,879,878,877,876,844,843,842,841,840,839,838,837,805,804,803,802,770,738,737,737,737,737,737,737,737,737,737,737,737,737,737,737,737,737,737,737,737,737,
goal:737,737,737,737,737,737,737,737,737,737,737,737,737,737,737,737,737,737,737,737,737,737,737,737,737,737,737,737,737,737,737,737,737,737,737,737,737,737,737,737,737,737,737,737,737,737,737,737,
size:28
[agent] id:22
path:486,518,550,551,552,553,554,555,556,524,525,526,527,528,529,497,465,433,434,435,436,437,405,373,374,375,376,377,378,379,380,381,381,381,381,381,381,381,381,381,381,381,381,381,381,381,381,381,
goal:381,381,381,381,381,381,381,381,381,381,381,381,381,381,381,381,381,381,381,381,381,381,381,381,381,381,381,381,381,381,381,381,381,381,381,381,381,381,381,381,381,381,381,381,381,381,381,381,
size:31
[agent] id:23
path:930,898,866,867,835,803,804,805,773,741,709,677,645,613,614,615,583,551,552,553,554,555,556,557,558,559,560,561,562,563,564,565,533,534,535,503,503,503,503,503,503,503,503,503,503,503,503,503,
goal:503,503,503,503,503,503,503,503,503,503,503,503,503,503,503,503,503,503,503,503,503,503,503,503,503,503,503,503,503,503,503,503,503,503,503,503,503,503,503,503,503,503,503,503,503,503,503,503,
size:35
[agent] id:24
path:904,872,840,808,776,744,712,680,648,616,584,552,553,554,555,556,524,525,526,527,528,529,497,465,433,434,435,436,437,405,373,374,375,376,377,378,379,347,348,349,349,349,349,349,349,349,349,349,
goal:349,349,349,349,349,349,349,349,349,349,349,349,349,349,349,349,349,349,349,349,349,349,349,349,349,349,349,349,349,349,349,349,349,349,349,349,349,349,349,349,349,349,349,349,349,349,349,349,
size:39
[agent] id:25
path:375,376,344,312,280,248,216,184,152,120,88,56,57,57,57,57,57,57,57,57,57,57,57,57,57,57,57,57,57,57,57,57,57,57,57,57,57,57,57,57,57,57,57,57,57,57,57,57,
goal:57,57,57,57,57,57,57,57,57,57,57,57,57,57,57,57,57,57,57,57,57,57,57,57,57,57,57,57,57,57,57,57,57,57,57,57,57,57,57,57,57,57,57,57,57,57,57,57,
size:12
[agent] id:26
path:1003,971,939,907,875,843,811,779,747,715,683,651,619,618,617,616,584,552,520,519,487,486,454,422,390,391,391,391,391,391,391,391,391,391,391,391,391,391,391,391,391,391,391,391,391,391,391,391,
goal:391,391,391,391,391,391,391,391,391,391,391,391,391,391,391,391,391,391,391,391,391,391,391,391,391,391,391,391,391,391,391,391,391,391,391,391,391,391,391,391,391,391,391,391,391,391,391,391,
size:25
[agent] id:27
path:867,835,803,771,771,771,771,771,771,771,771,771,771,771,771,771,771,771,771,771,771,771,771,771,771,771,771,771,771,771,771,771,771,771,771,771,771,771,771,771,771,771,771,771,771,771,771,771,
goal:771,771,771,771,771,771,771,771,771,771,771,771,771,771,771,771,771,771,771,771,771,771,771,771,771,771,771,771,771,771,771,771,771,771,771,771,771,771,771,771,771,771,771,771,771,771,771,771,
size:3
[agent] id:28
path:863,831,799,798,766,734,702,670,669,637,636,635,603,571,539,538,537,536,535,534,533,501,469,437,405,373,341,309,308,307,306,274,242,241,240,239,207,206,205,204,203,202,201,169,168,167,166,165,
goal:165,165,165,165,165,165,165,165,165,165,165,165,165,165,165,165,165,165,165,165,165,165,165,165,165,165,165,165,165,165,165,165,165,165,165,165,165,165,165,165,165,165,165,165,165,165,165,165,
size:47
[agent] id:29
path:219,218,217,216,215,214,213,212,211,243,242,241,240,239,207,206,205,204,203,202,201,200,199,167,199,231,230,229,228,227,227,227,227,227,227,227,227,227,227,227,227,227,227,227,227,227,227,227,
goal:227,227,227,227,227,227,227,227,227,227,227,227,227,227,227,227,227,227,227,227,227,227,227,227,227,227,227,227,227,227,227,227,227,227,227,227,227,227,227,227,227,227,227,227,227,227,227,227,
size:29
SolutionCost:651
