[setting] seed:28067
[solver] type:SASB-ECBS
[solver] w:2.000000
[solver] ID:0
[solver] Lowlevelnode:8644
[solver] Highlevelnode:21
[solver] ConflictCount:11
[solver] solved:1
[solver] elapsed:57
[solver] makespan:54
[problem] timesteplimit:15000
[problem] type:MAPF
[problem] agentnum:30
[graph] width:32
[graph] height:32
[graph] filename:./map/32by32_agents10_ex30.map
[task] id:26,start:0,end:0,service time:0,nodes:980,
[task] id:15,start:0,end:0,service time:0,nodes:870,
[task] id:23,start:0,end:0,service time:0,nodes:1003,
[task] id:16,start:0,end:0,service time:0,nodes:762,
[task] id:17,start:0,end:0,service time:0,nodes:708,
[task] id:3,start:0,end:0,service time:0,nodes:437,
[task] id:21,start:0,end:0,service time:0,nodes:692,
[task] id:11,start:0,end:0,service time:0,nodes:255,
[task] id:18,start:0,end:0,service time:0,nodes:629,
[task] id:19,start:0,end:0,service time:0,nodes:570,
[task] id:5,start:0,end:0,service time:0,nodes:418,
[task] id:24,start:0,end:0,service time:0,nodes:303,
[task] id:7,start:0,end:0,service time:0,nodes:468,
[task] id:27,start:0,end:0,service time:0,nodes:373,
[task] id:4,start:0,end:0,service time:0,nodes:482,
[task] id:8,start:0,end:0,service time:0,nodes:487,
[task] id:2,start:0,end:0,service time:0,nodes:94,
[task] id:28,start:0,end:0,service time:0,nodes:649,
[task] id:6,start:0,end:0,service time:0,nodes:517,
[task] id:10,start:0,end:0,service time:0,nodes:735,
[task] id:12,start:0,end:0,service time:0,nodes:607,
[task] id:14,start:0,end:0,service time:0,nodes:705,
[task] id:20,start:0,end:0,service time:0,nodes:898,
[task] id:22,start:0,end:0,service time:0,nodes:802,
[task] id:25,start:0,end:0,service time:0,nodes:707,
[task] id:0,start:0,end:0,service time:0,nodes:861,
[task] id:9,start:0,end:0,service time:0,nodes:1023,
[task] id:29,start:0,end:0,service time:0,nodes:922,
[task] id:1,start:0,end:0,service time:0,nodes:830,
[task] id:13,start:0,end:0,service time:0,nodes:1016,
[agent] id:0
path:482,514,515,547,579,611,643,644,645,646,647,648,649,650,651,652,653,685,686,687,688,720,721,722,723,724,725,757,758,759,791,823,824,825,857,858,859,860,861,861,861,861,861,861,861,861,861,861,861,861,861,861,861,861,861,
goal:861,861,861,861,861,861,861,861,861,861,861,861,861,861,861,861,861,861,861,861,861,861,861,861,861,861,861,861,861,861,861,861,861,861,861,861,861,861,861,861,861,861,861,861,861,861,861,861,861,861,861,861,861,861,861,
size:38
[agent] id:1
path:65,66,67,68,69,101,133,165,197,229,261,293,294,326,358,390,422,454,486,518,550,582,583,584,616,617,618,650,651,652,653,685,686,687,688,720,721,722,723,724,725,757,758,759,791,792,793,794,795,796,797,798,830,830,830,
goal:830,830,830,830,830,830,830,830,830,830,830,830,830,830,830,830,830,830,830,830,830,830,830,830,830,830,830,830,830,830,830,830,830,830,830,830,830,830,830,830,830,830,830,830,830,830,830,830,830,830,830,830,830,830,830,
size:52
[agent] id:2
path:500,468,436,437,405,373,341,309,277,245,213,181,182,150,151,119,87,88,89,90,91,92,93,94,94,94,94,94,94,94,94,94,94,94,94,94,94,94,94,94,94,94,94,94,94,94,94,94,94,94,94,94,94,94,94,
goal:94,94,94,94,94,94,94,94,94,94,94,94,94,94,94,94,94,94,94,94,94,94,94,94,94,94,94,94,94,94,94,94,94,94,94,94,94,94,94,94,94,94,94,94,94,94,94,94,94,94,94,94,94,94,94,
size:23
[agent] id:3
path:507,539,538,537,536,535,534,533,501,469,437,437,437,437,437,437,437,437,437,437,437,437,437,437,437,437,437,437,437,437,437,437,437,437,437,437,437,437,437,437,437,437,437,437,437,437,437,437,437,437,437,437,437,437,437,
goal:437,437,437,437,437,437,437,437,437,437,437,437,437,437,437,437,437,437,437,437,437,437,437,437,437,437,437,437,437,437,437,437,437,437,437,437,437,437,437,437,437,437,437,437,437,437,437,437,437,437,437,437,437,437,437,
size:10
[agent] id:4
path:239,271,303,302,301,300,332,364,396,395,394,393,392,424,423,422,454,486,485,484,483,482,482,482,482,482,482,482,482,482,482,482,482,482,482,482,482,482,482,482,482,482,482,482,482,482,482,482,482,482,482,482,482,482,482,
goal:482,482,482,482,482,482,482,482,482,482,482,482,482,482,482,482,482,482,482,482,482,482,482,482,482,482,482,482,482,482,482,482,482,482,482,482,482,482,482,482,482,482,482,482,482,482,482,482,482,482,482,482,482,482,482,
size:21
[agent] id:5
path:205,204,236,268,300,332,364,396,395,394,393,392,424,423,422,421,420,419,418,418,418,418,418,418,418,418,418,418,418,418,418,418,418,418,418,418,418,418,418,418,418,418,418,418,418,418,418,418,418,418,418,418,418,418,418,
goal:418,418,418,418,418,418,418,418,418,418,418,418,418,418,418,418,418,418,418,418,418,418,418,418,418,418,418,418,418,418,418,418,418,418,418,418,418,418,418,418,418,418,418,418,418,418,418,418,418,418,418,418,418,418,418,
size:18
[agent] id:6
path:508,540,539,538,537,536,535,534,533,565,564,563,562,561,560,559,558,557,556,555,554,522,521,520,519,518,517,517,517,517,517,517,517,517,517,517,517,517,517,517,517,517,517,517,517,517,517,517,517,517,517,517,517,517,517,
goal:517,517,517,517,517,517,517,517,517,517,517,517,517,517,517,517,517,517,517,517,517,517,517,517,517,517,517,517,517,517,517,517,517,517,517,517,517,517,517,517,517,517,517,517,517,517,517,517,517,517,517,517,517,517,517,
size:26
[agent] id:7
path:390,422,423,424,456,457,458,459,460,461,493,494,526,527,528,529,497,465,466,467,468,468,468,468,468,468,468,468,468,468,468,468,468,468,468,468,468,468,468,468,468,468,468,468,468,468,468,468,468,468,468,468,468,468,468,
goal:468,468,468,468,468,468,468,468,468,468,468,468,468,468,468,468,468,468,468,468,468,468,468,468,468,468,468,468,468,468,468,468,468,468,468,468,468,468,468,468,468,468,468,468,468,468,468,468,468,468,468,468,468,468,468,
size:20
[agent] id:8
path:504,503,535,534,533,565,564,563,562,561,560,559,558,557,556,555,554,522,521,520,519,487,487,487,487,487,487,487,487,487,487,487,487,487,487,487,487,487,487,487,487,487,487,487,487,487,487,487,487,487,487,487,487,487,487,
goal:487,487,487,487,487,487,487,487,487,487,487,487,487,487,487,487,487,487,487,487,487,487,487,487,487,487,487,487,487,487,487,487,487,487,487,487,487,487,487,487,487,487,487,487,487,487,487,487,487,487,487,487,487,487,487,
size:21
[agent] id:9
path:550,582,614,646,678,679,711,743,775,807,839,840,841,842,874,875,876,877,878,879,880,881,882,883,884,885,886,918,950,982,983,984,985,986,987,988,989,990,991,1023,1023,1023,1023,1023,1023,1023,1023,1023,1023,1023,1023,1023,1023,1023,1023,
goal:1023,1023,1023,1023,1023,1023,1023,1023,1023,1023,1023,1023,1023,1023,1023,1023,1023,1023,1023,1023,1023,1023,1023,1023,1023,1023,1023,1023,1023,1023,1023,1023,1023,1023,1023,1023,1023,1023,1023,1023,1023,1023,1023,1023,1023,1023,1023,1023,1023,1023,1023,1023,1023,1023,1023,
size:39
[agent] id:10
path:155,187,219,218,217,216,248,280,312,344,376,408,409,441,473,472,504,536,537,538,539,571,603,635,667,699,700,701,733,734,735,735,735,735,735,735,735,735,735,735,735,735,735,735,735,735,735,735,735,735,735,735,735,735,735,
goal:735,735,735,735,735,735,735,735,735,735,735,735,735,735,735,735,735,735,735,735,735,735,735,735,735,735,735,735,735,735,735,735,735,735,735,735,735,735,735,735,735,735,735,735,735,735,735,735,735,735,735,735,735,735,735,
size:30
[agent] id:11
path:406,374,375,376,377,378,379,347,315,316,317,285,286,287,255,255,255,255,255,255,255,255,255,255,255,255,255,255,255,255,255,255,255,255,255,255,255,255,255,255,255,255,255,255,255,255,255,255,255,255,255,255,255,255,255,
goal:255,255,255,255,255,255,255,255,255,255,255,255,255,255,255,255,255,255,255,255,255,255,255,255,255,255,255,255,255,255,255,255,255,255,255,255,255,255,255,255,255,255,255,255,255,255,255,255,255,255,255,255,255,255,255,
size:14
[agent] id:12
path:142,174,206,207,239,271,303,304,336,368,400,432,464,465,497,498,499,500,501,533,534,535,536,537,538,539,571,603,604,605,606,607,607,607,607,607,607,607,607,607,607,607,607,607,607,607,607,607,607,607,607,607,607,607,607,
goal:607,607,607,607,607,607,607,607,607,607,607,607,607,607,607,607,607,607,607,607,607,607,607,607,607,607,607,607,607,607,607,607,607,607,607,607,607,607,607,607,607,607,607,607,607,607,607,607,607,607,607,607,607,607,607,
size:31
[agent] id:13
path:1,33,65,66,67,68,69,101,133,165,197,229,261,293,294,326,358,390,422,454,486,518,550,582,614,646,678,710,742,774,806,838,839,840,841,842,874,875,876,877,878,879,880,881,882,883,884,885,886,918,950,982,983,1015,1016,
goal:1016,1016,1016,1016,1016,1016,1016,1016,1016,1016,1016,1016,1016,1016,1016,1016,1016,1016,1016,1016,1016,1016,1016,1016,1016,1016,1016,1016,1016,1016,1016,1016,1016,1016,1016,1016,1016,1016,1016,1016,1016,1016,1016,1016,1016,1016,1016,1016,1016,1016,1016,1016,1016,1016,1016,
size:54
[agent] id:14
path:304,303,302,301,269,301,300,332,364,396,428,460,459,458,490,522,521,553,552,584,616,615,615,614,613,645,644,643,642,641,673,705,705,705,705,705,705,705,705,705,705,705,705,705,705,705,705,705,705,705,705,705,705,705,705,
goal:705,705,705,705,705,705,705,705,705,705,705,705,705,705,705,705,705,705,705,705,705,705,705,705,705,705,705,705,705,705,705,705,705,705,705,705,705,705,705,705,705,705,705,705,705,705,705,705,705,705,705,705,705,705,705,
size:31
[agent] id:15
path:840,872,871,870,870,870,870,870,870,870,870,870,870,870,870,870,870,870,870,870,870,870,870,870,870,870,870,870,870,870,870,870,870,870,870,870,870,870,870,870,870,870,870,870,870,870,870,870,870,870,870,870,870,870,870,
goal:870,870,870,870,870,870,870,870,870,870,870,870,870,870,870,870,870,870,870,870,870,870,870,870,870,870,870,870,870,870,870,870,870,870,870,870,870,870,870,870,870,870,870,870,870,870,870,870,870,870,870,870,870,870,870,
size:3
[agent] id:16
path:734,766,765,764,796,795,794,762,762,762,762,762,762,762,762,762,762,762,762,762,762,762,762,762,762,762,762,762,762,762,762,762,762,762,762,762,762,762,762,762,762,762,762,762,762,762,762,762,762,762,762,762,762,762,762,
goal:762,762,762,762,762,762,762,762,762,762,762,762,762,762,762,762,762,762,762,762,762,762,762,762,762,762,762,762,762,762,762,762,762,762,762,762,762,762,762,762,762,762,762,762,762,762,762,762,762,762,762,762,762,762,762,
size:7
[agent] id:17
path:715,714,713,712,711,710,709,708,708,708,708,708,708,708,708,708,708,708,708,708,708,708,708,708,708,708,708,708,708,708,708,708,708,708,708,708,708,708,708,708,708,708,708,708,708,708,708,708,708,708,708,708,708,708,708,
goal:708,708,708,708,708,708,708,708,708,708,708,708,708,708,708,708,708,708,708,708,708,708,708,708,708,708,708,708,708,708,708,708,708,708,708,708,708,708,708,708,708,708,708,708,708,708,708,708,708,708,708,708,708,708,708,
size:7
[agent] id:18
path:747,715,683,651,652,653,654,655,656,657,658,626,627,628,629,629,629,629,629,629,629,629,629,629,629,629,629,629,629,629,629,629,629,629,629,629,629,629,629,629,629,629,629,629,629,629,629,629,629,629,629,629,629,629,629,
goal:629,629,629,629,629,629,629,629,629,629,629,629,629,629,629,629,629,629,629,629,629,629,629,629,629,629,629,629,629,629,629,629,629,629,629,629,629,629,629,629,629,629,629,629,629,629,629,629,629,629,629,629,629,629,629,
size:14
[agent] id:19
path:217,216,248,280,312,344,376,408,409,441,473,472,504,536,537,569,570,570,570,570,570,570,570,570,570,570,570,570,570,570,570,570,570,570,570,570,570,570,570,570,570,570,570,570,570,570,570,570,570,570,570,570,570,570,570,
goal:570,570,570,570,570,570,570,570,570,570,570,570,570,570,570,570,570,570,570,570,570,570,570,570,570,570,570,570,570,570,570,570,570,570,570,570,570,570,570,570,570,570,570,570,570,570,570,570,570,570,570,570,570,570,570,
size:16
[agent] id:20
path:305,337,369,401,433,465,497,529,561,593,592,591,623,655,687,686,718,750,782,814,846,845,844,843,842,841,840,839,838,837,869,901,900,899,898,898,898,898,898,898,898,898,898,898,898,898,898,898,898,898,898,898,898,898,898,
goal:898,898,898,898,898,898,898,898,898,898,898,898,898,898,898,898,898,898,898,898,898,898,898,898,898,898,898,898,898,898,898,898,898,898,898,898,898,898,898,898,898,898,898,898,898,898,898,898,898,898,898,898,898,898,898,
size:34
[agent] id:21
path:682,683,651,652,653,685,686,687,688,689,690,691,692,692,692,692,692,692,692,692,692,692,692,692,692,692,692,692,692,692,692,692,692,692,692,692,692,692,692,692,692,692,692,692,692,692,692,692,692,692,692,692,692,692,692,
goal:692,692,692,692,692,692,692,692,692,692,692,692,692,692,692,692,692,692,692,692,692,692,692,692,692,692,692,692,692,692,692,692,692,692,692,692,692,692,692,692,692,692,692,692,692,692,692,692,692,692,692,692,692,692,692,
size:12
[agent] id:22
path:408,407,439,438,470,469,501,500,499,531,563,562,594,626,658,657,656,655,654,653,685,717,716,715,747,779,811,810,809,808,807,806,805,804,803,802,802,802,802,802,802,802,802,802,802,802,802,802,802,802,802,802,802,802,802,
goal:802,802,802,802,802,802,802,802,802,802,802,802,802,802,802,802,802,802,802,802,802,802,802,802,802,802,802,802,802,802,802,802,802,802,802,802,802,802,802,802,802,802,802,802,802,802,802,802,802,802,802,802,802,802,802,
size:35
[agent] id:23
path:874,906,938,970,1002,1003,1003,1003,1003,1003,1003,1003,1003,1003,1003,1003,1003,1003,1003,1003,1003,1003,1003,1003,1003,1003,1003,1003,1003,1003,1003,1003,1003,1003,1003,1003,1003,1003,1003,1003,1003,1003,1003,1003,1003,1003,1003,1003,1003,1003,1003,1003,1003,1003,1003,
goal:1003,1003,1003,1003,1003,1003,1003,1003,1003,1003,1003,1003,1003,1003,1003,1003,1003,1003,1003,1003,1003,1003,1003,1003,1003,1003,1003,1003,1003,1003,1003,1003,1003,1003,1003,1003,1003,1003,1003,1003,1003,1003,1003,1003,1003,1003,1003,1003,1003,1003,1003,1003,1003,1003,1003,
size:5
[agent] id:24
path:474,442,410,409,408,376,375,374,342,310,309,308,307,306,274,273,305,304,303,303,303,303,303,303,303,303,303,303,303,303,303,303,303,303,303,303,303,303,303,303,303,303,303,303,303,303,303,303,303,303,303,303,303,303,303,
goal:303,303,303,303,303,303,303,303,303,303,303,303,303,303,303,303,303,303,303,303,303,303,303,303,303,303,303,303,303,303,303,303,303,303,303,303,303,303,303,303,303,303,303,303,303,303,303,303,303,303,303,303,303,303,303,
size:18
[agent] id:25
path:604,636,635,634,633,632,664,663,662,661,660,659,691,690,689,688,687,686,718,717,716,715,714,713,712,711,710,709,741,773,805,804,803,771,739,707,707,707,707,707,707,707,707,707,707,707,707,707,707,707,707,707,707,707,707,
goal:707,707,707,707,707,707,707,707,707,707,707,707,707,707,707,707,707,707,707,707,707,707,707,707,707,707,707,707,707,707,707,707,707,707,707,707,707,707,707,707,707,707,707,707,707,707,707,707,707,707,707,707,707,707,707,
size:35
[agent] id:26
path:978,979,980,980,980,980,980,980,980,980,980,980,980,980,980,980,980,980,980,980,980,980,980,980,980,980,980,980,980,980,980,980,980,980,980,980,980,980,980,980,980,980,980,980,980,980,980,980,980,980,980,980,980,980,980,
goal:980,980,980,980,980,980,980,980,980,980,980,980,980,980,980,980,980,980,980,980,980,980,980,980,980,980,980,980,980,980,980,980,980,980,980,980,980,980,980,980,980,980,980,980,980,980,980,980,980,980,980,980,980,980,980,
size:2
[agent] id:27
path:231,199,200,201,233,234,235,236,268,300,301,302,303,304,305,306,307,308,309,341,373,373,373,373,373,373,373,373,373,373,373,373,373,373,373,373,373,373,373,373,373,373,373,373,373,373,373,373,373,373,373,373,373,373,373,
goal:373,373,373,373,373,373,373,373,373,373,373,373,373,373,373,373,373,373,373,373,373,373,373,373,373,373,373,373,373,373,373,373,373,373,373,373,373,373,373,373,373,373,373,373,373,373,373,373,373,373,373,373,373,373,373,
size:20
[agent] id:28
path:233,234,235,236,268,268,268,300,332,364,396,428,460,459,458,490,522,521,553,552,584,616,648,649,649,649,649,649,649,649,649,649,649,649,649,649,649,649,649,649,649,649,649,649,649,649,649,649,649,649,649,649,649,649,649,
goal:649,649,649,649,649,649,649,649,649,649,649,649,649,649,649,649,649,649,649,649,649,649,649,649,649,649,649,649,649,649,649,649,649,649,649,649,649,649,649,649,649,649,649,649,649,649,649,649,649,649,649,649,649,649,649,
size:23
[agent] id:29
path:103,135,167,199,200,201,233,234,235,236,268,300,332,364,396,428,460,461,493,525,557,589,621,653,685,717,749,781,782,814,846,878,879,880,881,882,883,884,885,886,918,919,920,921,922,922,922,922,922,922,922,922,922,922,922,
goal:922,922,922,922,922,922,922,922,922,922,922,922,922,922,922,922,922,922,922,922,922,922,922,922,922,922,922,922,922,922,922,922,922,922,922,922,922,922,922,922,922,922,922,922,922,922,922,922,922,922,922,922,922,922,922,
size:44
SolutionCost:703
