[setting] seed:3163
[solver] type:SASB-ECBS
[solver] w:2.000000
[solver] ID:0
[solver] Lowlevelnode:9876
[solver] Highlevelnode:19
[solver] ConflictCount:10
[solver] solved:1
[solver] elapsed:101
[solver] makespan:41
[problem] timesteplimit:15000
[problem] type:MAPF
[problem] agentnum:30
[graph] width:32
[graph] height:32
[graph] filename:./map/32by32_agents10_ex30.map
[task] id:27,start:0,end:0,service time:0,nodes:383,
[task] id:8,start:0,end:0,service time:0,nodes:216,
[task] id:0,start:0,end:0,service time:0,nodes:293,
[task] id:24,start:0,end:0,service time:0,nodes:380,
[task] id:7,start:0,end:0,service time:0,nodes:778,
[task] id:21,start:0,end:0,service time:0,nodes:779,
[task] id:5,start:0,end:0,service time:0,nodes:240,
[task] id:6,start:0,end:0,service time:0,nodes:464,
[task] id:28,start:0,end:0,service time:0,nodes:334,
[task] id:19,start:0,end:0,service time:0,nodes:280,
[task] id:2,start:0,end:0,service time:0,nodes:885,
[task] id:3,start:0,end:0,service time:0,nodes:529,
[task] id:26,start:0,end:0,service time:0,nodes:744,
[task] id:4,start:0,end:0,service time:0,nodes:202,
[task] id:15,start:0,end:0,service time:0,nodes:1012,
[task] id:10,start:0,end:0,service time:0,nodes:66,
[task] id:13,start:0,end:0,service time:0,nodes:315,
[task] id:14,start:0,end:0,service time:0,nodes:412,
[task] id:16,start:0,end:0,service time:0,nodes:860,
[task] id:22,start:0,end:0,service time:0,nodes:880,
[task] id:20,start:0,end:0,service time:0,nodes:773,
[task] id:9,start:0,end:0,service time:0,nodes:347,
[task] id:25,start:0,end:0,service time:0,nodes:62,
[task] id:17,start:0,end:0,service time:0,nodes:540,
[task] id:18,start:0,end:0,service time:0,nodes:443,
[task] id:1,start:0,end:0,service time:0,nodes:301,
[task] id:29,start:0,end:0,service time:0,nodes:381,
[task] id:11,start:0,end:0,service time:0,nodes:419,
[task] id:12,start:0,end:0,service time:0,nodes:162,
[task] id:23,start:0,end:0,service time:0,nodes:919,
[agent] id:0
path:137,136,135,134,166,165,197,229,261,293,293,293,293,293,293,293,293,293,293,293,293,293,293,293,293,293,293,293,293,293,293,293,293,293,293,293,293,293,293,293,293,293,
goal:293,293,293,293,293,293,293,293,293,293,293,293,293,293,293,293,293,293,293,293,293,293,293,293,293,293,293,293,293,293,293,293,293,293,293,293,293,293,293,293,293,293,
size:9
[agent] id:1
path:955,987,986,985,953,921,920,888,887,855,854,853,852,851,819,818,786,754,722,690,658,626,594,562,530,498,466,434,402,401,369,337,305,304,303,302,301,301,301,301,301,301,
goal:301,301,301,301,301,301,301,301,301,301,301,301,301,301,301,301,301,301,301,301,301,301,301,301,301,301,301,301,301,301,301,301,301,301,301,301,301,301,301,301,301,301,
size:36
[agent] id:2
path:712,744,776,808,840,841,842,874,875,876,877,878,879,880,881,882,883,884,885,885,885,885,885,885,885,885,885,885,885,885,885,885,885,885,885,885,885,885,885,885,885,885,
goal:885,885,885,885,885,885,885,885,885,885,885,885,885,885,885,885,885,885,885,885,885,885,885,885,885,885,885,885,885,885,885,885,885,885,885,885,885,885,885,885,885,885,
size:18
[agent] id:3
path:840,808,809,810,778,779,747,715,683,651,619,620,621,589,557,525,526,527,528,529,529,529,529,529,529,529,529,529,529,529,529,529,529,529,529,529,529,529,529,529,529,529,
goal:529,529,529,529,529,529,529,529,529,529,529,529,529,529,529,529,529,529,529,529,529,529,529,529,529,529,529,529,529,529,529,529,529,529,529,529,529,529,529,529,529,529,
size:19
[agent] id:4
path:707,708,676,644,612,613,614,582,550,518,486,454,422,390,358,326,294,262,230,231,199,200,201,202,202,202,202,202,202,202,202,202,202,202,202,202,202,202,202,202,202,202,
goal:202,202,202,202,202,202,202,202,202,202,202,202,202,202,202,202,202,202,202,202,202,202,202,202,202,202,202,202,202,202,202,202,202,202,202,202,202,202,202,202,202,202,
size:23
[agent] id:5
path:23,55,87,119,151,183,215,214,213,212,211,243,242,241,240,240,240,240,240,240,240,240,240,240,240,240,240,240,240,240,240,240,240,240,240,240,240,240,240,240,240,240,
goal:240,240,240,240,240,240,240,240,240,240,240,240,240,240,240,240,240,240,240,240,240,240,240,240,240,240,240,240,240,240,240,240,240,240,240,240,240,240,240,240,240,240,
size:14
[agent] id:6
path:139,171,203,235,236,268,300,301,302,334,366,367,399,431,463,464,464,464,464,464,464,464,464,464,464,464,464,464,464,464,464,464,464,464,464,464,464,464,464,464,464,464,
goal:464,464,464,464,464,464,464,464,464,464,464,464,464,464,464,464,464,464,464,464,464,464,464,464,464,464,464,464,464,464,464,464,464,464,464,464,464,464,464,464,464,464,
size:15
[agent] id:7
path:996,964,965,933,901,869,837,805,806,807,808,809,810,778,778,778,778,778,778,778,778,778,778,778,778,778,778,778,778,778,778,778,778,778,778,778,778,778,778,778,778,778,
goal:778,778,778,778,778,778,778,778,778,778,778,778,778,778,778,778,778,778,778,778,778,778,778,778,778,778,778,778,778,778,778,778,778,778,778,778,778,778,778,778,778,778,
size:13
[agent] id:8
path:91,123,155,187,219,218,217,216,216,216,216,216,216,216,216,216,216,216,216,216,216,216,216,216,216,216,216,216,216,216,216,216,216,216,216,216,216,216,216,216,216,216,
goal:216,216,216,216,216,216,216,216,216,216,216,216,216,216,216,216,216,216,216,216,216,216,216,216,216,216,216,216,216,216,216,216,216,216,216,216,216,216,216,216,216,216,
size:7
[agent] id:9
path:259,260,261,262,263,231,199,200,201,233,234,235,236,268,300,301,302,303,304,305,306,307,308,309,310,311,312,344,345,377,378,379,347,347,347,347,347,347,347,347,347,347,
goal:347,347,347,347,347,347,347,347,347,347,347,347,347,347,347,347,347,347,347,347,347,347,347,347,347,347,347,347,347,347,347,347,347,347,347,347,347,347,347,347,347,347,
size:32
[agent] id:10
path:212,211,210,178,146,145,144,143,142,174,173,172,140,139,107,75,74,73,72,71,70,69,68,67,66,66,66,66,66,66,66,66,66,66,66,66,66,66,66,66,66,66,
goal:66,66,66,66,66,66,66,66,66,66,66,66,66,66,66,66,66,66,66,66,66,66,66,66,66,66,66,66,66,66,66,66,66,66,66,66,66,66,66,66,66,66,
size:24
[agent] id:11
path:191,190,189,188,187,186,185,184,183,215,214,213,245,277,276,308,307,306,305,337,305,304,303,302,301,300,332,364,396,395,394,393,392,424,423,422,421,420,419,419,419,419,
goal:419,419,419,419,419,419,419,419,419,419,419,419,419,419,419,419,419,419,419,419,419,419,419,419,419,419,419,419,419,419,419,419,419,419,419,419,419,419,419,419,419,419,
size:38
[agent] id:12
path:1004,972,940,908,876,844,812,811,779,747,715,683,651,619,618,617,616,584,552,520,519,487,486,454,422,390,358,326,294,262,261,260,259,258,257,225,193,161,162,162,162,162,
goal:162,162,162,162,162,162,162,162,162,162,162,162,162,162,162,162,162,162,162,162,162,162,162,162,162,162,162,162,162,162,162,162,162,162,162,162,162,162,162,162,162,162,
size:38
[agent] id:13
path:519,520,521,522,554,555,556,524,525,526,527,528,529,497,465,433,434,435,436,437,405,373,374,375,376,377,378,379,347,315,315,315,315,315,315,315,315,315,315,315,315,315,
goal:315,315,315,315,315,315,315,315,315,315,315,315,315,315,315,315,315,315,315,315,315,315,315,315,315,315,315,315,315,315,315,315,315,315,315,315,315,315,315,315,315,315,
size:29
[agent] id:14
path:948,949,950,918,886,854,822,823,791,759,727,695,663,631,599,567,535,536,537,538,539,507,508,476,477,478,446,414,413,412,412,412,412,412,412,412,412,412,412,412,412,412,
goal:412,412,412,412,412,412,412,412,412,412,412,412,412,412,412,412,412,412,412,412,412,412,412,412,412,412,412,412,412,412,412,412,412,412,412,412,412,412,412,412,412,412,
size:29
[agent] id:15
path:960,961,962,963,964,965,966,967,935,936,937,938,939,940,941,942,943,944,945,946,978,979,980,1012,1012,1012,1012,1012,1012,1012,1012,1012,1012,1012,1012,1012,1012,1012,1012,1012,1012,1012,
goal:1012,1012,1012,1012,1012,1012,1012,1012,1012,1012,1012,1012,1012,1012,1012,1012,1012,1012,1012,1012,1012,1012,1012,1012,1012,1012,1012,1012,1012,1012,1012,1012,1012,1012,1012,1012,1012,1012,1012,1012,1012,1012,
size:23
[agent] id:16
path:273,305,337,369,401,433,465,497,529,561,593,594,626,658,690,722,723,724,725,757,758,759,791,823,824,825,857,858,859,860,860,860,860,860,860,860,860,860,860,860,860,860,
goal:860,860,860,860,860,860,860,860,860,860,860,860,860,860,860,860,860,860,860,860,860,860,860,860,860,860,860,860,860,860,860,860,860,860,860,860,860,860,860,860,860,860,
size:29
[agent] id:17
path:133,165,166,167,199,200,201,233,234,235,236,268,300,301,302,334,366,367,399,431,432,433,465,497,498,499,500,501,533,534,535,536,537,538,539,540,540,540,540,540,540,540,
goal:540,540,540,540,540,540,540,540,540,540,540,540,540,540,540,540,540,540,540,540,540,540,540,540,540,540,540,540,540,540,540,540,540,540,540,540,540,540,540,540,540,540,
size:35
[agent] id:18
path:837,805,773,741,709,677,645,613,614,582,550,551,552,553,554,555,556,557,558,559,560,561,562,563,564,565,533,534,535,503,504,472,473,441,442,443,443,443,443,443,443,443,
goal:443,443,443,443,443,443,443,443,443,443,443,443,443,443,443,443,443,443,443,443,443,443,443,443,443,443,443,443,443,443,443,443,443,443,443,443,443,443,443,443,443,443,
size:35
[agent] id:19
path:395,396,364,332,300,301,302,303,304,305,306,307,308,309,310,311,279,280,280,280,280,280,280,280,280,280,280,280,280,280,280,280,280,280,280,280,280,280,280,280,280,280,
goal:280,280,280,280,280,280,280,280,280,280,280,280,280,280,280,280,280,280,280,280,280,280,280,280,280,280,280,280,280,280,280,280,280,280,280,280,280,280,280,280,280,280,
size:17
[agent] id:20
path:957,925,893,861,860,859,858,857,825,824,823,822,821,853,852,851,850,849,848,847,846,845,844,812,811,810,809,808,776,775,774,773,773,773,773,773,773,773,773,773,773,773,
goal:773,773,773,773,773,773,773,773,773,773,773,773,773,773,773,773,773,773,773,773,773,773,773,773,773,773,773,773,773,773,773,773,773,773,773,773,773,773,773,773,773,773,
size:31
[agent] id:21
path:518,550,582,614,646,678,710,711,712,713,714,715,747,779,779,779,779,779,779,779,779,779,779,779,779,779,779,779,779,779,779,779,779,779,779,779,779,779,779,779,779,779,
goal:779,779,779,779,779,779,779,779,779,779,779,779,779,779,779,779,779,779,779,779,779,779,779,779,779,779,779,779,779,779,779,779,779,779,779,779,779,779,779,779,779,779,
size:13
[agent] id:22
path:448,480,512,544,576,577,609,641,673,705,737,738,770,802,803,835,836,837,838,839,840,841,842,874,875,876,877,878,879,880,880,880,880,880,880,880,880,880,880,880,880,880,
goal:880,880,880,880,880,880,880,880,880,880,880,880,880,880,880,880,880,880,880,880,880,880,880,880,880,880,880,880,880,880,880,880,880,880,880,880,880,880,880,880,880,880,
size:29
[agent] id:23
path:134,166,167,199,200,201,233,234,235,236,268,300,332,364,396,428,460,461,493,525,557,589,621,653,685,717,749,781,782,814,846,847,848,849,850,851,852,853,854,886,918,919,
goal:919,919,919,919,919,919,919,919,919,919,919,919,919,919,919,919,919,919,919,919,919,919,919,919,919,919,919,919,919,919,919,919,919,919,919,919,919,919,919,919,919,919,
size:41
[agent] id:24
path:403,435,436,437,405,373,374,375,376,377,378,379,380,380,380,380,380,380,380,380,380,380,380,380,380,380,380,380,380,380,380,380,380,380,380,380,380,380,380,380,380,380,
goal:380,380,380,380,380,380,380,380,380,380,380,380,380,380,380,380,380,380,380,380,380,380,380,380,380,380,380,380,380,380,380,380,380,380,380,380,380,380,380,380,380,380,
size:12
[agent] id:25
path:823,791,759,727,695,663,631,599,567,535,503,504,472,473,441,409,377,378,379,347,315,316,317,285,286,287,255,223,191,159,127,95,63,62,62,62,62,62,62,62,62,62,
goal:62,62,62,62,62,62,62,62,62,62,62,62,62,62,62,62,62,62,62,62,62,62,62,62,62,62,62,62,62,62,62,62,62,62,62,62,62,62,62,62,62,62,
size:33
[agent] id:26
path:535,567,599,631,663,662,661,693,692,691,690,689,688,687,686,718,717,716,715,714,713,745,744,744,744,744,744,744,744,744,744,744,744,744,744,744,744,744,744,744,744,744,
goal:744,744,744,744,744,744,744,744,744,744,744,744,744,744,744,744,744,744,744,744,744,744,744,744,744,744,744,744,744,744,744,744,744,744,744,744,744,744,744,744,744,744,
size:22
[agent] id:27
path:351,383,383,383,383,383,383,383,383,383,383,383,383,383,383,383,383,383,383,383,383,383,383,383,383,383,383,383,383,383,383,383,383,383,383,383,383,383,383,383,383,383,
goal:383,383,383,383,383,383,383,383,383,383,383,383,383,383,383,383,383,383,383,383,383,383,383,383,383,383,383,383,383,383,383,383,383,383,383,383,383,383,383,383,383,383,
size:1
[agent] id:28
path:119,151,183,215,214,213,212,211,243,242,274,306,305,304,303,302,334,334,334,334,334,334,334,334,334,334,334,334,334,334,334,334,334,334,334,334,334,334,334,334,334,334,
goal:334,334,334,334,334,334,334,334,334,334,334,334,334,334,334,334,334,334,334,334,334,334,334,334,334,334,334,334,334,334,334,334,334,334,334,334,334,334,334,334,334,334,
size:16
[agent] id:29
path:908,876,844,845,846,814,782,750,718,686,654,622,590,558,559,560,561,562,563,564,565,533,534,535,536,537,538,539,507,508,476,477,478,446,414,413,381,381,381,381,381,381,
goal:381,381,381,381,381,381,381,381,381,381,381,381,381,381,381,381,381,381,381,381,381,381,381,381,381,381,381,381,381,381,381,381,381,381,381,381,381,381,381,381,381,381,
size:36
SolutionCost:717
