[setting] seed:11313
[solver] type:SASB-ECBS
[solver] w:2.000000
[solver] ID:0
[solver] Lowlevelnode:7258
[solver] Highlevelnode:27
[solver] ConflictCount:14
[solver] solved:1
[solver] elapsed:45
[solver] makespan:51
[problem] timesteplimit:15000
[problem] type:MAPF
[problem] agentnum:30
[graph] width:32
[graph] height:32
[graph] filename:./map/32by32_agents10_ex30.map
[task] id:5,start:0,end:0,service time:0,nodes:498,
[task] id:26,start:0,end:0,service time:0,nodes:664,
[task] id:19,start:0,end:0,service time:0,nodes:517,
[task] id:22,start:0,end:0,service time:0,nodes:726,
[task] id:0,start:0,end:0,service time:0,nodes:791,
[task] id:16,start:0,end:0,service time:0,nodes:443,
[task] id:28,start:0,end:0,service time:0,nodes:963,
[task] id:3,start:0,end:0,service time:0,nodes:752,
[task] id:9,start:0,end:0,service time:0,nodes:276,
[task] id:10,start:0,end:0,service time:0,nodes:545,
[task] id:27,start:0,end:0,service time:0,nodes:464,
[task] id:20,start:0,end:0,service time:0,nodes:715,
[task] id:25,start:0,end:0,service time:0,nodes:924,
[task] id:1,start:0,end:0,service time:0,nodes:647,
[task] id:8,start:0,end:0,service time:0,nodes:758,
[task] id:12,start:0,end:0,service time:0,nodes:695,
[task] id:11,start:0,end:0,service time:0,nodes:300,
[task] id:23,start:0,end:0,service time:0,nodes:121,
[task] id:4,start:0,end:0,service time:0,nodes:653,
[task] id:13,start:0,end:0,service time:0,nodes:159,
[task] id:24,start:0,end:0,service time:0,nodes:1016,
[task] id:15,start:0,end:0,service time:0,nodes:735,
[task] id:29,start:0,end:0,service time:0,nodes:273,
[task] id:21,start:0,end:0,service time:0,nodes:922,
[task] id:2,start:0,end:0,service time:0,nodes:24,
[task] id:14,start:0,end:0,service time:0,nodes:863,
[task] id:18,start:0,end:0,service time:0,nodes:286,
[task] id:17,start:0,end:0,service time:0,nodes:17,
[task] id:6,start:0,end:0,service time:0,nodes:840,
[task] id:7,start:0,end:0,service time:0,nodes:961,
[agent] id:0
path:409,441,473,472,504,536,535,567,599,631,663,695,727,759,791,791,791,791,791,791,791,791,791,791,791,791,791,791,791,791,791,791,791,791,791,791,791,791,791,791,791,791,791,791,791,791,791,791,791,791,791,791,
goal:791,791,791,791,791,791,791,791,791,791,791,791,791,791,791,791,791,791,791,791,791,791,791,791,791,791,791,791,791,791,791,791,791,791,791,791,791,791,791,791,791,791,791,791,791,791,791,791,791,791,791,791,
size:14
[agent] id:1
path:64,65,66,67,68,69,101,133,165,197,229,261,293,294,326,358,390,422,454,486,518,550,582,614,646,647,647,647,647,647,647,647,647,647,647,647,647,647,647,647,647,647,647,647,647,647,647,647,647,647,647,647,
goal:647,647,647,647,647,647,647,647,647,647,647,647,647,647,647,647,647,647,647,647,647,647,647,647,647,647,647,647,647,647,647,647,647,647,647,647,647,647,647,647,647,647,647,647,647,647,647,647,647,647,647,647,
size:25
[agent] id:2
path:859,858,857,825,793,794,762,730,698,699,667,635,603,571,539,538,537,536,504,503,503,504,472,473,441,409,377,345,313,281,280,248,216,184,152,120,88,56,24,24,24,24,24,24,24,24,24,24,24,24,24,24,
goal:24,24,24,24,24,24,24,24,24,24,24,24,24,24,24,24,24,24,24,24,24,24,24,24,24,24,24,24,24,24,24,24,24,24,24,24,24,24,24,24,24,24,24,24,24,24,24,24,24,24,24,24,
size:38
[agent] id:3
path:988,987,986,985,953,921,920,888,887,886,885,884,852,851,819,818,786,754,753,752,752,752,752,752,752,752,752,752,752,752,752,752,752,752,752,752,752,752,752,752,752,752,752,752,752,752,752,752,752,752,752,752,
goal:752,752,752,752,752,752,752,752,752,752,752,752,752,752,752,752,752,752,752,752,752,752,752,752,752,752,752,752,752,752,752,752,752,752,752,752,752,752,752,752,752,752,752,752,752,752,752,752,752,752,752,752,
size:19
[agent] id:4
path:927,895,863,831,799,798,797,796,795,794,794,793,792,760,759,758,757,725,724,723,723,691,691,690,689,657,656,655,654,653,653,653,653,653,653,653,653,653,653,653,653,653,653,653,653,653,653,653,653,653,653,653,
goal:653,653,653,653,653,653,653,653,653,653,653,653,653,653,653,653,653,653,653,653,653,653,653,653,653,653,653,653,653,653,653,653,653,653,653,653,653,653,653,653,653,653,653,653,653,653,653,653,653,653,653,653,
size:29
[agent] id:5
path:656,657,658,626,594,562,530,498,498,498,498,498,498,498,498,498,498,498,498,498,498,498,498,498,498,498,498,498,498,498,498,498,498,498,498,498,498,498,498,498,498,498,498,498,498,498,498,498,498,498,498,498,
goal:498,498,498,498,498,498,498,498,498,498,498,498,498,498,498,498,498,498,498,498,498,498,498,498,498,498,498,498,498,498,498,498,498,498,498,498,498,498,498,498,498,498,498,498,498,498,498,498,498,498,498,498,
size:7
[agent] id:6
path:127,159,191,223,255,287,286,318,317,349,381,380,379,378,410,442,474,473,472,504,536,535,567,599,631,630,662,661,693,725,724,723,755,754,786,818,850,849,848,847,846,845,844,843,842,841,840,840,840,840,840,840,
goal:840,840,840,840,840,840,840,840,840,840,840,840,840,840,840,840,840,840,840,840,840,840,840,840,840,840,840,840,840,840,840,840,840,840,840,840,840,840,840,840,840,840,840,840,840,840,840,840,840,840,840,840,
size:46
[agent] id:7
path:121,153,185,217,216,248,280,312,344,376,375,407,439,438,470,469,501,533,565,564,563,562,594,626,658,690,722,754,786,818,850,849,848,847,846,845,844,843,842,841,840,872,871,870,902,901,900,899,931,930,962,961,
goal:961,961,961,961,961,961,961,961,961,961,961,961,961,961,961,961,961,961,961,961,961,961,961,961,961,961,961,961,961,961,961,961,961,961,961,961,961,961,961,961,961,961,961,961,961,961,961,961,961,961,961,961,
size:51
[agent] id:8
path:640,641,642,643,644,645,646,647,648,649,650,651,652,653,685,686,687,688,720,721,722,723,724,725,757,758,758,758,758,758,758,758,758,758,758,758,758,758,758,758,758,758,758,758,758,758,758,758,758,758,758,758,
goal:758,758,758,758,758,758,758,758,758,758,758,758,758,758,758,758,758,758,758,758,758,758,758,758,758,758,758,758,758,758,758,758,758,758,758,758,758,758,758,758,758,758,758,758,758,758,758,758,758,758,758,758,
size:25
[agent] id:9
path:520,521,489,457,458,426,394,395,396,364,332,300,301,302,303,304,305,306,307,308,276,276,276,276,276,276,276,276,276,276,276,276,276,276,276,276,276,276,276,276,276,276,276,276,276,276,276,276,276,276,276,276,
goal:276,276,276,276,276,276,276,276,276,276,276,276,276,276,276,276,276,276,276,276,276,276,276,276,276,276,276,276,276,276,276,276,276,276,276,276,276,276,276,276,276,276,276,276,276,276,276,276,276,276,276,276,
size:20
[agent] id:10
path:721,689,657,656,655,623,622,621,620,619,618,617,616,615,614,613,612,611,579,578,577,545,545,545,545,545,545,545,545,545,545,545,545,545,545,545,545,545,545,545,545,545,545,545,545,545,545,545,545,545,545,545,
goal:545,545,545,545,545,545,545,545,545,545,545,545,545,545,545,545,545,545,545,545,545,545,545,545,545,545,545,545,545,545,545,545,545,545,545,545,545,545,545,545,545,545,545,545,545,545,545,545,545,545,545,545,
size:21
[agent] id:11
path:62,94,126,158,190,189,188,187,219,218,217,216,215,214,213,212,211,243,242,274,306,305,304,303,302,301,300,300,300,300,300,300,300,300,300,300,300,300,300,300,300,300,300,300,300,300,300,300,300,300,300,300,
goal:300,300,300,300,300,300,300,300,300,300,300,300,300,300,300,300,300,300,300,300,300,300,300,300,300,300,300,300,300,300,300,300,300,300,300,300,300,300,300,300,300,300,300,300,300,300,300,300,300,300,300,300,
size:26
[agent] id:12
path:804,805,773,741,709,710,711,712,713,714,715,716,717,685,686,687,688,689,690,691,692,693,661,662,663,695,695,695,695,695,695,695,695,695,695,695,695,695,695,695,695,695,695,695,695,695,695,695,695,695,695,695,
goal:695,695,695,695,695,695,695,695,695,695,695,695,695,695,695,695,695,695,695,695,695,695,695,695,695,695,695,695,695,695,695,695,695,695,695,695,695,695,695,695,695,695,695,695,695,695,695,695,695,695,695,695,
size:25
[agent] id:13
path:830,798,766,734,702,670,669,637,605,604,603,571,539,507,508,476,477,478,446,414,413,381,349,317,285,286,287,255,223,191,159,159,159,159,159,159,159,159,159,159,159,159,159,159,159,159,159,159,159,159,159,159,
goal:159,159,159,159,159,159,159,159,159,159,159,159,159,159,159,159,159,159,159,159,159,159,159,159,159,159,159,159,159,159,159,159,159,159,159,159,159,159,159,159,159,159,159,159,159,159,159,159,159,159,159,159,
size:30
[agent] id:14
path:516,548,549,550,551,552,553,554,555,556,557,589,590,591,592,593,594,626,627,628,628,629,630,631,632,633,634,635,667,699,700,701,733,765,797,798,830,831,863,863,863,863,863,863,863,863,863,863,863,863,863,863,
goal:863,863,863,863,863,863,863,863,863,863,863,863,863,863,863,863,863,863,863,863,863,863,863,863,863,863,863,863,863,863,863,863,863,863,863,863,863,863,863,863,863,863,863,863,863,863,863,863,863,863,863,863,
size:38
[agent] id:15
path:80,112,144,176,177,209,241,273,305,337,369,401,433,465,466,467,499,500,501,533,565,597,598,598,599,600,632,633,634,635,667,699,700,701,733,734,735,735,735,735,735,735,735,735,735,735,735,735,735,735,735,735,
goal:735,735,735,735,735,735,735,735,735,735,735,735,735,735,735,735,735,735,735,735,735,735,735,735,735,735,735,735,735,735,735,735,735,735,735,735,735,735,735,735,735,735,735,735,735,735,735,735,735,735,735,735,
size:36
[agent] id:16
path:399,431,432,433,434,435,436,437,438,439,407,408,409,441,442,443,443,443,443,443,443,443,443,443,443,443,443,443,443,443,443,443,443,443,443,443,443,443,443,443,443,443,443,443,443,443,443,443,443,443,443,443,
goal:443,443,443,443,443,443,443,443,443,443,443,443,443,443,443,443,443,443,443,443,443,443,443,443,443,443,443,443,443,443,443,443,443,443,443,443,443,443,443,443,443,443,443,443,443,443,443,443,443,443,443,443,
size:15
[agent] id:17
path:989,957,925,893,861,860,859,858,857,825,793,792,760,728,696,695,663,631,630,598,566,534,533,501,469,437,405,373,341,309,277,245,213,212,211,210,178,146,114,82,50,18,17,17,17,17,17,17,17,17,17,17,
goal:17,17,17,17,17,17,17,17,17,17,17,17,17,17,17,17,17,17,17,17,17,17,17,17,17,17,17,17,17,17,17,17,17,17,17,17,17,17,17,17,17,17,17,17,17,17,17,17,17,17,17,17,
size:42
[agent] id:18
path:67,68,69,101,133,165,166,167,199,200,201,202,203,204,205,206,207,239,240,241,242,243,211,212,213,214,215,216,217,218,219,187,188,189,221,222,223,255,287,286,286,286,286,286,286,286,286,286,286,286,286,286,
goal:286,286,286,286,286,286,286,286,286,286,286,286,286,286,286,286,286,286,286,286,286,286,286,286,286,286,286,286,286,286,286,286,286,286,286,286,286,286,286,286,286,286,286,286,286,286,286,286,286,286,286,286,
size:39
[agent] id:19
path:806,774,742,710,678,646,614,582,550,518,517,517,517,517,517,517,517,517,517,517,517,517,517,517,517,517,517,517,517,517,517,517,517,517,517,517,517,517,517,517,517,517,517,517,517,517,517,517,517,517,517,517,
goal:517,517,517,517,517,517,517,517,517,517,517,517,517,517,517,517,517,517,517,517,517,517,517,517,517,517,517,517,517,517,517,517,517,517,517,517,517,517,517,517,517,517,517,517,517,517,517,517,517,517,517,517,
size:10
[agent] id:20
path:341,373,405,437,469,501,533,565,597,629,661,660,659,658,657,656,655,687,686,718,717,716,715,715,715,715,715,715,715,715,715,715,715,715,715,715,715,715,715,715,715,715,715,715,715,715,715,715,715,715,715,715,
goal:715,715,715,715,715,715,715,715,715,715,715,715,715,715,715,715,715,715,715,715,715,715,715,715,715,715,715,715,715,715,715,715,715,715,715,715,715,715,715,715,715,715,715,715,715,715,715,715,715,715,715,715,
size:22
[agent] id:21
path:17,49,81,113,145,177,209,241,273,305,337,369,401,433,465,497,529,561,593,594,626,658,690,722,754,786,818,850,882,883,884,885,886,918,919,920,921,922,922,922,922,922,922,922,922,922,922,922,922,922,922,922,
goal:922,922,922,922,922,922,922,922,922,922,922,922,922,922,922,922,922,922,922,922,922,922,922,922,922,922,922,922,922,922,922,922,922,922,922,922,922,922,922,922,922,922,922,922,922,922,922,922,922,922,922,922,
size:37
[agent] id:22
path:716,717,718,686,687,688,720,721,722,723,724,725,726,726,726,726,726,726,726,726,726,726,726,726,726,726,726,726,726,726,726,726,726,726,726,726,726,726,726,726,726,726,726,726,726,726,726,726,726,726,726,726,
goal:726,726,726,726,726,726,726,726,726,726,726,726,726,726,726,726,726,726,726,726,726,726,726,726,726,726,726,726,726,726,726,726,726,726,726,726,726,726,726,726,726,726,726,726,726,726,726,726,726,726,726,726,
size:12
[agent] id:23
path:755,723,691,659,627,628,596,564,565,533,501,469,437,405,373,341,309,277,245,213,181,182,150,151,119,120,121,121,121,121,121,121,121,121,121,121,121,121,121,121,121,121,121,121,121,121,121,121,121,121,121,121,
goal:121,121,121,121,121,121,121,121,121,121,121,121,121,121,121,121,121,121,121,121,121,121,121,121,121,121,121,121,121,121,121,121,121,121,121,121,121,121,121,121,121,121,121,121,121,121,121,121,121,121,121,121,
size:26
[agent] id:24
path:287,286,318,317,349,381,380,379,378,410,442,474,473,472,504,536,535,567,599,631,663,695,727,759,760,792,824,823,855,887,919,920,952,984,1016,1016,1016,1016,1016,1016,1016,1016,1016,1016,1016,1016,1016,1016,1016,1016,1016,1016,
goal:1016,1016,1016,1016,1016,1016,1016,1016,1016,1016,1016,1016,1016,1016,1016,1016,1016,1016,1016,1016,1016,1016,1016,1016,1016,1016,1016,1016,1016,1016,1016,1016,1016,1016,1016,1016,1016,1016,1016,1016,1016,1016,1016,1016,1016,1016,1016,1016,1016,1016,1016,1016,
size:34
[agent] id:25
path:842,843,844,845,846,847,848,849,850,851,852,853,854,855,823,824,825,857,858,859,860,892,924,924,924,924,924,924,924,924,924,924,924,924,924,924,924,924,924,924,924,924,924,924,924,924,924,924,924,924,924,924,
goal:924,924,924,924,924,924,924,924,924,924,924,924,924,924,924,924,924,924,924,924,924,924,924,924,924,924,924,924,924,924,924,924,924,924,924,924,924,924,924,924,924,924,924,924,924,924,924,924,924,924,924,924,
size:22
[agent] id:26
path:886,854,822,823,791,759,727,695,663,664,664,664,664,664,664,664,664,664,664,664,664,664,664,664,664,664,664,664,664,664,664,664,664,664,664,664,664,664,664,664,664,664,664,664,664,664,664,664,664,664,664,664,
goal:664,664,664,664,664,664,664,664,664,664,664,664,664,664,664,664,664,664,664,664,664,664,664,664,664,664,664,664,664,664,664,664,664,664,664,664,664,664,664,664,664,664,664,664,664,664,664,664,664,664,664,664,
size:9
[agent] id:27
path:89,121,153,185,217,216,248,280,312,344,376,375,407,439,438,470,469,468,467,466,465,464,464,464,464,464,464,464,464,464,464,464,464,464,464,464,464,464,464,464,464,464,464,464,464,464,464,464,464,464,464,464,
goal:464,464,464,464,464,464,464,464,464,464,464,464,464,464,464,464,464,464,464,464,464,464,464,464,464,464,464,464,464,464,464,464,464,464,464,464,464,464,464,464,464,464,464,464,464,464,464,464,464,464,464,464,
size:21
[agent] id:28
path:513,545,577,609,641,673,705,737,738,770,802,803,835,867,899,931,963,963,963,963,963,963,963,963,963,963,963,963,963,963,963,963,963,963,963,963,963,963,963,963,963,963,963,963,963,963,963,963,963,963,963,963,
goal:963,963,963,963,963,963,963,963,963,963,963,963,963,963,963,963,963,963,963,963,963,963,963,963,963,963,963,963,963,963,963,963,963,963,963,963,963,963,963,963,963,963,963,963,963,963,963,963,963,963,963,963,
size:16
[agent] id:29
path:963,931,899,867,835,803,771,739,707,708,676,644,645,646,647,615,583,551,552,553,554,555,556,524,525,526,527,528,529,497,465,433,401,369,337,305,273,273,273,273,273,273,273,273,273,273,273,273,273,273,273,273,
goal:273,273,273,273,273,273,273,273,273,273,273,273,273,273,273,273,273,273,273,273,273,273,273,273,273,273,273,273,273,273,273,273,273,273,273,273,273,273,273,273,273,273,273,273,273,273,273,273,273,273,273,273,
size:36
SolutionCost:791
