[setting] seed:4153
[solver] type:SASB-ECBS
[solver] w:2.000000
[solver] ID:0
[solver] Lowlevelnode:0
[solver] Highlevelnode:1
[solver] ConflictCount:1
[solver] solved:1
[solver] elapsed:2
[solver] makespan:36
[problem] timesteplimit:15000
[problem] type:MAPF
[problem] agentnum:5
[graph] width:32
[graph] height:32
[graph] filename:./map/32by32_agents10_ex30.map
[task] id:2,start:0,end:0,service time:0,nodes:534,
[task] id:1,start:0,end:0,service time:0,nodes:942,
[task] id:0,start:0,end:0,service time:0,nodes:528,
[task] id:3,start:0,end:0,service time:0,nodes:236,
[task] id:4,start:0,end:0,service time:0,nodes:928,
[agent] id:0
path:693,661,629,597,565,564,563,531,530,529,528,528,528,528,528,528,528,528,528,528,528,528,528,528,528,528,528,528,528,528,528,528,528,528,528,528,528,
goal:528,528,528,528,528,528,528,528,528,528,528,528,528,528,528,528,528,528,528,528,528,528,528,528,528,528,528,528,528,528,528,528,528,528,528,528,528,
size:10
[agent] id:1
path:902,934,935,936,937,938,939,940,941,942,942,942,942,942,942,942,942,942,942,942,942,942,942,942,942,942,942,942,942,942,942,942,942,942,942,942,942,
goal:942,942,942,942,942,942,942,942,942,942,942,942,942,942,942,942,942,942,942,942,942,942,942,942,942,942,942,942,942,942,942,942,942,942,942,942,942,
size:9
[agent] id:2
path:309,341,373,405,437,469,501,533,534,534,534,534,534,534,534,534,534,534,534,534,534,534,534,534,534,534,534,534,534,534,534,534,534,534,534,534,534,
goal:534,534,534,534,534,534,534,534,534,534,534,534,534,534,534,534,534,534,534,534,534,534,534,534,534,534,534,534,534,534,534,534,534,534,534,534,534,
size:8
[agent] id:3
path:779,747,715,683,651,619,620,621,589,557,525,493,461,429,397,396,364,332,300,268,236,236,236,236,236,236,236,236,236,236,236,236,236,236,236,236,236,
goal:236,236,236,236,236,236,236,236,236,236,236,236,236,236,236,236,236,236,236,236,236,236,236,236,236,236,236,236,236,236,236,236,236,236,236,236,236,
size:20
[agent] id:4
path:634,633,632,664,696,728,760,792,824,823,855,854,853,852,851,850,849,848,847,846,845,844,843,842,841,840,872,871,870,902,901,900,899,931,930,929,928,
goal:928,928,928,928,928,928,928,928,928,928,928,928,928,928,928,928,928,928,928,928,928,928,928,928,928,928,928,928,928,928,928,928,928,928,928,928,928,
size:36
SolutionCost:83
