[setting] seed:5724
[solver] type:SASB-ECBS
[solver] w:2.000000
[solver] ID:0
[solver] Lowlevelnode:2382
[solver] Highlevelnode:15
[solver] ConflictCount:8
[solver] solved:1
[solver] elapsed:25
[solver] makespan:51
[problem] timesteplimit:15000
[problem] type:MAPF
[problem] agentnum:30
[graph] width:32
[graph] height:32
[graph] filename:./map/32by32_agents10_ex30.map
[task] id:16,start:0,end:0,service time:0,nodes:464,
[task] id:6,start:0,end:0,service time:0,nodes:758,
[task] id:17,start:0,end:0,service time:0,nodes:936,
[task] id:21,start:0,end:0,service time:0,nodes:537,
[task] id:27,start:0,end:0,service time:0,nodes:619,
[task] id:22,start:0,end:0,service time:0,nodes:964,
[task] id:3,start:0,end:0,service time:0,nodes:630,
[task] id:25,start:0,end:0,service time:0,nodes:721,
[task] id:28,start:0,end:0,service time:0,nodes:344,
[task] id:15,start:0,end:0,service time:0,nodes:18,
[task] id:8,start:0,end:0,service time:0,nodes:533,
[task] id:14,start:0,end:0,service time:0,nodes:564,
[task] id:0,start:0,end:0,service time:0,nodes:451,
[task] id:20,start:0,end:0,service time:0,nodes:277,
[task] id:9,start:0,end:0,service time:0,nodes:946,
[task] id:23,start:0,end:0,service time:0,nodes:36,
[task] id:18,start:0,end:0,service time:0,nodes:801,
[task] id:4,start:0,end:0,service time:0,nodes:407,
[task] id:19,start:0,end:0,service time:0,nodes:1004,
[task] id:7,start:0,end:0,service time:0,nodes:516,
[task] id:12,start:0,end:0,service time:0,nodes:507,
[task] id:1,start:0,end:0,service time:0,nodes:659,
[task] id:11,start:0,end:0,service time:0,nodes:589,
[task] id:13,start:0,end:0,service time:0,nodes:359,
[task] id:5,start:0,end:0,service time:0,nodes:286,
[task] id:26,start:0,end:0,service time:0,nodes:1017,
[task] id:29,start:0,end:0,service time:0,nodes:242,
[task] id:10,start:0,end:0,service time:0,nodes:317,
[task] id:24,start:0,end:0,service time:0,nodes:729,
[task] id:2,start:0,end:0,service time:0,nodes:985,
[agent] id:0
path:900,899,867,835,803,771,739,707,708,676,644,612,611,579,547,515,483,451,451,451,451,451,451,451,451,451,451,451,451,451,451,451,451,451,451,451,451,451,451,451,451,451,451,451,451,451,451,451,451,451,451,451,
goal:451,451,451,451,451,451,451,451,451,451,451,451,451,451,451,451,451,451,451,451,451,451,451,451,451,451,451,451,451,451,451,451,451,451,451,451,451,451,451,451,451,451,451,451,451,451,451,451,451,451,451,451,
size:17
[agent] id:1
path:191,223,255,287,286,318,317,349,381,380,379,378,410,442,474,473,472,504,536,535,567,599,631,663,662,661,660,659,659,659,659,659,659,659,659,659,659,659,659,659,659,659,659,659,659,659,659,659,659,659,659,659,
goal:659,659,659,659,659,659,659,659,659,659,659,659,659,659,659,659,659,659,659,659,659,659,659,659,659,659,659,659,659,659,659,659,659,659,659,659,659,659,659,659,659,659,659,659,659,659,659,659,659,659,659,659,
size:27
[agent] id:2
path:66,67,68,69,101,133,165,197,229,261,293,294,326,358,390,422,454,486,518,550,582,614,646,678,710,742,774,806,838,839,840,841,842,874,875,876,877,878,879,880,881,882,883,884,885,886,918,950,982,983,984,985,
goal:985,985,985,985,985,985,985,985,985,985,985,985,985,985,985,985,985,985,985,985,985,985,985,985,985,985,985,985,985,985,985,985,985,985,985,985,985,985,985,985,985,985,985,985,985,985,985,985,985,985,985,985,
size:51
[agent] id:3
path:919,887,855,823,791,759,727,695,663,631,630,630,630,630,630,630,630,630,630,630,630,630,630,630,630,630,630,630,630,630,630,630,630,630,630,630,630,630,630,630,630,630,630,630,630,630,630,630,630,630,630,630,
goal:630,630,630,630,630,630,630,630,630,630,630,630,630,630,630,630,630,630,630,630,630,630,630,630,630,630,630,630,630,630,630,630,630,630,630,630,630,630,630,630,630,630,630,630,630,630,630,630,630,630,630,630,
size:10
[agent] id:4
path:606,605,604,603,571,539,507,508,476,477,478,446,414,413,381,380,348,347,379,378,410,409,408,407,407,407,407,407,407,407,407,407,407,407,407,407,407,407,407,407,407,407,407,407,407,407,407,407,407,407,407,407,
goal:407,407,407,407,407,407,407,407,407,407,407,407,407,407,407,407,407,407,407,407,407,407,407,407,407,407,407,407,407,407,407,407,407,407,407,407,407,407,407,407,407,407,407,407,407,407,407,407,407,407,407,407,
size:23
[agent] id:5
path:716,717,685,653,621,589,557,525,526,527,528,529,497,465,433,434,435,436,437,405,373,374,375,376,377,378,379,347,315,316,317,285,286,286,286,286,286,286,286,286,286,286,286,286,286,286,286,286,286,286,286,286,
goal:286,286,286,286,286,286,286,286,286,286,286,286,286,286,286,286,286,286,286,286,286,286,286,286,286,286,286,286,286,286,286,286,286,286,286,286,286,286,286,286,286,286,286,286,286,286,286,286,286,286,286,286,
size:32
[agent] id:6
path:723,724,725,757,758,758,758,758,758,758,758,758,758,758,758,758,758,758,758,758,758,758,758,758,758,758,758,758,758,758,758,758,758,758,758,758,758,758,758,758,758,758,758,758,758,758,758,758,758,758,758,758,
goal:758,758,758,758,758,758,758,758,758,758,758,758,758,758,758,758,758,758,758,758,758,758,758,758,758,758,758,758,758,758,758,758,758,758,758,758,758,758,758,758,758,758,758,758,758,758,758,758,758,758,758,758,
size:4
[agent] id:7
path:943,911,879,847,846,814,782,750,718,686,654,622,590,558,557,556,555,554,522,521,520,519,518,517,516,516,516,516,516,516,516,516,516,516,516,516,516,516,516,516,516,516,516,516,516,516,516,516,516,516,516,516,
goal:516,516,516,516,516,516,516,516,516,516,516,516,516,516,516,516,516,516,516,516,516,516,516,516,516,516,516,516,516,516,516,516,516,516,516,516,516,516,516,516,516,516,516,516,516,516,516,516,516,516,516,516,
size:24
[agent] id:8
path:242,274,306,307,308,309,341,373,405,437,469,501,533,533,533,533,533,533,533,533,533,533,533,533,533,533,533,533,533,533,533,533,533,533,533,533,533,533,533,533,533,533,533,533,533,533,533,533,533,533,533,533,
goal:533,533,533,533,533,533,533,533,533,533,533,533,533,533,533,533,533,533,533,533,533,533,533,533,533,533,533,533,533,533,533,533,533,533,533,533,533,533,533,533,533,533,533,533,533,533,533,533,533,533,533,533,
size:12
[agent] id:9
path:733,765,797,796,795,794,793,825,824,823,855,887,886,885,884,883,915,914,946,946,946,946,946,946,946,946,946,946,946,946,946,946,946,946,946,946,946,946,946,946,946,946,946,946,946,946,946,946,946,946,946,946,
goal:946,946,946,946,946,946,946,946,946,946,946,946,946,946,946,946,946,946,946,946,946,946,946,946,946,946,946,946,946,946,946,946,946,946,946,946,946,946,946,946,946,946,946,946,946,946,946,946,946,946,946,946,
size:18
[agent] id:10
path:320,352,353,354,355,356,357,358,359,391,392,393,394,395,396,364,332,300,301,302,303,304,305,306,307,308,309,310,311,312,313,345,377,378,379,347,315,316,317,317,317,317,317,317,317,317,317,317,317,317,317,317,
goal:317,317,317,317,317,317,317,317,317,317,317,317,317,317,317,317,317,317,317,317,317,317,317,317,317,317,317,317,317,317,317,317,317,317,317,317,317,317,317,317,317,317,317,317,317,317,317,317,317,317,317,317,
size:38
[agent] id:11
path:956,955,987,986,985,953,921,920,888,887,886,854,853,852,851,819,818,786,754,722,690,658,626,594,593,592,591,590,589,589,589,589,589,589,589,589,589,589,589,589,589,589,589,589,589,589,589,589,589,589,589,589,
goal:589,589,589,589,589,589,589,589,589,589,589,589,589,589,589,589,589,589,589,589,589,589,589,589,589,589,589,589,589,589,589,589,589,589,589,589,589,589,589,589,589,589,589,589,589,589,589,589,589,589,589,589,
size:28
[agent] id:12
path:54,86,87,88,120,152,184,216,248,280,312,313,345,377,378,379,380,412,413,414,446,478,477,509,508,507,507,507,507,507,507,507,507,507,507,507,507,507,507,507,507,507,507,507,507,507,507,507,507,507,507,507,
goal:507,507,507,507,507,507,507,507,507,507,507,507,507,507,507,507,507,507,507,507,507,507,507,507,507,507,507,507,507,507,507,507,507,507,507,507,507,507,507,507,507,507,507,507,507,507,507,507,507,507,507,507,
size:25
[agent] id:13
path:760,728,696,664,632,600,599,567,566,565,564,563,531,530,529,528,527,526,494,493,461,429,397,396,395,394,393,392,391,359,359,359,359,359,359,359,359,359,359,359,359,359,359,359,359,359,359,359,359,359,359,359,
goal:359,359,359,359,359,359,359,359,359,359,359,359,359,359,359,359,359,359,359,359,359,359,359,359,359,359,359,359,359,359,359,359,359,359,359,359,359,359,359,359,359,359,359,359,359,359,359,359,359,359,359,359,
size:29
[agent] id:14
path:412,380,379,378,410,442,474,473,472,504,536,535,567,566,565,564,564,564,564,564,564,564,564,564,564,564,564,564,564,564,564,564,564,564,564,564,564,564,564,564,564,564,564,564,564,564,564,564,564,564,564,564,
goal:564,564,564,564,564,564,564,564,564,564,564,564,564,564,564,564,564,564,564,564,564,564,564,564,564,564,564,564,564,564,564,564,564,564,564,564,564,564,564,564,564,564,564,564,564,564,564,564,564,564,564,564,
size:15
[agent] id:15
path:215,183,151,119,87,55,23,22,21,20,19,18,18,18,18,18,18,18,18,18,18,18,18,18,18,18,18,18,18,18,18,18,18,18,18,18,18,18,18,18,18,18,18,18,18,18,18,18,18,18,18,18,
goal:18,18,18,18,18,18,18,18,18,18,18,18,18,18,18,18,18,18,18,18,18,18,18,18,18,18,18,18,18,18,18,18,18,18,18,18,18,18,18,18,18,18,18,18,18,18,18,18,18,18,18,18,
size:11
[agent] id:16
path:401,433,465,464,464,464,464,464,464,464,464,464,464,464,464,464,464,464,464,464,464,464,464,464,464,464,464,464,464,464,464,464,464,464,464,464,464,464,464,464,464,464,464,464,464,464,464,464,464,464,464,464,
goal:464,464,464,464,464,464,464,464,464,464,464,464,464,464,464,464,464,464,464,464,464,464,464,464,464,464,464,464,464,464,464,464,464,464,464,464,464,464,464,464,464,464,464,464,464,464,464,464,464,464,464,464,
size:3
[agent] id:17
path:876,908,940,939,938,937,936,936,936,936,936,936,936,936,936,936,936,936,936,936,936,936,936,936,936,936,936,936,936,936,936,936,936,936,936,936,936,936,936,936,936,936,936,936,936,936,936,936,936,936,936,936,
goal:936,936,936,936,936,936,936,936,936,936,936,936,936,936,936,936,936,936,936,936,936,936,936,936,936,936,936,936,936,936,936,936,936,936,936,936,936,936,936,936,936,936,936,936,936,936,936,936,936,936,936,936,
size:6
[agent] id:18
path:524,556,555,554,553,552,584,616,648,680,712,744,776,808,807,806,805,804,803,802,801,801,801,801,801,801,801,801,801,801,801,801,801,801,801,801,801,801,801,801,801,801,801,801,801,801,801,801,801,801,801,801,
goal:801,801,801,801,801,801,801,801,801,801,801,801,801,801,801,801,801,801,801,801,801,801,801,801,801,801,801,801,801,801,801,801,801,801,801,801,801,801,801,801,801,801,801,801,801,801,801,801,801,801,801,801,
size:20
[agent] id:19
path:466,498,530,562,594,626,658,690,722,754,786,818,850,882,914,946,945,944,943,942,974,1006,1005,1004,1004,1004,1004,1004,1004,1004,1004,1004,1004,1004,1004,1004,1004,1004,1004,1004,1004,1004,1004,1004,1004,1004,1004,1004,1004,1004,1004,1004,
goal:1004,1004,1004,1004,1004,1004,1004,1004,1004,1004,1004,1004,1004,1004,1004,1004,1004,1004,1004,1004,1004,1004,1004,1004,1004,1004,1004,1004,1004,1004,1004,1004,1004,1004,1004,1004,1004,1004,1004,1004,1004,1004,1004,1004,1004,1004,1004,1004,1004,1004,1004,1004,
size:23
[agent] id:20
path:633,632,600,599,567,535,534,533,501,469,470,438,406,374,342,310,309,277,277,277,277,277,277,277,277,277,277,277,277,277,277,277,277,277,277,277,277,277,277,277,277,277,277,277,277,277,277,277,277,277,277,277,
goal:277,277,277,277,277,277,277,277,277,277,277,277,277,277,277,277,277,277,277,277,277,277,277,277,277,277,277,277,277,277,277,277,277,277,277,277,277,277,277,277,277,277,277,277,277,277,277,277,277,277,277,277,
size:17
[agent] id:21
path:669,637,605,604,603,571,539,538,537,537,537,537,537,537,537,537,537,537,537,537,537,537,537,537,537,537,537,537,537,537,537,537,537,537,537,537,537,537,537,537,537,537,537,537,537,537,537,537,537,537,537,537,
goal:537,537,537,537,537,537,537,537,537,537,537,537,537,537,537,537,537,537,537,537,537,537,537,537,537,537,537,537,537,537,537,537,537,537,537,537,537,537,537,537,537,537,537,537,537,537,537,537,537,537,537,537,
size:8
[agent] id:22
path:907,939,938,937,936,935,967,966,965,964,964,964,964,964,964,964,964,964,964,964,964,964,964,964,964,964,964,964,964,964,964,964,964,964,964,964,964,964,964,964,964,964,964,964,964,964,964,964,964,964,964,964,
goal:964,964,964,964,964,964,964,964,964,964,964,964,964,964,964,964,964,964,964,964,964,964,964,964,964,964,964,964,964,964,964,964,964,964,964,964,964,964,964,964,964,964,964,964,964,964,964,964,964,964,964,964,
size:9
[agent] id:23
path:17,49,48,80,79,78,77,45,44,12,11,10,42,41,40,39,38,37,36,36,36,36,36,36,36,36,36,36,36,36,36,36,36,36,36,36,36,36,36,36,36,36,36,36,36,36,36,36,36,36,36,36,
goal:36,36,36,36,36,36,36,36,36,36,36,36,36,36,36,36,36,36,36,36,36,36,36,36,36,36,36,36,36,36,36,36,36,36,36,36,36,36,36,36,36,36,36,36,36,36,36,36,36,36,36,36,
size:18
[agent] id:24
path:11,10,42,74,106,138,139,171,203,235,236,268,300,301,302,334,366,367,399,431,432,433,465,497,529,561,593,594,626,658,690,722,723,724,725,726,727,728,729,729,729,729,729,729,729,729,729,729,729,729,729,729,
goal:729,729,729,729,729,729,729,729,729,729,729,729,729,729,729,729,729,729,729,729,729,729,729,729,729,729,729,729,729,729,729,729,729,729,729,729,729,729,729,729,729,729,729,729,729,729,729,729,729,729,729,729,
size:38
[agent] id:25
path:556,557,589,621,622,654,686,687,688,720,721,721,721,721,721,721,721,721,721,721,721,721,721,721,721,721,721,721,721,721,721,721,721,721,721,721,721,721,721,721,721,721,721,721,721,721,721,721,721,721,721,721,
goal:721,721,721,721,721,721,721,721,721,721,721,721,721,721,721,721,721,721,721,721,721,721,721,721,721,721,721,721,721,721,721,721,721,721,721,721,721,721,721,721,721,721,721,721,721,721,721,721,721,721,721,721,
size:10
[agent] id:26
path:155,187,219,218,217,216,248,280,312,344,376,408,409,441,473,472,504,536,535,567,599,631,663,695,727,759,791,823,855,887,919,920,952,984,1016,1017,1017,1017,1017,1017,1017,1017,1017,1017,1017,1017,1017,1017,1017,1017,1017,1017,
goal:1017,1017,1017,1017,1017,1017,1017,1017,1017,1017,1017,1017,1017,1017,1017,1017,1017,1017,1017,1017,1017,1017,1017,1017,1017,1017,1017,1017,1017,1017,1017,1017,1017,1017,1017,1017,1017,1017,1017,1017,1017,1017,1017,1017,1017,1017,1017,1017,1017,1017,1017,1017,
size:35
[agent] id:27
path:842,810,778,779,747,715,683,651,619,619,619,619,619,619,619,619,619,619,619,619,619,619,619,619,619,619,619,619,619,619,619,619,619,619,619,619,619,619,619,619,619,619,619,619,619,619,619,619,619,619,619,619,
goal:619,619,619,619,619,619,619,619,619,619,619,619,619,619,619,619,619,619,619,619,619,619,619,619,619,619,619,619,619,619,619,619,619,619,619,619,619,619,619,619,619,619,619,619,619,619,619,619,619,619,619,619,
size:8
[agent] id:28
path:189,188,187,219,218,217,216,248,280,312,344,344,344,344,344,344,344,344,344,344,344,344,344,344,344,344,344,344,344,344,344,344,344,344,344,344,344,344,344,344,344,344,344,344,344,344,344,344,344,344,344,344,
goal:344,344,344,344,344,344,344,344,344,344,344,344,344,344,344,344,344,344,344,344,344,344,344,344,344,344,344,344,344,344,344,344,344,344,344,344,344,344,344,344,344,344,344,344,344,344,344,344,344,344,344,344,
size:10
[agent] id:29
path:926,894,893,861,860,859,858,857,825,793,792,760,728,696,664,663,662,661,629,628,627,626,594,562,530,498,466,434,402,401,369,337,305,273,241,242,242,242,242,242,242,242,242,242,242,242,242,242,242,242,242,242,
goal:242,242,242,242,242,242,242,242,242,242,242,242,242,242,242,242,242,242,242,242,242,242,242,242,242,242,242,242,242,242,242,242,242,242,242,242,242,242,242,242,242,242,242,242,242,242,242,242,242,242,242,242,
size:35
SolutionCost:604
