[setting] seed:1955
[solver] type:SASB-ECBS
[solver] w:2.000000
[solver] ID:0
[solver] Lowlevelnode:2573
[solver] Highlevelnode:11
[solver] ConflictCount:6
[solver] solved:1
[solver] elapsed:33
[solver] makespan:38
[problem] timesteplimit:15000
[problem] type:MAPF
[problem] agentnum:30
[graph] width:32
[graph] height:32
[graph] filename:./map/32by32_agents10_ex30.map
[task] id:29,start:0,end:0,service time:0,nodes:940,
[task] id:2,start:0,end:0,service time:0,nodes:258,
[task] id:5,start:0,end:0,service time:0,nodes:636,
[task] id:14,start:0,end:0,service time:0,nodes:293,
[task] id:7,start:0,end:0,service time:0,nodes:533,
[task] id:13,start:0,end:0,service time:0,nodes:591,
[task] id:26,start:0,end:0,service time:0,nodes:145,
[task] id:11,start:0,end:0,service time:0,nodes:8,
[task] id:25,start:0,end:0,service time:0,nodes:247,
[task] id:20,start:0,end:0,service time:0,nodes:973,
[task] id:27,start:0,end:0,service time:0,nodes:560,
[task] id:4,start:0,end:0,service time:0,nodes:240,
[task] id:18,start:0,end:0,service time:0,nodes:389,
[task] id:19,start:0,end:0,service time:0,nodes:971,
[task] id:9,start:0,end:0,service time:0,nodes:352,
[task] id:24,start:0,end:0,service time:0,nodes:358,
[task] id:16,start:0,end:0,service time:0,nodes:752,
[task] id:23,start:0,end:0,service time:0,nodes:364,
[task] id:3,start:0,end:0,service time:0,nodes:733,
[task] id:17,start:0,end:0,service time:0,nodes:564,
[task] id:21,start:0,end:0,service time:0,nodes:79,
[task] id:1,start:0,end:0,service time:0,nodes:11,
[task] id:12,start:0,end:0,service time:0,nodes:852,
[task] id:0,start:0,end:0,service time:0,nodes:924,
[task] id:28,start:0,end:0,service time:0,nodes:966,
[task] id:22,start:0,end:0,service time:0,nodes:498,
[task] id:10,start:0,end:0,service time:0,nodes:150,
[task] id:8,start:0,end:0,service time:0,nodes:771,
[task] id:15,start:0,end:0,service time:0,nodes:604,
[task] id:6,start:0,end:0,service time:0,nodes:637,
[agent] id:0
path:345,377,409,441,473,472,504,536,535,567,599,631,663,695,727,759,791,823,824,825,857,858,859,860,892,924,924,924,924,924,924,924,924,924,924,924,924,924,924,
goal:924,924,924,924,924,924,924,924,924,924,924,924,924,924,924,924,924,924,924,924,924,924,924,924,924,924,924,924,924,924,924,924,924,924,924,924,924,924,924,
size:25
[agent] id:1
path:31,30,29,28,27,26,25,24,23,22,21,20,19,18,17,49,48,80,79,78,77,45,13,12,11,11,11,11,11,11,11,11,11,11,11,11,11,11,11,
goal:11,11,11,11,11,11,11,11,11,11,11,11,11,11,11,11,11,11,11,11,11,11,11,11,11,11,11,11,11,11,11,11,11,11,11,11,11,11,11,
size:24
[agent] id:2
path:293,261,260,259,258,258,258,258,258,258,258,258,258,258,258,258,258,258,258,258,258,258,258,258,258,258,258,258,258,258,258,258,258,258,258,258,258,258,258,
goal:258,258,258,258,258,258,258,258,258,258,258,258,258,258,258,258,258,258,258,258,258,258,258,258,258,258,258,258,258,258,258,258,258,258,258,258,258,258,258,
size:4
[agent] id:3
path:650,651,652,653,654,655,656,657,658,659,660,661,662,663,695,696,697,698,699,700,701,733,733,733,733,733,733,733,733,733,733,733,733,733,733,733,733,733,733,
goal:733,733,733,733,733,733,733,733,733,733,733,733,733,733,733,733,733,733,733,733,733,733,733,733,733,733,733,733,733,733,733,733,733,733,733,733,733,733,733,
size:21
[agent] id:4
path:503,535,534,533,501,469,437,405,373,341,309,308,307,306,274,242,241,240,240,240,240,240,240,240,240,240,240,240,240,240,240,240,240,240,240,240,240,240,240,
goal:240,240,240,240,240,240,240,240,240,240,240,240,240,240,240,240,240,240,240,240,240,240,240,240,240,240,240,240,240,240,240,240,240,240,240,240,240,240,240,
size:17
[agent] id:5
path:735,703,671,670,669,637,636,636,636,636,636,636,636,636,636,636,636,636,636,636,636,636,636,636,636,636,636,636,636,636,636,636,636,636,636,636,636,636,636,
goal:636,636,636,636,636,636,636,636,636,636,636,636,636,636,636,636,636,636,636,636,636,636,636,636,636,636,636,636,636,636,636,636,636,636,636,636,636,636,636,
size:6
[agent] id:6
path:74,106,138,139,171,203,235,236,268,300,301,302,334,366,367,399,431,463,464,465,497,529,561,593,594,626,627,628,629,630,631,632,633,634,635,667,668,669,637,
goal:637,637,637,637,637,637,637,637,637,637,637,637,637,637,637,637,637,637,637,637,637,637,637,637,637,637,637,637,637,637,637,637,637,637,637,637,637,637,637,
size:38
[agent] id:7
path:621,589,557,558,559,560,561,562,563,564,565,533,533,533,533,533,533,533,533,533,533,533,533,533,533,533,533,533,533,533,533,533,533,533,533,533,533,533,533,
goal:533,533,533,533,533,533,533,533,533,533,533,533,533,533,533,533,533,533,533,533,533,533,533,533,533,533,533,533,533,533,533,533,533,533,533,533,533,533,533,
size:11
[agent] id:8
path:307,306,305,337,369,401,433,465,497,529,561,560,559,558,590,622,654,686,718,717,716,715,714,713,712,711,710,709,708,707,739,771,771,771,771,771,771,771,771,
goal:771,771,771,771,771,771,771,771,771,771,771,771,771,771,771,771,771,771,771,771,771,771,771,771,771,771,771,771,771,771,771,771,771,771,771,771,771,771,771,
size:31
[agent] id:9
path:805,773,741,709,677,645,613,612,611,579,547,515,483,451,419,418,417,385,353,352,352,352,352,352,352,352,352,352,352,352,352,352,352,352,352,352,352,352,352,
goal:352,352,352,352,352,352,352,352,352,352,352,352,352,352,352,352,352,352,352,352,352,352,352,352,352,352,352,352,352,352,352,352,352,352,352,352,352,352,352,
size:19
[agent] id:10
path:702,670,669,637,605,604,603,571,539,538,537,536,504,472,473,441,409,377,345,313,281,280,248,216,184,152,151,150,150,150,150,150,150,150,150,150,150,150,150,
goal:150,150,150,150,150,150,150,150,150,150,150,150,150,150,150,150,150,150,150,150,150,150,150,150,150,150,150,150,150,150,150,150,150,150,150,150,150,150,150,
size:27
[agent] id:11
path:206,174,142,110,78,77,45,13,12,11,10,9,8,8,8,8,8,8,8,8,8,8,8,8,8,8,8,8,8,8,8,8,8,8,8,8,8,8,8,
goal:8,8,8,8,8,8,8,8,8,8,8,8,8,8,8,8,8,8,8,8,8,8,8,8,8,8,8,8,8,8,8,8,8,8,8,8,8,8,8,
size:12
[agent] id:12
path:412,380,379,378,410,442,474,473,472,504,536,535,567,599,631,663,695,727,759,791,823,855,854,853,852,852,852,852,852,852,852,852,852,852,852,852,852,852,852,
goal:852,852,852,852,852,852,852,852,852,852,852,852,852,852,852,852,852,852,852,852,852,852,852,852,852,852,852,852,852,852,852,852,852,852,852,852,852,852,852,
size:24
[agent] id:13
path:582,583,584,552,553,554,555,556,557,589,590,591,591,591,591,591,591,591,591,591,591,591,591,591,591,591,591,591,591,591,591,591,591,591,591,591,591,591,591,
goal:591,591,591,591,591,591,591,591,591,591,591,591,591,591,591,591,591,591,591,591,591,591,591,591,591,591,591,591,591,591,591,591,591,591,591,591,591,591,591,
size:11
[agent] id:14
path:353,354,355,356,357,358,326,294,293,293,293,293,293,293,293,293,293,293,293,293,293,293,293,293,293,293,293,293,293,293,293,293,293,293,293,293,293,293,293,
goal:293,293,293,293,293,293,293,293,293,293,293,293,293,293,293,293,293,293,293,293,293,293,293,293,293,293,293,293,293,293,293,293,293,293,293,293,293,293,293,
size:8
[agent] id:15
path:998,966,934,902,870,838,806,774,742,710,678,646,647,648,649,650,651,652,653,654,655,656,657,658,626,627,628,629,630,631,632,633,634,602,603,604,604,604,604,
goal:604,604,604,604,604,604,604,604,604,604,604,604,604,604,604,604,604,604,604,604,604,604,604,604,604,604,604,604,604,604,604,604,604,604,604,604,604,604,604,
size:35
[agent] id:16
path:453,485,517,549,550,582,614,646,647,648,649,650,651,652,653,685,686,687,688,720,752,752,752,752,752,752,752,752,752,752,752,752,752,752,752,752,752,752,752,
goal:752,752,752,752,752,752,752,752,752,752,752,752,752,752,752,752,752,752,752,752,752,752,752,752,752,752,752,752,752,752,752,752,752,752,752,752,752,752,752,
size:20
[agent] id:17
path:78,110,111,143,144,176,177,209,241,273,305,337,369,401,433,465,497,529,561,562,563,564,564,564,564,564,564,564,564,564,564,564,564,564,564,564,564,564,564,
goal:564,564,564,564,564,564,564,564,564,564,564,564,564,564,564,564,564,564,564,564,564,564,564,564,564,564,564,564,564,564,564,564,564,564,564,564,564,564,564,
size:21
[agent] id:18
path:623,591,559,527,526,494,493,461,429,397,396,395,394,393,392,391,390,389,389,389,389,389,389,389,389,389,389,389,389,389,389,389,389,389,389,389,389,389,389,
goal:389,389,389,389,389,389,389,389,389,389,389,389,389,389,389,389,389,389,389,389,389,389,389,389,389,389,389,389,389,389,389,389,389,389,389,389,389,389,389,
size:17
[agent] id:19
path:952,920,888,887,886,885,884,883,882,881,880,879,878,877,909,908,907,939,971,971,971,971,971,971,971,971,971,971,971,971,971,971,971,971,971,971,971,971,971,
goal:971,971,971,971,971,971,971,971,971,971,971,971,971,971,971,971,971,971,971,971,971,971,971,971,971,971,971,971,971,971,971,971,971,971,971,971,971,971,971,
size:18
[agent] id:20
path:928,960,961,962,963,964,965,966,967,935,936,937,969,970,971,972,973,973,973,973,973,973,973,973,973,973,973,973,973,973,973,973,973,973,973,973,973,973,973,
goal:973,973,973,973,973,973,973,973,973,973,973,973,973,973,973,973,973,973,973,973,973,973,973,973,973,973,973,973,973,973,973,973,973,973,973,973,973,973,973,
size:16
[agent] id:21
path:622,590,558,526,494,493,461,429,397,396,364,332,300,268,236,204,172,173,174,142,110,78,79,79,79,79,79,79,79,79,79,79,79,79,79,79,79,79,79,
goal:79,79,79,79,79,79,79,79,79,79,79,79,79,79,79,79,79,79,79,79,79,79,79,79,79,79,79,79,79,79,79,79,79,79,79,79,79,79,79,
size:22
[agent] id:22
path:967,935,936,904,872,840,808,776,744,712,680,648,616,584,552,553,554,555,556,524,525,526,527,528,529,497,498,498,498,498,498,498,498,498,498,498,498,498,498,
goal:498,498,498,498,498,498,498,498,498,498,498,498,498,498,498,498,498,498,498,498,498,498,498,498,498,498,498,498,498,498,498,498,498,498,498,498,498,498,498,
size:26
[agent] id:23
path:725,693,661,629,597,565,564,563,531,530,529,528,527,526,494,493,461,429,397,396,364,364,364,364,364,364,364,364,364,364,364,364,364,364,364,364,364,364,364,
goal:364,364,364,364,364,364,364,364,364,364,364,364,364,364,364,364,364,364,364,364,364,364,364,364,364,364,364,364,364,364,364,364,364,364,364,364,364,364,364,
size:20
[agent] id:24
path:900,901,869,837,805,773,741,709,677,645,613,614,582,550,518,486,454,422,390,358,358,358,358,358,358,358,358,358,358,358,358,358,358,358,358,358,358,358,358,
goal:358,358,358,358,358,358,358,358,358,358,358,358,358,358,358,358,358,358,358,358,358,358,358,358,358,358,358,358,358,358,358,358,358,358,358,358,358,358,358,
size:19
[agent] id:25
path:597,565,533,501,469,437,405,373,341,309,310,311,279,247,247,247,247,247,247,247,247,247,247,247,247,247,247,247,247,247,247,247,247,247,247,247,247,247,247,
goal:247,247,247,247,247,247,247,247,247,247,247,247,247,247,247,247,247,247,247,247,247,247,247,247,247,247,247,247,247,247,247,247,247,247,247,247,247,247,247,
size:13
[agent] id:26
path:88,87,86,54,53,52,84,83,115,114,146,145,145,145,145,145,145,145,145,145,145,145,145,145,145,145,145,145,145,145,145,145,145,145,145,145,145,145,145,
goal:145,145,145,145,145,145,145,145,145,145,145,145,145,145,145,145,145,145,145,145,145,145,145,145,145,145,145,145,145,145,145,145,145,145,145,145,145,145,145,
size:11
[agent] id:27
path:358,390,422,454,486,518,550,551,552,553,554,555,556,557,558,559,560,560,560,560,560,560,560,560,560,560,560,560,560,560,560,560,560,560,560,560,560,560,560,
goal:560,560,560,560,560,560,560,560,560,560,560,560,560,560,560,560,560,560,560,560,560,560,560,560,560,560,560,560,560,560,560,560,560,560,560,560,560,560,560,
size:16
[agent] id:28
path:760,792,824,823,855,887,886,885,884,883,882,881,880,879,878,877,909,908,907,939,938,937,936,935,967,966,966,966,966,966,966,966,966,966,966,966,966,966,966,
goal:966,966,966,966,966,966,966,966,966,966,966,966,966,966,966,966,966,966,966,966,966,966,966,966,966,966,966,966,966,966,966,966,966,966,966,966,966,966,966,
size:25
[agent] id:29
path:971,939,940,940,940,940,940,940,940,940,940,940,940,940,940,940,940,940,940,940,940,940,940,940,940,940,940,940,940,940,940,940,940,940,940,940,940,940,940,
goal:940,940,940,940,940,940,940,940,940,940,940,940,940,940,940,940,940,940,940,940,940,940,940,940,940,940,940,940,940,940,940,940,940,940,940,940,940,940,940,
size:2
SolutionCost:559
