[setting] seed:11791
[solver] type:SASB-ECBS
[solver] w:2.000000
[solver] ID:0
[solver] Lowlevelnode:5997
[solver] Highlevelnode:25
[solver] ConflictCount:13
[solver] solved:1
[solver] elapsed:45
[solver] makespan:40
[problem] timesteplimit:15000
[problem] type:MAPF
[problem] agentnum:30
[graph] width:32
[graph] height:32
[graph] filename:./map/32by32_agents10_ex30.map
[task] id:5,start:0,end:0,service time:0,nodes:379,
[task] id:29,start:0,end:0,service time:0,nodes:306,
[task] id:7,start:0,end:0,service time:0,nodes:192,
[task] id:19,start:0,end:0,service time:0,nodes:178,
[task] id:12,start:0,end:0,service time:0,nodes:417,
[task] id:10,start:0,end:0,service time:0,nodes:89,
[task] id:18,start:0,end:0,service time:0,nodes:64,
[task] id:26,start:0,end:0,service time:0,nodes:885,
[task] id:11,start:0,end:0,service time:0,nodes:514,
[task] id:25,start:0,end:0,service time:0,nodes:352,
[task] id:0,start:0,end:0,service time:0,nodes:956,
[task] id:3,start:0,end:0,service time:0,nodes:907,
[task] id:28,start:0,end:0,service time:0,nodes:373,
[task] id:15,start:0,end:0,service time:0,nodes:460,
[task] id:2,start:0,end:0,service time:0,nodes:779,
[task] id:6,start:0,end:0,service time:0,nodes:4,
[task] id:20,start:0,end:0,service time:0,nodes:263,
[task] id:8,start:0,end:0,service time:0,nodes:469,
[task] id:9,start:0,end:0,service time:0,nodes:494,
[task] id:13,start:0,end:0,service time:0,nodes:673,
[task] id:16,start:0,end:0,service time:0,nodes:509,
[task] id:27,start:0,end:0,service time:0,nodes:119,
[task] id:4,start:0,end:0,service time:0,nodes:75,
[task] id:24,start:0,end:0,service time:0,nodes:77,
[task] id:23,start:0,end:0,service time:0,nodes:172,
[task] id:1,start:0,end:0,service time:0,nodes:540,
[task] id:21,start:0,end:0,service time:0,nodes:911,
[task] id:14,start:0,end:0,service time:0,nodes:354,
[task] id:22,start:0,end:0,service time:0,nodes:225,
[task] id:17,start:0,end:0,service time:0,nodes:320,
[agent] id:0
path:879,880,881,882,883,884,885,886,918,919,920,952,953,985,986,987,955,956,956,956,956,956,956,956,956,956,956,956,956,956,956,956,956,956,956,956,956,956,956,956,956,
goal:956,956,956,956,956,956,956,956,956,956,956,956,956,956,956,956,956,956,956,956,956,956,956,956,956,956,956,956,956,956,956,956,956,956,956,956,956,956,956,956,956,
size:17
[agent] id:1
path:231,263,262,294,326,358,390,422,423,424,456,457,489,521,553,554,555,556,557,558,559,560,561,562,563,564,565,533,534,535,536,537,538,539,540,540,540,540,540,540,540,
goal:540,540,540,540,540,540,540,540,540,540,540,540,540,540,540,540,540,540,540,540,540,540,540,540,540,540,540,540,540,540,540,540,540,540,540,540,540,540,540,540,540,
size:34
[agent] id:2
path:670,702,701,700,699,731,730,729,728,727,726,725,724,723,722,721,720,688,687,686,718,717,716,715,747,779,779,779,779,779,779,779,779,779,779,779,779,779,779,779,779,
goal:779,779,779,779,779,779,779,779,779,779,779,779,779,779,779,779,779,779,779,779,779,779,779,779,779,779,779,779,779,779,779,779,779,779,779,779,779,779,779,779,779,
size:25
[agent] id:3
path:610,642,643,644,676,708,709,741,773,805,837,838,839,840,841,842,874,906,907,907,907,907,907,907,907,907,907,907,907,907,907,907,907,907,907,907,907,907,907,907,907,
goal:907,907,907,907,907,907,907,907,907,907,907,907,907,907,907,907,907,907,907,907,907,907,907,907,907,907,907,907,907,907,907,907,907,907,907,907,907,907,907,907,907,
size:18
[agent] id:4
path:906,874,842,810,778,779,747,715,683,651,619,620,621,589,557,525,493,461,429,397,396,364,332,300,268,236,204,172,140,139,107,75,75,75,75,75,75,75,75,75,75,
goal:75,75,75,75,75,75,75,75,75,75,75,75,75,75,75,75,75,75,75,75,75,75,75,75,75,75,75,75,75,75,75,75,75,75,75,75,75,75,75,75,75,
size:31
[agent] id:5
path:380,379,379,379,379,379,379,379,379,379,379,379,379,379,379,379,379,379,379,379,379,379,379,379,379,379,379,379,379,379,379,379,379,379,379,379,379,379,379,379,379,
goal:379,379,379,379,379,379,379,379,379,379,379,379,379,379,379,379,379,379,379,379,379,379,379,379,379,379,379,379,379,379,379,379,379,379,379,379,379,379,379,379,379,
size:1
[agent] id:6
path:647,615,583,551,519,487,486,454,422,423,391,359,358,326,294,262,230,229,197,165,133,101,69,37,5,4,4,4,4,4,4,4,4,4,4,4,4,4,4,4,4,
goal:4,4,4,4,4,4,4,4,4,4,4,4,4,4,4,4,4,4,4,4,4,4,4,4,4,4,4,4,4,4,4,4,4,4,4,4,4,4,4,4,4,
size:25
[agent] id:7
path:258,257,258,257,225,193,192,192,192,192,192,192,192,192,192,192,192,192,192,192,192,192,192,192,192,192,192,192,192,192,192,192,192,192,192,192,192,192,192,192,192,
goal:192,192,192,192,192,192,192,192,192,192,192,192,192,192,192,192,192,192,192,192,192,192,192,192,192,192,192,192,192,192,192,192,192,192,192,192,192,192,192,192,192,
size:6
[agent] id:8
path:870,838,806,774,742,710,678,646,614,582,550,551,552,553,554,555,556,524,525,526,527,528,529,497,465,466,467,468,469,469,469,469,469,469,469,469,469,469,469,469,469,
goal:469,469,469,469,469,469,469,469,469,469,469,469,469,469,469,469,469,469,469,469,469,469,469,469,469,469,469,469,469,469,469,469,469,469,469,469,469,469,469,469,469,
size:28
[agent] id:9
path:988,956,924,892,860,859,858,857,825,793,792,760,728,696,664,632,600,599,567,566,565,564,563,531,530,529,528,527,526,494,494,494,494,494,494,494,494,494,494,494,494,
goal:494,494,494,494,494,494,494,494,494,494,494,494,494,494,494,494,494,494,494,494,494,494,494,494,494,494,494,494,494,494,494,494,494,494,494,494,494,494,494,494,494,
size:29
[agent] id:10
path:287,255,223,191,159,127,95,94,93,92,91,90,89,89,89,89,89,89,89,89,89,89,89,89,89,89,89,89,89,89,89,89,89,89,89,89,89,89,89,89,89,
goal:89,89,89,89,89,89,89,89,89,89,89,89,89,89,89,89,89,89,89,89,89,89,89,89,89,89,89,89,89,89,89,89,89,89,89,89,89,89,89,89,89,
size:12
[agent] id:11
path:200,199,231,263,262,294,326,358,390,422,454,486,518,517,516,515,514,514,514,514,514,514,514,514,514,514,514,514,514,514,514,514,514,514,514,514,514,514,514,514,514,
goal:514,514,514,514,514,514,514,514,514,514,514,514,514,514,514,514,514,514,514,514,514,514,514,514,514,514,514,514,514,514,514,514,514,514,514,514,514,514,514,514,514,
size:16
[agent] id:12
path:225,225,257,256,288,320,352,384,416,417,417,417,417,417,417,417,417,417,417,417,417,417,417,417,417,417,417,417,417,417,417,417,417,417,417,417,417,417,417,417,417,
goal:417,417,417,417,417,417,417,417,417,417,417,417,417,417,417,417,417,417,417,417,417,417,417,417,417,417,417,417,417,417,417,417,417,417,417,417,417,417,417,417,417,
size:9
[agent] id:13
path:207,206,205,204,236,268,300,332,364,396,428,460,459,458,490,522,554,553,552,584,616,648,647,646,645,644,643,642,641,673,673,673,673,673,673,673,673,673,673,673,673,
goal:673,673,673,673,673,673,673,673,673,673,673,673,673,673,673,673,673,673,673,673,673,673,673,673,673,673,673,673,673,673,673,673,673,673,673,673,673,673,673,673,673,
size:29
[agent] id:14
path:190,189,188,187,219,218,217,216,215,214,213,212,211,243,242,241,240,239,207,206,205,204,203,202,201,200,199,231,230,262,294,326,358,357,356,355,354,354,354,354,354,
goal:354,354,354,354,354,354,354,354,354,354,354,354,354,354,354,354,354,354,354,354,354,354,354,354,354,354,354,354,354,354,354,354,354,354,354,354,354,354,354,354,354,
size:36
[agent] id:15
path:850,818,786,754,722,690,658,626,594,562,561,560,559,527,526,494,494,493,461,460,460,460,460,460,460,460,460,460,460,460,460,460,460,460,460,460,460,460,460,460,460,
goal:460,460,460,460,460,460,460,460,460,460,460,460,460,460,460,460,460,460,460,460,460,460,460,460,460,460,460,460,460,460,460,460,460,460,460,460,460,460,460,460,460,
size:19
[agent] id:16
path:391,423,424,456,457,458,459,460,461,493,494,526,527,528,529,497,498,499,500,501,533,534,535,536,537,538,539,507,508,509,509,509,509,509,509,509,509,509,509,509,509,
goal:509,509,509,509,509,509,509,509,509,509,509,509,509,509,509,509,509,509,509,509,509,509,509,509,509,509,509,509,509,509,509,509,509,509,509,509,509,509,509,509,509,
size:29
[agent] id:17
path:61,29,28,27,26,58,57,56,55,54,53,52,84,83,115,114,146,145,144,143,142,174,206,205,204,203,202,201,200,199,231,230,262,261,260,259,258,257,256,288,320,
goal:320,320,320,320,320,320,320,320,320,320,320,320,320,320,320,320,320,320,320,320,320,320,320,320,320,320,320,320,320,320,320,320,320,320,320,320,320,320,320,320,320,
size:40
[agent] id:18
path:290,258,259,227,228,196,197,165,133,101,69,68,67,66,65,64,64,64,64,64,64,64,64,64,64,64,64,64,64,64,64,64,64,64,64,64,64,64,64,64,64,
goal:64,64,64,64,64,64,64,64,64,64,64,64,64,64,64,64,64,64,64,64,64,64,64,64,64,64,64,64,64,64,64,64,64,64,64,64,64,64,64,64,64,
size:15
[agent] id:19
path:269,270,271,239,240,241,209,177,178,178,178,178,178,178,178,178,178,178,178,178,178,178,178,178,178,178,178,178,178,178,178,178,178,178,178,178,178,178,178,178,178,
goal:178,178,178,178,178,178,178,178,178,178,178,178,178,178,178,178,178,178,178,178,178,178,178,178,178,178,178,178,178,178,178,178,178,178,178,178,178,178,178,178,178,
size:8
[agent] id:20
path:156,188,187,219,218,217,216,215,214,213,212,211,243,242,241,240,239,207,206,205,204,203,202,201,200,199,231,263,263,263,263,263,263,263,263,263,263,263,263,263,263,
goal:263,263,263,263,263,263,263,263,263,263,263,263,263,263,263,263,263,263,263,263,263,263,263,263,263,263,263,263,263,263,263,263,263,263,263,263,263,263,263,263,263,
size:27
[agent] id:21
path:132,133,165,197,229,261,293,294,326,358,390,422,454,486,518,550,582,614,646,678,710,742,774,806,838,839,840,841,842,874,875,876,877,878,879,911,911,911,911,911,911,
goal:911,911,911,911,911,911,911,911,911,911,911,911,911,911,911,911,911,911,911,911,911,911,911,911,911,911,911,911,911,911,911,911,911,911,911,911,911,911,911,911,911,
size:35
[agent] id:22
path:441,409,377,345,313,312,311,310,309,277,245,213,212,211,243,242,241,240,239,207,206,205,204,203,202,201,200,199,231,230,262,261,260,259,258,257,225,225,225,225,225,
goal:225,225,225,225,225,225,225,225,225,225,225,225,225,225,225,225,225,225,225,225,225,225,225,225,225,225,225,225,225,225,225,225,225,225,225,225,225,225,225,225,225,
size:36
[agent] id:23
path:825,793,792,760,728,696,664,632,600,599,567,535,534,533,501,469,468,436,435,403,402,401,369,337,305,273,241,240,239,207,206,174,173,172,172,172,172,172,172,172,172,
goal:172,172,172,172,172,172,172,172,172,172,172,172,172,172,172,172,172,172,172,172,172,172,172,172,172,172,172,172,172,172,172,172,172,172,172,172,172,172,172,172,172,
size:33
[agent] id:24
path:667,635,603,571,539,538,537,536,535,534,533,501,469,437,405,373,341,309,277,245,213,212,211,210,209,177,145,113,81,80,79,78,77,77,77,77,77,77,77,77,77,
goal:77,77,77,77,77,77,77,77,77,77,77,77,77,77,77,77,77,77,77,77,77,77,77,77,77,77,77,77,77,77,77,77,77,77,77,77,77,77,77,77,77,
size:32
[agent] id:25
path:203,202,201,200,199,231,263,262,294,326,358,357,356,355,354,353,352,352,352,352,352,352,352,352,352,352,352,352,352,352,352,352,352,352,352,352,352,352,352,352,352,
goal:352,352,352,352,352,352,352,352,352,352,352,352,352,352,352,352,352,352,352,352,352,352,352,352,352,352,352,352,352,352,352,352,352,352,352,352,352,352,352,352,352,
size:16
[agent] id:26
path:702,734,766,798,797,796,795,794,793,792,824,823,855,887,886,885,885,885,885,885,885,885,885,885,885,885,885,885,885,885,885,885,885,885,885,885,885,885,885,885,885,
goal:885,885,885,885,885,885,885,885,885,885,885,885,885,885,885,885,885,885,885,885,885,885,885,885,885,885,885,885,885,885,885,885,885,885,885,885,885,885,885,885,885,
size:15
[agent] id:27
path:920,888,887,855,823,791,759,727,695,663,631,599,567,535,503,504,472,473,441,409,377,345,313,281,280,248,216,184,152,120,119,119,119,119,119,119,119,119,119,119,119,
goal:119,119,119,119,119,119,119,119,119,119,119,119,119,119,119,119,119,119,119,119,119,119,119,119,119,119,119,119,119,119,119,119,119,119,119,119,119,119,119,119,119,
size:30
[agent] id:28
path:522,554,555,556,524,525,526,527,528,529,497,465,433,434,435,436,437,405,373,373,373,373,373,373,373,373,373,373,373,373,373,373,373,373,373,373,373,373,373,373,373,
goal:373,373,373,373,373,373,373,373,373,373,373,373,373,373,373,373,373,373,373,373,373,373,373,373,373,373,373,373,373,373,373,373,373,373,373,373,373,373,373,373,373,
size:18
[agent] id:29
path:310,309,308,307,306,306,306,306,306,306,306,306,306,306,306,306,306,306,306,306,306,306,306,306,306,306,306,306,306,306,306,306,306,306,306,306,306,306,306,306,306,
goal:306,306,306,306,306,306,306,306,306,306,306,306,306,306,306,306,306,306,306,306,306,306,306,306,306,306,306,306,306,306,306,306,306,306,306,306,306,306,306,306,306,
size:4
SolutionCost:673
