[setting] seed:21124
[solver] type:SASB-ECBS
[solver] w:2.000000
[solver] ID:0
[solver] Lowlevelnode:10793
[solver] Highlevelnode:27
[solver] ConflictCount:14
[solver] solved:1
[solver] elapsed:77
[solver] makespan:52
[problem] timesteplimit:15000
[problem] type:MAPF
[problem] agentnum:30
[graph] width:32
[graph] height:32
[graph] filename:./map/32by32_agents10_ex30.map
[task] id:28,start:0,end:0,service time:0,nodes:653,
[task] id:23,start:0,end:0,service time:0,nodes:56,
[task] id:10,start:0,end:0,service time:0,nodes:271,
[task] id:19,start:0,end:0,service time:0,nodes:696,
[task] id:9,start:0,end:0,service time:0,nodes:268,
[task] id:15,start:0,end:0,service time:0,nodes:872,
[task] id:22,start:0,end:0,service time:0,nodes:236,
[task] id:27,start:0,end:0,service time:0,nodes:618,
[task] id:14,start:0,end:0,service time:0,nodes:292,
[task] id:26,start:0,end:0,service time:0,nodes:101,
[task] id:20,start:0,end:0,service time:0,nodes:545,
[task] id:29,start:0,end:0,service time:0,nodes:410,
[task] id:11,start:0,end:0,service time:0,nodes:662,
[task] id:6,start:0,end:0,service time:0,nodes:342,
[task] id:8,start:0,end:0,service time:0,nodes:911,
[task] id:3,start:0,end:0,service time:0,nodes:650,
[task] id:5,start:0,end:0,service time:0,nodes:203,
[task] id:21,start:0,end:0,service time:0,nodes:478,
[task] id:13,start:0,end:0,service time:0,nodes:571,
[task] id:16,start:0,end:0,service time:0,nodes:1019,
[task] id:18,start:0,end:0,service time:0,nodes:645,
[task] id:12,start:0,end:0,service time:0,nodes:458,
[task] id:0,start:0,end:0,service time:0,nodes:948,
[task] id:1,start:0,end:0,service time:0,nodes:55,
[task] id:7,start:0,end:0,service time:0,nodes:515,
[task] id:4,start:0,end:0,service time:0,nodes:120,
[task] id:24,start:0,end:0,service time:0,nodes:105,
[task] id:25,start:0,end:0,service time:0,nodes:189,
[task] id:2,start:0,end:0,service time:0,nodes:197,
[task] id:17,start:0,end:0,service time:0,nodes:2,
[agent] id:0
path:480,512,544,576,577,609,641,673,705,737,738,770,802,803,835,867,899,900,901,933,934,935,936,937,938,939,940,941,942,943,944,945,946,978,979,980,948,948,948,948,948,948,948,948,948,948,948,948,948,948,948,948,948,
goal:948,948,948,948,948,948,948,948,948,948,948,948,948,948,948,948,948,948,948,948,948,948,948,948,948,948,948,948,948,948,948,948,948,948,948,948,948,948,948,948,948,948,948,948,948,948,948,948,948,948,948,948,948,
size:36
[agent] id:1
path:987,986,985,953,921,920,888,887,855,823,791,759,727,695,663,631,599,567,535,503,504,472,473,441,409,377,345,313,281,280,248,216,184,152,120,88,87,55,55,55,55,55,55,55,55,55,55,55,55,55,55,55,55,
goal:55,55,55,55,55,55,55,55,55,55,55,55,55,55,55,55,55,55,55,55,55,55,55,55,55,55,55,55,55,55,55,55,55,55,55,55,55,55,55,55,55,55,55,55,55,55,55,55,55,55,55,55,55,
size:37
[agent] id:2
path:959,927,895,863,831,799,798,766,734,702,670,669,637,636,635,634,633,632,600,599,567,566,565,564,563,531,530,529,528,527,526,494,493,461,429,397,396,395,394,393,392,391,359,358,326,294,262,230,229,197,197,197,197,
goal:197,197,197,197,197,197,197,197,197,197,197,197,197,197,197,197,197,197,197,197,197,197,197,197,197,197,197,197,197,197,197,197,197,197,197,197,197,197,197,197,197,197,197,197,197,197,197,197,197,197,197,197,197,
size:49
[agent] id:3
path:146,178,210,242,274,306,305,337,369,401,433,465,497,529,561,593,592,591,590,589,621,620,652,651,650,650,650,650,650,650,650,650,650,650,650,650,650,650,650,650,650,650,650,650,650,650,650,650,650,650,650,650,650,
goal:650,650,650,650,650,650,650,650,650,650,650,650,650,650,650,650,650,650,650,650,650,650,650,650,650,650,650,650,650,650,650,650,650,650,650,650,650,650,650,650,650,650,650,650,650,650,650,650,650,650,650,650,650,
size:24
[agent] id:4
path:774,742,710,678,646,614,582,550,551,552,553,554,555,556,524,525,526,527,528,529,497,465,433,434,435,436,437,405,373,341,309,277,245,213,181,182,150,151,119,120,120,120,120,120,120,120,120,120,120,120,120,120,120,
goal:120,120,120,120,120,120,120,120,120,120,120,120,120,120,120,120,120,120,120,120,120,120,120,120,120,120,120,120,120,120,120,120,120,120,120,120,120,120,120,120,120,120,120,120,120,120,120,120,120,120,120,120,120,
size:39
[agent] id:5
path:663,631,599,567,535,534,533,501,469,468,467,466,434,402,401,369,337,305,273,241,240,239,207,206,205,204,203,203,203,203,203,203,203,203,203,203,203,203,203,203,203,203,203,203,203,203,203,203,203,203,203,203,203,
goal:203,203,203,203,203,203,203,203,203,203,203,203,203,203,203,203,203,203,203,203,203,203,203,203,203,203,203,203,203,203,203,203,203,203,203,203,203,203,203,203,203,203,203,203,203,203,203,203,203,203,203,203,203,
size:26
[agent] id:6
path:852,853,821,822,823,791,759,727,695,663,631,599,567,535,534,533,501,469,437,405,373,341,342,342,342,342,342,342,342,342,342,342,342,342,342,342,342,342,342,342,342,342,342,342,342,342,342,342,342,342,342,342,342,
goal:342,342,342,342,342,342,342,342,342,342,342,342,342,342,342,342,342,342,342,342,342,342,342,342,342,342,342,342,342,342,342,342,342,342,342,342,342,342,342,342,342,342,342,342,342,342,342,342,342,342,342,342,342,
size:22
[agent] id:7
path:189,188,187,219,218,217,216,248,280,312,311,310,309,308,307,306,305,304,303,302,301,300,332,364,396,428,460,459,458,490,522,521,520,519,518,517,516,515,515,515,515,515,515,515,515,515,515,515,515,515,515,515,515,
goal:515,515,515,515,515,515,515,515,515,515,515,515,515,515,515,515,515,515,515,515,515,515,515,515,515,515,515,515,515,515,515,515,515,515,515,515,515,515,515,515,515,515,515,515,515,515,515,515,515,515,515,515,515,
size:37
[agent] id:8
path:570,602,634,633,632,664,696,728,760,792,824,823,855,887,886,885,884,883,915,914,913,912,911,911,911,911,911,911,911,911,911,911,911,911,911,911,911,911,911,911,911,911,911,911,911,911,911,911,911,911,911,911,911,
goal:911,911,911,911,911,911,911,911,911,911,911,911,911,911,911,911,911,911,911,911,911,911,911,911,911,911,911,911,911,911,911,911,911,911,911,911,911,911,911,911,911,911,911,911,911,911,911,911,911,911,911,911,911,
size:22
[agent] id:9
path:469,437,405,373,341,309,308,307,306,305,304,303,271,270,269,268,268,268,268,268,268,268,268,268,268,268,268,268,268,268,268,268,268,268,268,268,268,268,268,268,268,268,268,268,268,268,268,268,268,268,268,268,268,
goal:268,268,268,268,268,268,268,268,268,268,268,268,268,268,268,268,268,268,268,268,268,268,268,268,268,268,268,268,268,268,268,268,268,268,268,268,268,268,268,268,268,268,268,268,268,268,268,268,268,268,268,268,268,
size:15
[agent] id:10
path:342,310,309,308,307,307,306,305,273,241,240,239,239,271,271,271,271,271,271,271,271,271,271,271,271,271,271,271,271,271,271,271,271,271,271,271,271,271,271,271,271,271,271,271,271,271,271,271,271,271,271,271,271,
goal:271,271,271,271,271,271,271,271,271,271,271,271,271,271,271,271,271,271,271,271,271,271,271,271,271,271,271,271,271,271,271,271,271,271,271,271,271,271,271,271,271,271,271,271,271,271,271,271,271,271,271,271,271,
size:13
[agent] id:11
path:270,302,334,366,367,399,431,463,464,465,497,529,561,593,594,626,658,659,660,661,662,662,662,662,662,662,662,662,662,662,662,662,662,662,662,662,662,662,662,662,662,662,662,662,662,662,662,662,662,662,662,662,662,
goal:662,662,662,662,662,662,662,662,662,662,662,662,662,662,662,662,662,662,662,662,662,662,662,662,662,662,662,662,662,662,662,662,662,662,662,662,662,662,662,662,662,662,662,662,662,662,662,662,662,662,662,662,662,
size:20
[agent] id:12
path:927,895,863,831,799,798,766,734,702,670,669,637,636,635,634,633,632,600,599,567,566,565,564,563,531,530,529,528,527,526,494,493,461,460,459,458,458,458,458,458,458,458,458,458,458,458,458,458,458,458,458,458,458,
goal:458,458,458,458,458,458,458,458,458,458,458,458,458,458,458,458,458,458,458,458,458,458,458,458,458,458,458,458,458,458,458,458,458,458,458,458,458,458,458,458,458,458,458,458,458,458,458,458,458,458,458,458,458,
size:35
[agent] id:13
path:706,707,708,709,710,711,712,713,714,715,716,717,685,686,654,655,656,657,658,626,627,628,629,630,631,632,633,634,602,570,571,571,571,571,571,571,571,571,571,571,571,571,571,571,571,571,571,571,571,571,571,571,571,
goal:571,571,571,571,571,571,571,571,571,571,571,571,571,571,571,571,571,571,571,571,571,571,571,571,571,571,571,571,571,571,571,571,571,571,571,571,571,571,571,571,571,571,571,571,571,571,571,571,571,571,571,571,571,
size:30
[agent] id:14
path:680,648,616,584,552,520,519,487,486,454,422,390,358,326,294,293,292,292,292,292,292,292,292,292,292,292,292,292,292,292,292,292,292,292,292,292,292,292,292,292,292,292,292,292,292,292,292,292,292,292,292,292,292,
goal:292,292,292,292,292,292,292,292,292,292,292,292,292,292,292,292,292,292,292,292,292,292,292,292,292,292,292,292,292,292,292,292,292,292,292,292,292,292,292,292,292,292,292,292,292,292,292,292,292,292,292,292,292,
size:16
[agent] id:15
path:720,688,687,686,718,750,782,814,846,845,844,843,842,841,840,872,872,872,872,872,872,872,872,872,872,872,872,872,872,872,872,872,872,872,872,872,872,872,872,872,872,872,872,872,872,872,872,872,872,872,872,872,872,
goal:872,872,872,872,872,872,872,872,872,872,872,872,872,872,872,872,872,872,872,872,872,872,872,872,872,872,872,872,872,872,872,872,872,872,872,872,872,872,872,872,872,872,872,872,872,872,872,872,872,872,872,872,872,
size:15
[agent] id:16
path:150,182,214,213,245,277,309,341,373,405,437,469,501,533,565,597,629,661,693,725,757,758,759,791,823,855,887,919,920,952,984,985,986,987,1019,1019,1019,1019,1019,1019,1019,1019,1019,1019,1019,1019,1019,1019,1019,1019,1019,1019,1019,
goal:1019,1019,1019,1019,1019,1019,1019,1019,1019,1019,1019,1019,1019,1019,1019,1019,1019,1019,1019,1019,1019,1019,1019,1019,1019,1019,1019,1019,1019,1019,1019,1019,1019,1019,1019,1019,1019,1019,1019,1019,1019,1019,1019,1019,1019,1019,1019,1019,1019,1019,1019,1019,1019,
size:34
[agent] id:17
path:982,950,918,886,854,853,852,851,819,818,786,754,722,690,689,688,687,655,654,622,590,558,526,494,493,461,429,397,396,395,394,393,392,391,359,358,326,294,262,230,231,199,167,135,103,71,39,38,37,5,4,3,2,
goal:2,2,2,2,2,2,2,2,2,2,2,2,2,2,2,2,2,2,2,2,2,2,2,2,2,2,2,2,2,2,2,2,2,2,2,2,2,2,2,2,2,2,2,2,2,2,2,2,2,2,2,2,2,
size:52
[agent] id:18
path:956,988,987,986,985,953,921,920,888,887,855,854,853,852,851,850,849,848,847,846,814,782,750,718,717,716,715,683,682,681,649,648,647,646,645,645,645,645,645,645,645,645,645,645,645,645,645,645,645,645,645,645,645,
goal:645,645,645,645,645,645,645,645,645,645,645,645,645,645,645,645,645,645,645,645,645,645,645,645,645,645,645,645,645,645,645,645,645,645,645,645,645,645,645,645,645,645,645,645,645,645,645,645,645,645,645,645,645,
size:34
[agent] id:19
path:687,655,656,657,658,659,660,661,662,662,663,695,695,696,696,696,696,696,696,696,696,696,696,696,696,696,696,696,696,696,696,696,696,696,696,696,696,696,696,696,696,696,696,696,696,696,696,696,696,696,696,696,696,
goal:696,696,696,696,696,696,696,696,696,696,696,696,696,696,696,696,696,696,696,696,696,696,696,696,696,696,696,696,696,696,696,696,696,696,696,696,696,696,696,696,696,696,696,696,696,696,696,696,696,696,696,696,696,
size:13
[agent] id:20
path:167,199,231,263,262,294,326,358,390,422,421,453,485,517,516,515,514,513,545,545,545,545,545,545,545,545,545,545,545,545,545,545,545,545,545,545,545,545,545,545,545,545,545,545,545,545,545,545,545,545,545,545,545,
goal:545,545,545,545,545,545,545,545,545,545,545,545,545,545,545,545,545,545,545,545,545,545,545,545,545,545,545,545,545,545,545,545,545,545,545,545,545,545,545,545,545,545,545,545,545,545,545,545,545,545,545,545,545,
size:18
[agent] id:21
path:203,204,205,206,207,239,240,241,242,274,306,307,308,276,277,309,341,373,374,375,376,377,378,379,380,412,413,414,446,478,478,478,478,478,478,478,478,478,478,478,478,478,478,478,478,478,478,478,478,478,478,478,478,
goal:478,478,478,478,478,478,478,478,478,478,478,478,478,478,478,478,478,478,478,478,478,478,478,478,478,478,478,478,478,478,478,478,478,478,478,478,478,478,478,478,478,478,478,478,478,478,478,478,478,478,478,478,478,
size:29
[agent] id:22
path:584,552,520,521,489,457,458,426,394,395,396,364,332,300,268,236,236,236,236,236,236,236,236,236,236,236,236,236,236,236,236,236,236,236,236,236,236,236,236,236,236,236,236,236,236,236,236,236,236,236,236,236,236,
goal:236,236,236,236,236,236,236,236,236,236,236,236,236,236,236,236,236,236,236,236,236,236,236,236,236,236,236,236,236,236,236,236,236,236,236,236,236,236,236,236,236,236,236,236,236,236,236,236,236,236,236,236,236,
size:15
[agent] id:23
path:122,90,58,57,56,56,56,56,56,56,56,56,56,56,56,56,56,56,56,56,56,56,56,56,56,56,56,56,56,56,56,56,56,56,56,56,56,56,56,56,56,56,56,56,56,56,56,56,56,56,56,56,56,
goal:56,56,56,56,56,56,56,56,56,56,56,56,56,56,56,56,56,56,56,56,56,56,56,56,56,56,56,56,56,56,56,56,56,56,56,56,56,56,56,56,56,56,56,56,56,56,56,56,56,56,56,56,56,
size:4
[agent] id:24
path:1007,1006,974,942,941,909,877,845,844,812,811,779,747,715,683,651,650,649,617,616,584,552,520,519,487,486,454,422,390,358,326,294,262,230,231,199,167,135,103,104,105,105,105,105,105,105,105,105,105,105,105,105,105,
goal:105,105,105,105,105,105,105,105,105,105,105,105,105,105,105,105,105,105,105,105,105,105,105,105,105,105,105,105,105,105,105,105,105,105,105,105,105,105,105,105,105,105,105,105,105,105,105,105,105,105,105,105,105,
size:40
[agent] id:25
path:902,870,838,806,774,742,710,678,646,614,582,550,551,552,553,554,555,556,524,525,526,527,528,529,497,465,433,401,369,337,305,273,241,209,210,211,212,213,181,182,183,184,185,186,187,188,189,189,189,189,189,189,189,
goal:189,189,189,189,189,189,189,189,189,189,189,189,189,189,189,189,189,189,189,189,189,189,189,189,189,189,189,189,189,189,189,189,189,189,189,189,189,189,189,189,189,189,189,189,189,189,189,189,189,189,189,189,189,
size:46
[agent] id:26
path:114,113,112,111,110,142,174,173,172,140,139,138,137,136,135,134,133,101,101,101,101,101,101,101,101,101,101,101,101,101,101,101,101,101,101,101,101,101,101,101,101,101,101,101,101,101,101,101,101,101,101,101,101,
goal:101,101,101,101,101,101,101,101,101,101,101,101,101,101,101,101,101,101,101,101,101,101,101,101,101,101,101,101,101,101,101,101,101,101,101,101,101,101,101,101,101,101,101,101,101,101,101,101,101,101,101,101,101,
size:17
[agent] id:27
path:900,901,869,837,805,773,741,709,677,645,613,614,615,616,617,618,618,618,618,618,618,618,618,618,618,618,618,618,618,618,618,618,618,618,618,618,618,618,618,618,618,618,618,618,618,618,618,618,618,618,618,618,618,
goal:618,618,618,618,618,618,618,618,618,618,618,618,618,618,618,618,618,618,618,618,618,618,618,618,618,618,618,618,618,618,618,618,618,618,618,618,618,618,618,618,618,618,618,618,618,618,618,618,618,618,618,618,618,
size:15
[agent] id:28
path:749,717,685,653,653,653,653,653,653,653,653,653,653,653,653,653,653,653,653,653,653,653,653,653,653,653,653,653,653,653,653,653,653,653,653,653,653,653,653,653,653,653,653,653,653,653,653,653,653,653,653,653,653,
goal:653,653,653,653,653,653,653,653,653,653,653,653,653,653,653,653,653,653,653,653,653,653,653,653,653,653,653,653,653,653,653,653,653,653,653,653,653,653,653,653,653,653,653,653,653,653,653,653,653,653,653,653,653,
size:3
[agent] id:29
path:688,656,657,658,626,594,562,530,498,466,434,435,436,437,405,406,407,408,409,410,410,410,410,410,410,410,410,410,410,410,410,410,410,410,410,410,410,410,410,410,410,410,410,410,410,410,410,410,410,410,410,410,410,
goal:410,410,410,410,410,410,410,410,410,410,410,410,410,410,410,410,410,410,410,410,410,410,410,410,410,410,410,410,410,410,410,410,410,410,410,410,410,410,410,410,410,410,410,410,410,410,410,410,410,410,410,410,410,
size:19
SolutionCost:775
