[setting] seed:2350
[solver] type:SASB-ECBS
[solver] w:2.000000
[solver] ID:0
[solver] Lowlevelnode:5457
[solver] Highlevelnode:19
[solver] ConflictCount:10
[solver] solved:1
[solver] elapsed:49
[solver] makespan:42
[problem] timesteplimit:15000
[problem] type:MAPF
[problem] agentnum:30
[graph] width:32
[graph] height:32
[graph] filename:./map/32by32_agents10_ex30.map
[task] id:5,start:0,end:0,service time:0,nodes:5,
[task] id:11,start:0,end:0,service time:0,nodes:814,
[task] id:6,start:0,end:0,service time:0,nodes:871,
[task] id:29,start:0,end:0,service time:0,nodes:563,
[task] id:10,start:0,end:0,service time:0,nodes:1009,
[task] id:17,start:0,end:0,service time:0,nodes:621,
[task] id:15,start:0,end:0,service time:0,nodes:236,
[task] id:24,start:0,end:0,service time:0,nodes:1000,
[task] id:27,start:0,end:0,service time:0,nodes:576,
[task] id:4,start:0,end:0,service time:0,nodes:51,
[task] id:16,start:0,end:0,service time:0,nodes:341,
[task] id:28,start:0,end:0,service time:0,nodes:884,
[task] id:20,start:0,end:0,service time:0,nodes:18,
[task] id:18,start:0,end:0,service time:0,nodes:885,
[task] id:26,start:0,end:0,service time:0,nodes:537,
[task] id:0,start:0,end:0,service time:0,nodes:403,
[task] id:8,start:0,end:0,service time:0,nodes:536,
[task] id:14,start:0,end:0,service time:0,nodes:696,
[task] id:3,start:0,end:0,service time:0,nodes:565,
[task] id:23,start:0,end:0,service time:0,nodes:821,
[task] id:21,start:0,end:0,service time:0,nodes:69,
[task] id:25,start:0,end:0,service time:0,nodes:316,
[task] id:22,start:0,end:0,service time:0,nodes:110,
[task] id:12,start:0,end:0,service time:0,nodes:749,
[task] id:19,start:0,end:0,service time:0,nodes:173,
[task] id:9,start:0,end:0,service time:0,nodes:668,
[task] id:7,start:0,end:0,service time:0,nodes:40,
[task] id:2,start:0,end:0,service time:0,nodes:389,
[task] id:1,start:0,end:0,service time:0,nodes:473,
[task] id:13,start:0,end:0,service time:0,nodes:49,
[agent] id:0
path:579,547,548,549,550,551,552,553,554,555,556,524,525,526,527,528,529,497,465,433,401,402,403,403,403,403,403,403,403,403,403,403,403,403,403,403,403,403,403,403,403,403,403,
goal:403,403,403,403,403,403,403,403,403,403,403,403,403,403,403,403,403,403,403,403,403,403,403,403,403,403,403,403,403,403,403,403,403,403,403,403,403,403,403,403,403,403,403,
size:22
[agent] id:1
path:163,162,161,193,225,257,258,259,227,228,229,230,231,199,200,201,202,203,204,205,206,207,239,271,303,304,305,306,307,308,309,310,342,374,406,407,408,409,441,473,473,473,473,
goal:473,473,473,473,473,473,473,473,473,473,473,473,473,473,473,473,473,473,473,473,473,473,473,473,473,473,473,473,473,473,473,473,473,473,473,473,473,473,473,473,473,473,473,
size:39
[agent] id:2
path:921,920,888,887,855,823,791,759,727,695,663,631,630,629,628,627,626,594,593,561,529,528,527,526,494,493,461,429,397,396,395,394,393,392,391,390,389,389,389,389,389,389,389,
goal:389,389,389,389,389,389,389,389,389,389,389,389,389,389,389,389,389,389,389,389,389,389,389,389,389,389,389,389,389,389,389,389,389,389,389,389,389,389,389,389,389,389,389,
size:36
[agent] id:3
path:872,872,840,808,776,744,712,680,648,649,650,651,652,653,654,655,656,657,658,626,627,628,596,564,565,565,565,565,565,565,565,565,565,565,565,565,565,565,565,565,565,565,565,
goal:565,565,565,565,565,565,565,565,565,565,565,565,565,565,565,565,565,565,565,565,565,565,565,565,565,565,565,565,565,565,565,565,565,565,565,565,565,565,565,565,565,565,565,
size:24
[agent] id:4
path:191,159,127,95,94,93,92,91,90,58,57,56,55,54,53,52,51,51,51,51,51,51,51,51,51,51,51,51,51,51,51,51,51,51,51,51,51,51,51,51,51,51,51,
goal:51,51,51,51,51,51,51,51,51,51,51,51,51,51,51,51,51,51,51,51,51,51,51,51,51,51,51,51,51,51,51,51,51,51,51,51,51,51,51,51,51,51,51,
size:16
[agent] id:5
path:65,33,1,2,3,4,5,5,5,5,5,5,5,5,5,5,5,5,5,5,5,5,5,5,5,5,5,5,5,5,5,5,5,5,5,5,5,5,5,5,5,5,5,
goal:5,5,5,5,5,5,5,5,5,5,5,5,5,5,5,5,5,5,5,5,5,5,5,5,5,5,5,5,5,5,5,5,5,5,5,5,5,5,5,5,5,5,5,
size:6
[agent] id:6
path:683,715,747,779,811,843,842,841,840,872,871,871,871,871,871,871,871,871,871,871,871,871,871,871,871,871,871,871,871,871,871,871,871,871,871,871,871,871,871,871,871,871,871,
goal:871,871,871,871,871,871,871,871,871,871,871,871,871,871,871,871,871,871,871,871,871,871,871,871,871,871,871,871,871,871,871,871,871,871,871,871,871,871,871,871,871,871,871,
size:10
[agent] id:7
path:844,812,811,810,809,808,776,744,712,680,648,616,584,552,520,519,487,487,486,454,422,390,358,326,294,262,230,231,199,167,135,103,71,39,40,40,40,40,40,40,40,40,40,
goal:40,40,40,40,40,40,40,40,40,40,40,40,40,40,40,40,40,40,40,40,40,40,40,40,40,40,40,40,40,40,40,40,40,40,40,40,40,40,40,40,40,40,40,
size:34
[agent] id:8
path:235,236,268,300,301,302,334,366,367,399,431,463,464,465,497,498,499,500,501,533,534,535,536,536,536,536,536,536,536,536,536,536,536,536,536,536,536,536,536,536,536,536,536,
goal:536,536,536,536,536,536,536,536,536,536,536,536,536,536,536,536,536,536,536,536,536,536,536,536,536,536,536,536,536,536,536,536,536,536,536,536,536,536,536,536,536,536,536,
size:22
[agent] id:9
path:902,870,838,839,840,841,809,810,778,779,747,715,683,651,652,653,654,655,656,657,658,626,627,628,629,630,631,632,633,634,635,667,668,668,668,668,668,668,668,668,668,668,668,
goal:668,668,668,668,668,668,668,668,668,668,668,668,668,668,668,668,668,668,668,668,668,668,668,668,668,668,668,668,668,668,668,668,668,668,668,668,668,668,668,668,668,668,668,
size:32
[agent] id:10
path:689,721,753,785,786,818,850,882,914,946,978,1010,1009,1009,1009,1009,1009,1009,1009,1009,1009,1009,1009,1009,1009,1009,1009,1009,1009,1009,1009,1009,1009,1009,1009,1009,1009,1009,1009,1009,1009,1009,1009,
goal:1009,1009,1009,1009,1009,1009,1009,1009,1009,1009,1009,1009,1009,1009,1009,1009,1009,1009,1009,1009,1009,1009,1009,1009,1009,1009,1009,1009,1009,1009,1009,1009,1009,1009,1009,1009,1009,1009,1009,1009,1009,1009,1009,
size:12
[agent] id:11
path:1005,973,941,909,877,845,846,814,814,814,814,814,814,814,814,814,814,814,814,814,814,814,814,814,814,814,814,814,814,814,814,814,814,814,814,814,814,814,814,814,814,814,814,
goal:814,814,814,814,814,814,814,814,814,814,814,814,814,814,814,814,814,814,814,814,814,814,814,814,814,814,814,814,814,814,814,814,814,814,814,814,814,814,814,814,814,814,814,
size:7
[agent] id:12
path:48,80,112,144,176,177,209,241,273,305,337,369,401,433,465,497,498,530,562,594,593,592,591,623,655,687,686,718,750,749,749,749,749,749,749,749,749,749,749,749,749,749,749,
goal:749,749,749,749,749,749,749,749,749,749,749,749,749,749,749,749,749,749,749,749,749,749,749,749,749,749,749,749,749,749,749,749,749,749,749,749,749,749,749,749,749,749,749,
size:29
[agent] id:13
path:931,899,867,835,803,771,739,707,708,676,644,612,613,614,582,550,518,486,454,422,390,358,326,294,262,230,231,199,200,201,202,203,204,205,206,174,142,143,111,79,80,48,49,
goal:49,49,49,49,49,49,49,49,49,49,49,49,49,49,49,49,49,49,49,49,49,49,49,49,49,49,49,49,49,49,49,49,49,49,49,49,49,49,49,49,49,49,49,
size:42
[agent] id:14
path:839,840,841,842,843,844,845,846,847,848,849,850,818,786,754,722,723,724,725,726,727,695,696,696,696,696,696,696,696,696,696,696,696,696,696,696,696,696,696,696,696,696,696,
goal:696,696,696,696,696,696,696,696,696,696,696,696,696,696,696,696,696,696,696,696,696,696,696,696,696,696,696,696,696,696,696,696,696,696,696,696,696,696,696,696,696,696,696,
size:22
[agent] id:15
path:420,421,389,390,391,392,393,394,395,396,364,332,300,268,236,236,236,236,236,236,236,236,236,236,236,236,236,236,236,236,236,236,236,236,236,236,236,236,236,236,236,236,236,
goal:236,236,236,236,236,236,236,236,236,236,236,236,236,236,236,236,236,236,236,236,236,236,236,236,236,236,236,236,236,236,236,236,236,236,236,236,236,236,236,236,236,236,236,
size:14
[agent] id:16
path:667,635,603,571,570,538,537,536,535,534,533,501,469,468,436,437,405,373,341,341,341,341,341,341,341,341,341,341,341,341,341,341,341,341,341,341,341,341,341,341,341,341,341,
goal:341,341,341,341,341,341,341,341,341,341,341,341,341,341,341,341,341,341,341,341,341,341,341,341,341,341,341,341,341,341,341,341,341,341,341,341,341,341,341,341,341,341,341,
size:18
[agent] id:17
path:941,909,877,845,846,814,782,750,718,686,654,622,621,621,621,621,621,621,621,621,621,621,621,621,621,621,621,621,621,621,621,621,621,621,621,621,621,621,621,621,621,621,621,
goal:621,621,621,621,621,621,621,621,621,621,621,621,621,621,621,621,621,621,621,621,621,621,621,621,621,621,621,621,621,621,621,621,621,621,621,621,621,621,621,621,621,621,621,
size:12
[agent] id:18
path:476,508,540,539,571,603,635,667,699,731,730,762,794,793,825,824,823,855,887,886,885,885,885,885,885,885,885,885,885,885,885,885,885,885,885,885,885,885,885,885,885,885,885,
goal:885,885,885,885,885,885,885,885,885,885,885,885,885,885,885,885,885,885,885,885,885,885,885,885,885,885,885,885,885,885,885,885,885,885,885,885,885,885,885,885,885,885,885,
size:20
[agent] id:19
path:870,838,806,774,742,710,678,646,614,582,550,518,486,454,422,390,358,326,294,262,230,231,199,200,201,202,203,171,172,173,173,173,173,173,173,173,173,173,173,173,173,173,173,
goal:173,173,173,173,173,173,173,173,173,173,173,173,173,173,173,173,173,173,173,173,173,173,173,173,173,173,173,173,173,173,173,173,173,173,173,173,173,173,173,173,173,173,173,
size:29
[agent] id:20
path:223,191,159,127,95,63,31,30,29,28,27,26,25,24,23,22,21,20,19,18,18,18,18,18,18,18,18,18,18,18,18,18,18,18,18,18,18,18,18,18,18,18,18,
goal:18,18,18,18,18,18,18,18,18,18,18,18,18,18,18,18,18,18,18,18,18,18,18,18,18,18,18,18,18,18,18,18,18,18,18,18,18,18,18,18,18,18,18,
size:19
[agent] id:21
path:26,58,57,56,55,54,53,52,84,83,82,81,80,79,78,77,45,44,12,11,10,42,74,73,72,71,70,69,69,69,69,69,69,69,69,69,69,69,69,69,69,69,69,
goal:69,69,69,69,69,69,69,69,69,69,69,69,69,69,69,69,69,69,69,69,69,69,69,69,69,69,69,69,69,69,69,69,69,69,69,69,69,69,69,69,69,69,69,
size:27
[agent] id:22
path:758,726,725,693,661,629,597,565,533,501,469,437,436,435,403,402,401,369,337,305,273,241,209,177,145,113,112,111,110,110,110,110,110,110,110,110,110,110,110,110,110,110,110,
goal:110,110,110,110,110,110,110,110,110,110,110,110,110,110,110,110,110,110,110,110,110,110,110,110,110,110,110,110,110,110,110,110,110,110,110,110,110,110,110,110,110,110,110,
size:28
[agent] id:23
path:613,645,646,647,648,649,650,651,652,653,685,686,687,688,720,752,753,785,786,818,819,851,852,853,821,821,821,821,821,821,821,821,821,821,821,821,821,821,821,821,821,821,821,
goal:821,821,821,821,821,821,821,821,821,821,821,821,821,821,821,821,821,821,821,821,821,821,821,821,821,821,821,821,821,821,821,821,821,821,821,821,821,821,821,821,821,821,821,
size:24
[agent] id:24
path:647,679,711,743,775,807,839,871,872,904,936,935,967,999,1000,1000,1000,1000,1000,1000,1000,1000,1000,1000,1000,1000,1000,1000,1000,1000,1000,1000,1000,1000,1000,1000,1000,1000,1000,1000,1000,1000,1000,
goal:1000,1000,1000,1000,1000,1000,1000,1000,1000,1000,1000,1000,1000,1000,1000,1000,1000,1000,1000,1000,1000,1000,1000,1000,1000,1000,1000,1000,1000,1000,1000,1000,1000,1000,1000,1000,1000,1000,1000,1000,1000,1000,1000,
size:14
[agent] id:25
path:200,201,233,234,235,236,268,300,301,302,303,304,305,306,307,308,309,310,311,312,313,345,377,378,379,347,315,316,316,316,316,316,316,316,316,316,316,316,316,316,316,316,316,
goal:316,316,316,316,316,316,316,316,316,316,316,316,316,316,316,316,316,316,316,316,316,316,316,316,316,316,316,316,316,316,316,316,316,316,316,316,316,316,316,316,316,316,316,
size:27
[agent] id:26
path:114,146,178,210,242,274,306,307,308,309,341,373,405,437,469,501,533,534,535,536,537,537,537,537,537,537,537,537,537,537,537,537,537,537,537,537,537,537,537,537,537,537,537,
goal:537,537,537,537,537,537,537,537,537,537,537,537,537,537,537,537,537,537,537,537,537,537,537,537,537,537,537,537,537,537,537,537,537,537,537,537,537,537,537,537,537,537,537,
size:20
[agent] id:27
path:714,682,650,618,617,616,615,614,613,612,611,579,578,577,576,576,576,576,576,576,576,576,576,576,576,576,576,576,576,576,576,576,576,576,576,576,576,576,576,576,576,576,576,
goal:576,576,576,576,576,576,576,576,576,576,576,576,576,576,576,576,576,576,576,576,576,576,576,576,576,576,576,576,576,576,576,576,576,576,576,576,576,576,576,576,576,576,576,
size:14
[agent] id:28
path:649,681,713,714,715,747,779,811,843,875,876,877,878,879,880,881,882,883,884,884,884,884,884,884,884,884,884,884,884,884,884,884,884,884,884,884,884,884,884,884,884,884,884,
goal:884,884,884,884,884,884,884,884,884,884,884,884,884,884,884,884,884,884,884,884,884,884,884,884,884,884,884,884,884,884,884,884,884,884,884,884,884,884,884,884,884,884,884,
size:18
[agent] id:29
path:336,368,400,432,464,465,497,529,561,562,563,563,563,563,563,563,563,563,563,563,563,563,563,563,563,563,563,563,563,563,563,563,563,563,563,563,563,563,563,563,563,563,563,
goal:563,563,563,563,563,563,563,563,563,563,563,563,563,563,563,563,563,563,563,563,563,563,563,563,563,563,563,563,563,563,563,563,563,563,563,563,563,563,563,563,563,563,563,
size:10
SolutionCost:647
