[setting] seed:3098
[solver] type:SASB-ECBS
[solver] w:2.000000
[solver] ID:0
[solver] Lowlevelnode:7205
[solver] Highlevelnode:19
[solver] ConflictCount:10
[solver] solved:1
[solver] elapsed:46
[solver] makespan:50
[problem] timesteplimit:15000
[problem] type:MAPF
[problem] agentnum:30
[graph] width:32
[graph] height:32
[graph] filename:./map/32by32_agents10_ex30.map
[task] id:9,start:0,end:0,service time:0,nodes:474,
[task] id:23,start:0,end:0,service time:0,nodes:23,
[task] id:28,start:0,end:0,service time:0,nodes:807,
[task] id:10,start:0,end:0,service time:0,nodes:527,
[task] id:16,start:0,end:0,service time:0,nodes:1016,
[task] id:4,start:0,end:0,service time:0,nodes:545,
[task] id:19,start:0,end:0,service time:0,nodes:353,
[task] id:1,start:0,end:0,service time:0,nodes:458,
[task] id:22,start:0,end:0,service time:0,nodes:560,
[task] id:29,start:0,end:0,service time:0,nodes:627,
[task] id:12,start:0,end:0,service time:0,nodes:184,
[task] id:17,start:0,end:0,service time:0,nodes:824,
[task] id:15,start:0,end:0,service time:0,nodes:710,
[task] id:7,start:0,end:0,service time:0,nodes:919,
[task] id:24,start:0,end:0,service time:0,nodes:934,
[task] id:2,start:0,end:0,service time:0,nodes:223,
[task] id:27,start:0,end:0,service time:0,nodes:764,
[task] id:20,start:0,end:0,service time:0,nodes:921,
[task] id:3,start:0,end:0,service time:0,nodes:99,
[task] id:5,start:0,end:0,service time:0,nodes:227,
[task] id:8,start:0,end:0,service time:0,nodes:823,
[task] id:11,start:0,end:0,service time:0,nodes:477,
[task] id:0,start:0,end:0,service time:0,nodes:899,
[task] id:14,start:0,end:0,service time:0,nodes:984,
[task] id:21,start:0,end:0,service time:0,nodes:610,
[task] id:25,start:0,end:0,service time:0,nodes:218,
[task] id:18,start:0,end:0,service time:0,nodes:937,
[task] id:26,start:0,end:0,service time:0,nodes:606,
[task] id:6,start:0,end:0,service time:0,nodes:413,
[task] id:13,start:0,end:0,service time:0,nodes:190,
[agent] id:0
path:33,65,66,67,68,69,101,133,165,197,229,261,293,294,326,358,390,422,454,486,518,550,582,614,646,678,677,709,741,773,805,837,869,901,900,899,899,899,899,899,899,899,899,899,899,899,899,899,899,899,899,
goal:899,899,899,899,899,899,899,899,899,899,899,899,899,899,899,899,899,899,899,899,899,899,899,899,899,899,899,899,899,899,899,899,899,899,899,899,899,899,899,899,899,899,899,899,899,899,899,899,899,899,899,
size:35
[agent] id:1
path:613,614,582,550,518,519,520,521,489,457,458,458,458,458,458,458,458,458,458,458,458,458,458,458,458,458,458,458,458,458,458,458,458,458,458,458,458,458,458,458,458,458,458,458,458,458,458,458,458,458,458,
goal:458,458,458,458,458,458,458,458,458,458,458,458,458,458,458,458,458,458,458,458,458,458,458,458,458,458,458,458,458,458,458,458,458,458,458,458,458,458,458,458,458,458,458,458,458,458,458,458,458,458,458,
size:10
[agent] id:2
path:656,657,658,626,594,562,530,498,466,434,435,436,437,405,373,374,375,376,377,378,379,347,315,316,317,285,286,287,255,223,223,223,223,223,223,223,223,223,223,223,223,223,223,223,223,223,223,223,223,223,223,
goal:223,223,223,223,223,223,223,223,223,223,223,223,223,223,223,223,223,223,223,223,223,223,223,223,223,223,223,223,223,223,223,223,223,223,223,223,223,223,223,223,223,223,223,223,223,223,223,223,223,223,223,
size:29
[agent] id:3
path:770,738,706,707,708,676,644,612,613,614,582,550,518,517,485,453,421,389,357,358,326,294,262,230,229,197,165,133,101,69,68,67,99,99,99,99,99,99,99,99,99,99,99,99,99,99,99,99,99,99,99,
goal:99,99,99,99,99,99,99,99,99,99,99,99,99,99,99,99,99,99,99,99,99,99,99,99,99,99,99,99,99,99,99,99,99,99,99,99,99,99,99,99,99,99,99,99,99,99,99,99,99,99,99,
size:32
[agent] id:4
path:454,486,518,517,516,515,514,513,545,545,545,545,545,545,545,545,545,545,545,545,545,545,545,545,545,545,545,545,545,545,545,545,545,545,545,545,545,545,545,545,545,545,545,545,545,545,545,545,545,545,545,
goal:545,545,545,545,545,545,545,545,545,545,545,545,545,545,545,545,545,545,545,545,545,545,545,545,545,545,545,545,545,545,545,545,545,545,545,545,545,545,545,545,545,545,545,545,545,545,545,545,545,545,545,
size:8
[agent] id:5
path:191,190,189,188,187,219,218,217,216,215,214,213,212,211,243,242,241,240,239,207,206,205,204,203,202,201,200,199,231,230,229,228,227,227,227,227,227,227,227,227,227,227,227,227,227,227,227,227,227,227,227,
goal:227,227,227,227,227,227,227,227,227,227,227,227,227,227,227,227,227,227,227,227,227,227,227,227,227,227,227,227,227,227,227,227,227,227,227,227,227,227,227,227,227,227,227,227,227,227,227,227,227,227,227,
size:32
[agent] id:6
path:928,929,930,898,899,900,901,869,870,871,872,872,840,808,776,744,712,680,648,649,650,651,652,653,654,622,590,591,592,593,561,529,497,465,433,434,435,436,437,405,373,374,375,376,377,378,379,380,412,413,413,
goal:413,413,413,413,413,413,413,413,413,413,413,413,413,413,413,413,413,413,413,413,413,413,413,413,413,413,413,413,413,413,413,413,413,413,413,413,413,413,413,413,413,413,413,413,413,413,413,413,413,413,413,
size:49
[agent] id:7
path:397,429,461,493,525,557,589,621,653,685,717,749,781,782,814,846,878,879,880,881,882,883,884,885,886,918,919,919,919,919,919,919,919,919,919,919,919,919,919,919,919,919,919,919,919,919,919,919,919,919,919,
goal:919,919,919,919,919,919,919,919,919,919,919,919,919,919,919,919,919,919,919,919,919,919,919,919,919,919,919,919,919,919,919,919,919,919,919,919,919,919,919,919,919,919,919,919,919,919,919,919,919,919,919,
size:26
[agent] id:8
path:233,234,235,236,268,300,332,364,396,428,460,461,493,525,557,589,621,653,685,686,687,688,720,721,722,723,724,725,757,758,759,791,823,823,823,823,823,823,823,823,823,823,823,823,823,823,823,823,823,823,823,
goal:823,823,823,823,823,823,823,823,823,823,823,823,823,823,823,823,823,823,823,823,823,823,823,823,823,823,823,823,823,823,823,823,823,823,823,823,823,823,823,823,823,823,823,823,823,823,823,823,823,823,823,
size:32
[agent] id:9
path:504,472,473,474,474,474,474,474,474,474,474,474,474,474,474,474,474,474,474,474,474,474,474,474,474,474,474,474,474,474,474,474,474,474,474,474,474,474,474,474,474,474,474,474,474,474,474,474,474,474,474,
goal:474,474,474,474,474,474,474,474,474,474,474,474,474,474,474,474,474,474,474,474,474,474,474,474,474,474,474,474,474,474,474,474,474,474,474,474,474,474,474,474,474,474,474,474,474,474,474,474,474,474,474,
size:3
[agent] id:10
path:429,461,493,525,526,527,527,527,527,527,527,527,527,527,527,527,527,527,527,527,527,527,527,527,527,527,527,527,527,527,527,527,527,527,527,527,527,527,527,527,527,527,527,527,527,527,527,527,527,527,527,
goal:527,527,527,527,527,527,527,527,527,527,527,527,527,527,527,527,527,527,527,527,527,527,527,527,527,527,527,527,527,527,527,527,527,527,527,527,527,527,527,527,527,527,527,527,527,527,527,527,527,527,527,
size:5
[agent] id:11
path:11,12,44,45,77,78,110,142,174,206,207,239,271,303,304,305,306,307,308,309,341,373,374,375,376,377,378,379,380,412,413,414,446,478,477,477,477,477,477,477,477,477,477,477,477,477,477,477,477,477,477,
goal:477,477,477,477,477,477,477,477,477,477,477,477,477,477,477,477,477,477,477,477,477,477,477,477,477,477,477,477,477,477,477,477,477,477,477,477,477,477,477,477,477,477,477,477,477,477,477,477,477,477,477,
size:34
[agent] id:12
path:668,636,604,603,571,539,538,537,536,504,472,473,441,409,377,345,313,281,280,248,216,184,184,184,184,184,184,184,184,184,184,184,184,184,184,184,184,184,184,184,184,184,184,184,184,184,184,184,184,184,184,
goal:184,184,184,184,184,184,184,184,184,184,184,184,184,184,184,184,184,184,184,184,184,184,184,184,184,184,184,184,184,184,184,184,184,184,184,184,184,184,184,184,184,184,184,184,184,184,184,184,184,184,184,
size:21
[agent] id:13
path:998,966,934,902,870,838,806,774,742,710,678,646,647,648,649,650,651,652,653,654,655,656,657,658,659,660,628,596,597,565,533,501,469,437,405,373,341,309,277,245,213,214,215,216,217,185,186,187,188,189,190,
goal:190,190,190,190,190,190,190,190,190,190,190,190,190,190,190,190,190,190,190,190,190,190,190,190,190,190,190,190,190,190,190,190,190,190,190,190,190,190,190,190,190,190,190,190,190,190,190,190,190,190,190,
size:50
[agent] id:14
path:112,144,176,177,209,241,273,305,337,369,401,433,465,497,529,561,593,594,626,658,690,722,754,786,818,850,882,883,884,885,886,918,950,982,983,984,984,984,984,984,984,984,984,984,984,984,984,984,984,984,984,
goal:984,984,984,984,984,984,984,984,984,984,984,984,984,984,984,984,984,984,984,984,984,984,984,984,984,984,984,984,984,984,984,984,984,984,984,984,984,984,984,984,984,984,984,984,984,984,984,984,984,984,984,
size:35
[agent] id:15
path:431,463,464,465,497,529,561,593,592,591,623,655,687,686,718,717,716,715,714,713,712,711,710,710,710,710,710,710,710,710,710,710,710,710,710,710,710,710,710,710,710,710,710,710,710,710,710,710,710,710,710,
goal:710,710,710,710,710,710,710,710,710,710,710,710,710,710,710,710,710,710,710,710,710,710,710,710,710,710,710,710,710,710,710,710,710,710,710,710,710,710,710,710,710,710,710,710,710,710,710,710,710,710,710,
size:22
[agent] id:16
path:988,987,986,985,1017,1016,1016,1016,1016,1016,1016,1016,1016,1016,1016,1016,1016,1016,1016,1016,1016,1016,1016,1016,1016,1016,1016,1016,1016,1016,1016,1016,1016,1016,1016,1016,1016,1016,1016,1016,1016,1016,1016,1016,1016,1016,1016,1016,1016,1016,1016,
goal:1016,1016,1016,1016,1016,1016,1016,1016,1016,1016,1016,1016,1016,1016,1016,1016,1016,1016,1016,1016,1016,1016,1016,1016,1016,1016,1016,1016,1016,1016,1016,1016,1016,1016,1016,1016,1016,1016,1016,1016,1016,1016,1016,1016,1016,1016,1016,1016,1016,1016,1016,
size:5
[agent] id:17
path:712,713,714,715,716,717,749,781,782,814,846,847,848,849,850,851,852,853,821,822,823,824,824,824,824,824,824,824,824,824,824,824,824,824,824,824,824,824,824,824,824,824,824,824,824,824,824,824,824,824,824,
goal:824,824,824,824,824,824,824,824,824,824,824,824,824,824,824,824,824,824,824,824,824,824,824,824,824,824,824,824,824,824,824,824,824,824,824,824,824,824,824,824,824,824,824,824,824,824,824,824,824,824,824,
size:21
[agent] id:18
path:12,44,45,77,78,110,142,174,206,205,204,236,268,300,332,364,396,428,460,461,493,525,557,589,589,621,653,685,717,716,715,747,779,811,843,875,907,939,938,937,937,937,937,937,937,937,937,937,937,937,937,
goal:937,937,937,937,937,937,937,937,937,937,937,937,937,937,937,937,937,937,937,937,937,937,937,937,937,937,937,937,937,937,937,937,937,937,937,937,937,937,937,937,937,937,937,937,937,937,937,937,937,937,937,
size:39
[agent] id:19
path:196,228,260,259,258,290,322,354,353,353,353,353,353,353,353,353,353,353,353,353,353,353,353,353,353,353,353,353,353,353,353,353,353,353,353,353,353,353,353,353,353,353,353,353,353,353,353,353,353,353,353,
goal:353,353,353,353,353,353,353,353,353,353,353,353,353,353,353,353,353,353,353,353,353,353,353,353,353,353,353,353,353,353,353,353,353,353,353,353,353,353,353,353,353,353,353,353,353,353,353,353,353,353,353,
size:8
[agent] id:20
path:736,768,800,801,802,803,835,836,837,838,839,840,841,842,874,875,876,877,878,879,880,881,882,883,884,885,886,887,888,920,921,921,921,921,921,921,921,921,921,921,921,921,921,921,921,921,921,921,921,921,921,
goal:921,921,921,921,921,921,921,921,921,921,921,921,921,921,921,921,921,921,921,921,921,921,921,921,921,921,921,921,921,921,921,921,921,921,921,921,921,921,921,921,921,921,921,921,921,921,921,921,921,921,921,
size:30
[agent] id:21
path:84,83,115,114,146,178,210,242,274,306,305,337,369,401,433,465,497,529,561,593,592,591,623,622,621,620,619,618,617,616,615,614,613,612,611,610,610,610,610,610,610,610,610,610,610,610,610,610,610,610,610,
goal:610,610,610,610,610,610,610,610,610,610,610,610,610,610,610,610,610,610,610,610,610,610,610,610,610,610,610,610,610,610,610,610,610,610,610,610,610,610,610,610,610,610,610,610,610,610,610,610,610,610,610,
size:35
[agent] id:22
path:678,646,614,582,550,551,552,553,554,555,556,557,558,559,560,560,560,560,560,560,560,560,560,560,560,560,560,560,560,560,560,560,560,560,560,560,560,560,560,560,560,560,560,560,560,560,560,560,560,560,560,
goal:560,560,560,560,560,560,560,560,560,560,560,560,560,560,560,560,560,560,560,560,560,560,560,560,560,560,560,560,560,560,560,560,560,560,560,560,560,560,560,560,560,560,560,560,560,560,560,560,560,560,560,
size:14
[agent] id:23
path:119,87,55,23,23,23,23,23,23,23,23,23,23,23,23,23,23,23,23,23,23,23,23,23,23,23,23,23,23,23,23,23,23,23,23,23,23,23,23,23,23,23,23,23,23,23,23,23,23,23,23,
goal:23,23,23,23,23,23,23,23,23,23,23,23,23,23,23,23,23,23,23,23,23,23,23,23,23,23,23,23,23,23,23,23,23,23,23,23,23,23,23,23,23,23,23,23,23,23,23,23,23,23,23,
size:3
[agent] id:24
path:136,168,200,199,231,263,262,294,326,358,390,422,454,486,518,550,582,614,646,678,710,742,774,806,838,870,902,934,934,934,934,934,934,934,934,934,934,934,934,934,934,934,934,934,934,934,934,934,934,934,934,
goal:934,934,934,934,934,934,934,934,934,934,934,934,934,934,934,934,934,934,934,934,934,934,934,934,934,934,934,934,934,934,934,934,934,934,934,934,934,934,934,934,934,934,934,934,934,934,934,934,934,934,934,
size:27
[agent] id:25
path:940,908,876,844,845,846,814,782,750,718,686,654,655,656,657,658,626,627,628,596,564,565,533,501,469,437,405,373,341,309,277,245,213,214,215,216,217,218,218,218,218,218,218,218,218,218,218,218,218,218,218,
goal:218,218,218,218,218,218,218,218,218,218,218,218,218,218,218,218,218,218,218,218,218,218,218,218,218,218,218,218,218,218,218,218,218,218,218,218,218,218,218,218,218,218,218,218,218,218,218,218,218,218,218,
size:37
[agent] id:26
path:288,320,352,384,416,448,480,512,513,514,515,547,548,549,550,551,552,553,554,555,556,557,589,590,591,592,593,594,626,658,659,660,628,629,630,631,632,633,634,602,603,604,605,606,606,606,606,606,606,606,606,
goal:606,606,606,606,606,606,606,606,606,606,606,606,606,606,606,606,606,606,606,606,606,606,606,606,606,606,606,606,606,606,606,606,606,606,606,606,606,606,606,606,606,606,606,606,606,606,606,606,606,606,606,
size:43
[agent] id:27
path:458,490,522,554,555,556,557,558,559,560,592,593,594,626,658,690,722,723,724,725,757,758,759,791,792,793,794,795,796,764,764,764,764,764,764,764,764,764,764,764,764,764,764,764,764,764,764,764,764,764,764,
goal:764,764,764,764,764,764,764,764,764,764,764,764,764,764,764,764,764,764,764,764,764,764,764,764,764,764,764,764,764,764,764,764,764,764,764,764,764,764,764,764,764,764,764,764,764,764,764,764,764,764,764,
size:29
[agent] id:28
path:745,744,776,808,807,807,807,807,807,807,807,807,807,807,807,807,807,807,807,807,807,807,807,807,807,807,807,807,807,807,807,807,807,807,807,807,807,807,807,807,807,807,807,807,807,807,807,807,807,807,807,
goal:807,807,807,807,807,807,807,807,807,807,807,807,807,807,807,807,807,807,807,807,807,807,807,807,807,807,807,807,807,807,807,807,807,807,807,807,807,807,807,807,807,807,807,807,807,807,807,807,807,807,807,
size:4
[agent] id:29
path:452,484,516,548,549,550,551,552,553,554,555,556,557,589,590,591,592,593,594,626,627,627,627,627,627,627,627,627,627,627,627,627,627,627,627,627,627,627,627,627,627,627,627,627,627,627,627,627,627,627,627,
goal:627,627,627,627,627,627,627,627,627,627,627,627,627,627,627,627,627,627,627,627,627,627,627,627,627,627,627,627,627,627,627,627,627,627,627,627,627,627,627,627,627,627,627,627,627,627,627,627,627,627,627,
size:20
SolutionCost:738
