[setting] seed:8540
[solver] type:SASB-ECBS
[solver] w:2.000000
[solver] ID:0
[solver] Lowlevelnode:3907
[solver] Highlevelnode:19
[solver] ConflictCount:10
[solver] solved:1
[solver] elapsed:39
[solver] makespan:45
[problem] timesteplimit:15000
[problem] type:MAPF
[problem] agentnum:30
[graph] width:32
[graph] height:32
[graph] filename:./map/32by32_agents10_ex30.map
[task] id:13,start:0,end:0,service time:0,nodes:283,
[task] id:6,start:0,end:0,service time:0,nodes:794,
[task] id:15,start:0,end:0,service time:0,nodes:619,
[task] id:8,start:0,end:0,service time:0,nodes:356,
[task] id:21,start:0,end:0,service time:0,nodes:214,
[task] id:19,start:0,end:0,service time:0,nodes:280,
[task] id:0,start:0,end:0,service time:0,nodes:721,
[task] id:4,start:0,end:0,service time:0,nodes:918,
[task] id:14,start:0,end:0,service time:0,nodes:971,
[task] id:1,start:0,end:0,service time:0,nodes:553,
[task] id:5,start:0,end:0,service time:0,nodes:662,
[task] id:9,start:0,end:0,service time:0,nodes:965,
[task] id:16,start:0,end:0,service time:0,nodes:473,
[task] id:18,start:0,end:0,service time:0,nodes:366,
[task] id:23,start:0,end:0,service time:0,nodes:953,
[task] id:24,start:0,end:0,service time:0,nodes:498,
[task] id:20,start:0,end:0,service time:0,nodes:517,
[task] id:7,start:0,end:0,service time:0,nodes:380,
[task] id:10,start:0,end:0,service time:0,nodes:342,
[task] id:29,start:0,end:0,service time:0,nodes:213,
[task] id:11,start:0,end:0,service time:0,nodes:924,
[task] id:22,start:0,end:0,service time:0,nodes:838,
[task] id:3,start:0,end:0,service time:0,nodes:292,
[task] id:2,start:0,end:0,service time:0,nodes:573,
[task] id:25,start:0,end:0,service time:0,nodes:1005,
[task] id:17,start:0,end:0,service time:0,nodes:374,
[task] id:26,start:0,end:0,service time:0,nodes:875,
[task] id:28,start:0,end:0,service time:0,nodes:610,
[task] id:12,start:0,end:0,service time:0,nodes:193,
[task] id:27,start:0,end:0,service time:0,nodes:35,
[agent] id:0
path:637,669,701,700,699,731,730,729,728,727,726,725,724,723,722,721,721,721,721,721,721,721,721,721,721,721,721,721,721,721,721,721,721,721,721,721,721,721,721,721,721,721,721,721,721,721,
goal:721,721,721,721,721,721,721,721,721,721,721,721,721,721,721,721,721,721,721,721,721,721,721,721,721,721,721,721,721,721,721,721,721,721,721,721,721,721,721,721,721,721,721,721,721,721,
size:15
[agent] id:1
path:599,598,630,629,628,627,626,594,593,592,591,590,589,557,525,557,556,555,554,553,553,553,553,553,553,553,553,553,553,553,553,553,553,553,553,553,553,553,553,553,553,553,553,553,553,553,
goal:553,553,553,553,553,553,553,553,553,553,553,553,553,553,553,553,553,553,553,553,553,553,553,553,553,553,553,553,553,553,553,553,553,553,553,553,553,553,553,553,553,553,553,553,553,553,
size:19
[agent] id:2
path:330,331,332,364,396,428,460,461,493,525,557,558,559,560,561,562,563,564,565,566,567,535,536,537,569,570,571,603,604,605,573,573,573,573,573,573,573,573,573,573,573,573,573,573,573,573,
goal:573,573,573,573,573,573,573,573,573,573,573,573,573,573,573,573,573,573,573,573,573,573,573,573,573,573,573,573,573,573,573,573,573,573,573,573,573,573,573,573,573,573,573,573,573,573,
size:30
[agent] id:3
path:661,629,597,565,564,563,531,530,529,528,527,526,494,493,461,429,397,396,395,394,393,392,391,359,358,326,294,293,292,292,292,292,292,292,292,292,292,292,292,292,292,292,292,292,292,292,
goal:292,292,292,292,292,292,292,292,292,292,292,292,292,292,292,292,292,292,292,292,292,292,292,292,292,292,292,292,292,292,292,292,292,292,292,292,292,292,292,292,292,292,292,292,292,292,
size:28
[agent] id:4
path:606,605,637,669,701,733,765,797,796,795,794,793,825,824,823,855,887,919,918,918,918,918,918,918,918,918,918,918,918,918,918,918,918,918,918,918,918,918,918,918,918,918,918,918,918,918,
goal:918,918,918,918,918,918,918,918,918,918,918,918,918,918,918,918,918,918,918,918,918,918,918,918,918,918,918,918,918,918,918,918,918,918,918,918,918,918,918,918,918,918,918,918,918,918,
size:18
[agent] id:5
path:840,808,776,744,712,680,648,649,650,651,652,653,654,655,656,657,658,659,660,661,662,662,662,662,662,662,662,662,662,662,662,662,662,662,662,662,662,662,662,662,662,662,662,662,662,662,
goal:662,662,662,662,662,662,662,662,662,662,662,662,662,662,662,662,662,662,662,662,662,662,662,662,662,662,662,662,662,662,662,662,662,662,662,662,662,662,662,662,662,662,662,662,662,662,
size:20
[agent] id:6
path:476,508,540,539,571,603,635,667,699,731,730,762,794,794,794,794,794,794,794,794,794,794,794,794,794,794,794,794,794,794,794,794,794,794,794,794,794,794,794,794,794,794,794,794,794,794,
goal:794,794,794,794,794,794,794,794,794,794,794,794,794,794,794,794,794,794,794,794,794,794,794,794,794,794,794,794,794,794,794,794,794,794,794,794,794,794,794,794,794,794,794,794,794,794,
size:12
[agent] id:7
path:653,621,589,557,558,559,560,561,562,530,498,466,434,435,436,437,405,373,374,375,376,377,378,379,380,380,380,380,380,380,380,380,380,380,380,380,380,380,380,380,380,380,380,380,380,380,
goal:380,380,380,380,380,380,380,380,380,380,380,380,380,380,380,380,380,380,380,380,380,380,380,380,380,380,380,380,380,380,380,380,380,380,380,380,380,380,380,380,380,380,380,380,380,380,
size:24
[agent] id:8
path:204,203,202,201,200,199,231,263,262,294,326,358,357,356,356,356,356,356,356,356,356,356,356,356,356,356,356,356,356,356,356,356,356,356,356,356,356,356,356,356,356,356,356,356,356,356,
goal:356,356,356,356,356,356,356,356,356,356,356,356,356,356,356,356,356,356,356,356,356,356,356,356,356,356,356,356,356,356,356,356,356,356,356,356,356,356,356,356,356,356,356,356,356,356,
size:13
[agent] id:9
path:456,424,423,422,454,486,518,550,582,614,646,678,710,742,774,806,838,870,902,934,966,965,965,965,965,965,965,965,965,965,965,965,965,965,965,965,965,965,965,965,965,965,965,965,965,965,
goal:965,965,965,965,965,965,965,965,965,965,965,965,965,965,965,965,965,965,965,965,965,965,965,965,965,965,965,965,965,965,965,965,965,965,965,965,965,965,965,965,965,965,965,965,965,965,
size:21
[agent] id:10
path:132,133,165,166,167,168,200,201,233,234,235,236,268,300,301,302,303,304,305,306,307,308,309,341,342,342,342,342,342,342,342,342,342,342,342,342,342,342,342,342,342,342,342,342,342,342,
goal:342,342,342,342,342,342,342,342,342,342,342,342,342,342,342,342,342,342,342,342,342,342,342,342,342,342,342,342,342,342,342,342,342,342,342,342,342,342,342,342,342,342,342,342,342,342,
size:24
[agent] id:11
path:714,715,747,779,811,843,844,845,846,847,848,849,850,851,852,853,854,855,823,824,825,857,858,859,860,892,924,924,924,924,924,924,924,924,924,924,924,924,924,924,924,924,924,924,924,924,
goal:924,924,924,924,924,924,924,924,924,924,924,924,924,924,924,924,924,924,924,924,924,924,924,924,924,924,924,924,924,924,924,924,924,924,924,924,924,924,924,924,924,924,924,924,924,924,
size:26
[agent] id:12
path:854,853,852,851,819,818,786,754,722,690,658,626,594,593,592,560,559,558,557,556,555,554,522,490,458,426,394,393,392,391,359,358,326,294,262,261,260,259,258,257,225,193,193,193,193,193,
goal:193,193,193,193,193,193,193,193,193,193,193,193,193,193,193,193,193,193,193,193,193,193,193,193,193,193,193,193,193,193,193,193,193,193,193,193,193,193,193,193,193,193,193,193,193,193,
size:41
[agent] id:13
path:317,316,315,283,283,283,283,283,283,283,283,283,283,283,283,283,283,283,283,283,283,283,283,283,283,283,283,283,283,283,283,283,283,283,283,283,283,283,283,283,283,283,283,283,283,283,
goal:283,283,283,283,283,283,283,283,283,283,283,283,283,283,283,283,283,283,283,283,283,283,283,283,283,283,283,283,283,283,283,283,283,283,283,283,283,283,283,283,283,283,283,283,283,283,
size:3
[agent] id:14
path:527,559,591,623,655,687,686,718,750,782,814,846,878,877,909,941,973,972,971,971,971,971,971,971,971,971,971,971,971,971,971,971,971,971,971,971,971,971,971,971,971,971,971,971,971,971,
goal:971,971,971,971,971,971,971,971,971,971,971,971,971,971,971,971,971,971,971,971,971,971,971,971,971,971,971,971,971,971,971,971,971,971,971,971,971,971,971,971,971,971,971,971,971,971,
size:18
[agent] id:15
path:970,938,906,874,842,810,778,779,747,715,683,651,619,619,619,619,619,619,619,619,619,619,619,619,619,619,619,619,619,619,619,619,619,619,619,619,619,619,619,619,619,619,619,619,619,619,
goal:619,619,619,619,619,619,619,619,619,619,619,619,619,619,619,619,619,619,619,619,619,619,619,619,619,619,619,619,619,619,619,619,619,619,619,619,619,619,619,619,619,619,619,619,619,619,
size:12
[agent] id:16
path:18,50,82,114,146,178,210,242,274,306,307,308,309,341,373,405,406,407,408,409,441,473,473,473,473,473,473,473,473,473,473,473,473,473,473,473,473,473,473,473,473,473,473,473,473,473,
goal:473,473,473,473,473,473,473,473,473,473,473,473,473,473,473,473,473,473,473,473,473,473,473,473,473,473,473,473,473,473,473,473,473,473,473,473,473,473,473,473,473,473,473,473,473,473,
size:21
[agent] id:17
path:162,161,193,225,257,258,259,260,261,262,263,231,199,200,201,233,234,235,236,268,300,301,302,303,304,305,306,307,308,309,341,373,374,374,374,374,374,374,374,374,374,374,374,374,374,374,
goal:374,374,374,374,374,374,374,374,374,374,374,374,374,374,374,374,374,374,374,374,374,374,374,374,374,374,374,374,374,374,374,374,374,374,374,374,374,374,374,374,374,374,374,374,374,374,
size:32
[agent] id:18
path:99,67,68,69,101,133,165,166,167,199,200,201,233,234,235,236,268,300,301,302,334,366,366,366,366,366,366,366,366,366,366,366,366,366,366,366,366,366,366,366,366,366,366,366,366,366,
goal:366,366,366,366,366,366,366,366,366,366,366,366,366,366,366,366,366,366,366,366,366,366,366,366,366,366,366,366,366,366,366,366,366,366,366,366,366,366,366,366,366,366,366,366,366,366,
size:21
[agent] id:19
path:299,300,301,302,303,304,305,306,307,308,309,310,311,279,280,280,280,280,280,280,280,280,280,280,280,280,280,280,280,280,280,280,280,280,280,280,280,280,280,280,280,280,280,280,280,280,
goal:280,280,280,280,280,280,280,280,280,280,280,280,280,280,280,280,280,280,280,280,280,280,280,280,280,280,280,280,280,280,280,280,280,280,280,280,280,280,280,280,280,280,280,280,280,280,
size:14
[agent] id:20
path:819,818,786,754,722,690,658,626,594,593,592,591,590,558,557,556,555,554,522,521,520,519,518,517,517,517,517,517,517,517,517,517,517,517,517,517,517,517,517,517,517,517,517,517,517,517,
goal:517,517,517,517,517,517,517,517,517,517,517,517,517,517,517,517,517,517,517,517,517,517,517,517,517,517,517,517,517,517,517,517,517,517,517,517,517,517,517,517,517,517,517,517,517,517,
size:23
[agent] id:21
path:316,315,347,379,378,377,345,313,281,280,248,216,215,214,214,214,214,214,214,214,214,214,214,214,214,214,214,214,214,214,214,214,214,214,214,214,214,214,214,214,214,214,214,214,214,214,
goal:214,214,214,214,214,214,214,214,214,214,214,214,214,214,214,214,214,214,214,214,214,214,214,214,214,214,214,214,214,214,214,214,214,214,214,214,214,214,214,214,214,214,214,214,214,214,
size:13
[agent] id:22
path:634,633,632,664,696,728,727,726,725,724,723,755,754,786,818,850,849,848,847,846,845,844,843,842,841,840,839,838,838,838,838,838,838,838,838,838,838,838,838,838,838,838,838,838,838,838,
goal:838,838,838,838,838,838,838,838,838,838,838,838,838,838,838,838,838,838,838,838,838,838,838,838,838,838,838,838,838,838,838,838,838,838,838,838,838,838,838,838,838,838,838,838,838,838,
size:27
[agent] id:23
path:507,539,571,603,635,667,699,731,730,729,728,760,792,791,791,823,855,887,919,920,952,953,953,953,953,953,953,953,953,953,953,953,953,953,953,953,953,953,953,953,953,953,953,953,953,953,
goal:953,953,953,953,953,953,953,953,953,953,953,953,953,953,953,953,953,953,953,953,953,953,953,953,953,953,953,953,953,953,953,953,953,953,953,953,953,953,953,953,953,953,953,953,953,953,
size:21
[agent] id:24
path:544,512,513,514,515,516,517,518,519,520,521,522,554,555,556,524,525,526,527,528,529,497,498,498,498,498,498,498,498,498,498,498,498,498,498,498,498,498,498,498,498,498,498,498,498,498,
goal:498,498,498,498,498,498,498,498,498,498,498,498,498,498,498,498,498,498,498,498,498,498,498,498,498,498,498,498,498,498,498,498,498,498,498,498,498,498,498,498,498,498,498,498,498,498,
size:22
[agent] id:25
path:342,374,406,438,470,469,501,533,565,597,629,661,693,725,724,723,755,754,786,818,850,882,914,946,945,944,943,942,974,1006,1005,1005,1005,1005,1005,1005,1005,1005,1005,1005,1005,1005,1005,1005,1005,1005,
goal:1005,1005,1005,1005,1005,1005,1005,1005,1005,1005,1005,1005,1005,1005,1005,1005,1005,1005,1005,1005,1005,1005,1005,1005,1005,1005,1005,1005,1005,1005,1005,1005,1005,1005,1005,1005,1005,1005,1005,1005,1005,1005,1005,1005,1005,1005,
size:30
[agent] id:26
path:11,10,42,74,106,138,139,171,203,235,236,268,300,332,364,396,428,460,461,493,525,557,589,621,653,685,717,716,715,747,779,811,843,875,875,875,875,875,875,875,875,875,875,875,875,875,
goal:875,875,875,875,875,875,875,875,875,875,875,875,875,875,875,875,875,875,875,875,875,875,875,875,875,875,875,875,875,875,875,875,875,875,875,875,875,875,875,875,875,875,875,875,875,875,
size:33
[agent] id:27
path:669,668,636,604,603,602,570,538,537,536,535,534,533,501,469,468,467,435,403,402,401,369,337,305,273,241,240,239,207,206,174,173,172,140,139,107,75,74,42,41,40,39,38,37,36,35,
goal:35,35,35,35,35,35,35,35,35,35,35,35,35,35,35,35,35,35,35,35,35,35,35,35,35,35,35,35,35,35,35,35,35,35,35,35,35,35,35,35,35,35,35,35,35,35,
size:45
[agent] id:28
path:443,442,474,473,472,504,536,535,567,566,565,564,563,562,594,593,592,591,623,622,621,620,652,651,650,618,617,616,615,614,613,612,611,610,610,610,610,610,610,610,610,610,610,610,610,610,
goal:610,610,610,610,610,610,610,610,610,610,610,610,610,610,610,610,610,610,610,610,610,610,610,610,610,610,610,610,610,610,610,610,610,610,610,610,610,610,610,610,610,610,610,610,610,610,
size:33
[agent] id:29
path:849,850,818,786,754,722,690,658,626,594,562,530,498,466,434,435,436,437,405,373,341,309,277,245,213,213,213,213,213,213,213,213,213,213,213,213,213,213,213,213,213,213,213,213,213,213,
goal:213,213,213,213,213,213,213,213,213,213,213,213,213,213,213,213,213,213,213,213,213,213,213,213,213,213,213,213,213,213,213,213,213,213,213,213,213,213,213,213,213,213,213,213,213,213,
size:24
SolutionCost:683
