[setting] seed:7087
[solver] type:SASB-ECBS
[solver] w:2.000000
[solver] ID:0
[solver] Lowlevelnode:14284
[solver] Highlevelnode:19
[solver] ConflictCount:10
[solver] solved:1
[solver] elapsed:117
[solver] makespan:56
[problem] timesteplimit:15000
[problem] type:MAPF
[problem] agentnum:30
[graph] width:32
[graph] height:32
[graph] filename:./map/32by32_agents10_ex30.map
[task] id:0,start:0,end:0,service time:0,nodes:409,
[task] id:14,start:0,end:0,service time:0,nodes:330,
[task] id:6,start:0,end:0,service time:0,nodes:191,
[task] id:11,start:0,end:0,service time:0,nodes:503,
[task] id:27,start:0,end:0,service time:0,nodes:997,
[task] id:22,start:0,end:0,service time:0,nodes:571,
[task] id:7,start:0,end:0,service time:0,nodes:996,
[task] id:5,start:0,end:0,service time:0,nodes:114,
[task] id:20,start:0,end:0,service time:0,nodes:78,
[task] id:26,start:0,end:0,service time:0,nodes:498,
[task] id:4,start:0,end:0,service time:0,nodes:17,
[task] id:28,start:0,end:0,service time:0,nodes:126,
[task] id:29,start:0,end:0,service time:0,nodes:301,
[task] id:15,start:0,end:0,service time:0,nodes:30,
[task] id:21,start:0,end:0,service time:0,nodes:1004,
[task] id:24,start:0,end:0,service time:0,nodes:857,
[task] id:1,start:0,end:0,service time:0,nodes:765,
[task] id:10,start:0,end:0,service time:0,nodes:406,
[task] id:16,start:0,end:0,service time:0,nodes:136,
[task] id:19,start:0,end:0,service time:0,nodes:882,
[task] id:3,start:0,end:0,service time:0,nodes:901,
[task] id:23,start:0,end:0,service time:0,nodes:548,
[task] id:2,start:0,end:0,service time:0,nodes:872,
[task] id:9,start:0,end:0,service time:0,nodes:982,
[task] id:8,start:0,end:0,service time:0,nodes:187,
[task] id:18,start:0,end:0,service time:0,nodes:809,
[task] id:25,start:0,end:0,service time:0,nodes:288,
[task] id:17,start:0,end:0,service time:0,nodes:1021,
[task] id:13,start:0,end:0,service time:0,nodes:991,
[task] id:12,start:0,end:0,service time:0,nodes:957,
[agent] id:0
path:150,182,214,215,247,279,311,312,344,376,408,409,409,409,409,409,409,409,409,409,409,409,409,409,409,409,409,409,409,409,409,409,409,409,409,409,409,409,409,409,409,409,409,409,409,409,409,409,409,409,409,409,409,409,409,409,409,
goal:409,409,409,409,409,409,409,409,409,409,409,409,409,409,409,409,409,409,409,409,409,409,409,409,409,409,409,409,409,409,409,409,409,409,409,409,409,409,409,409,409,409,409,409,409,409,409,409,409,409,409,409,409,409,409,409,409,
size:11
[agent] id:1
path:644,645,646,647,648,649,650,651,652,653,654,655,656,657,658,659,660,661,662,663,695,696,697,698,699,700,701,733,765,765,765,765,765,765,765,765,765,765,765,765,765,765,765,765,765,765,765,765,765,765,765,765,765,765,765,765,765,
goal:765,765,765,765,765,765,765,765,765,765,765,765,765,765,765,765,765,765,765,765,765,765,765,765,765,765,765,765,765,765,765,765,765,765,765,765,765,765,765,765,765,765,765,765,765,765,765,765,765,765,765,765,765,765,765,765,765,
size:28
[agent] id:2
path:344,312,311,310,342,374,406,438,470,469,501,533,565,597,629,661,693,692,691,723,755,754,786,818,850,849,848,847,846,845,844,843,842,841,840,872,872,872,872,872,872,872,872,872,872,872,872,872,872,872,872,872,872,872,872,872,872,
goal:872,872,872,872,872,872,872,872,872,872,872,872,872,872,872,872,872,872,872,872,872,872,872,872,872,872,872,872,872,872,872,872,872,872,872,872,872,872,872,872,872,872,872,872,872,872,872,872,872,872,872,872,872,872,872,872,872,
size:35
[agent] id:3
path:925,924,956,955,987,986,985,984,983,982,950,949,948,980,979,978,946,945,944,943,942,941,940,939,938,937,936,935,934,902,901,901,901,901,901,901,901,901,901,901,901,901,901,901,901,901,901,901,901,901,901,901,901,901,901,901,901,
goal:901,901,901,901,901,901,901,901,901,901,901,901,901,901,901,901,901,901,901,901,901,901,901,901,901,901,901,901,901,901,901,901,901,901,901,901,901,901,901,901,901,901,901,901,901,901,901,901,901,901,901,901,901,901,901,901,901,
size:30
[agent] id:4
path:413,381,380,379,378,377,345,313,281,280,248,216,184,152,120,88,56,24,23,22,21,20,19,18,17,17,17,17,17,17,17,17,17,17,17,17,17,17,17,17,17,17,17,17,17,17,17,17,17,17,17,17,17,17,17,17,17,
goal:17,17,17,17,17,17,17,17,17,17,17,17,17,17,17,17,17,17,17,17,17,17,17,17,17,17,17,17,17,17,17,17,17,17,17,17,17,17,17,17,17,17,17,17,17,17,17,17,17,17,17,17,17,17,17,17,17,
size:24
[agent] id:5
path:600,599,567,535,534,533,501,469,437,405,373,341,309,277,245,213,212,211,210,178,146,114,114,114,114,114,114,114,114,114,114,114,114,114,114,114,114,114,114,114,114,114,114,114,114,114,114,114,114,114,114,114,114,114,114,114,114,
goal:114,114,114,114,114,114,114,114,114,114,114,114,114,114,114,114,114,114,114,114,114,114,114,114,114,114,114,114,114,114,114,114,114,114,114,114,114,114,114,114,114,114,114,114,114,114,114,114,114,114,114,114,114,114,114,114,114,
size:21
[agent] id:6
path:408,376,344,312,280,248,216,184,185,186,187,188,189,190,191,191,191,191,191,191,191,191,191,191,191,191,191,191,191,191,191,191,191,191,191,191,191,191,191,191,191,191,191,191,191,191,191,191,191,191,191,191,191,191,191,191,191,
goal:191,191,191,191,191,191,191,191,191,191,191,191,191,191,191,191,191,191,191,191,191,191,191,191,191,191,191,191,191,191,191,191,191,191,191,191,191,191,191,191,191,191,191,191,191,191,191,191,191,191,191,191,191,191,191,191,191,
size:14
[agent] id:7
path:453,485,517,549,550,582,614,646,678,710,742,774,806,838,870,902,934,966,965,964,996,996,996,996,996,996,996,996,996,996,996,996,996,996,996,996,996,996,996,996,996,996,996,996,996,996,996,996,996,996,996,996,996,996,996,996,996,
goal:996,996,996,996,996,996,996,996,996,996,996,996,996,996,996,996,996,996,996,996,996,996,996,996,996,996,996,996,996,996,996,996,996,996,996,996,996,996,996,996,996,996,996,996,996,996,996,996,996,996,996,996,996,996,996,996,996,
size:20
[agent] id:8
path:745,713,681,649,617,618,619,620,621,589,557,525,526,527,528,529,497,465,433,401,369,337,305,273,241,209,210,211,212,213,181,182,183,184,185,186,187,187,187,187,187,187,187,187,187,187,187,187,187,187,187,187,187,187,187,187,187,
goal:187,187,187,187,187,187,187,187,187,187,187,187,187,187,187,187,187,187,187,187,187,187,187,187,187,187,187,187,187,187,187,187,187,187,187,187,187,187,187,187,187,187,187,187,187,187,187,187,187,187,187,187,187,187,187,187,187,
size:36
[agent] id:9
path:358,390,422,454,486,518,550,582,614,646,678,710,742,774,806,838,839,840,841,842,874,875,876,877,878,879,880,881,882,883,884,885,886,918,950,982,982,982,982,982,982,982,982,982,982,982,982,982,982,982,982,982,982,982,982,982,982,
goal:982,982,982,982,982,982,982,982,982,982,982,982,982,982,982,982,982,982,982,982,982,982,982,982,982,982,982,982,982,982,982,982,982,982,982,982,982,982,982,982,982,982,982,982,982,982,982,982,982,982,982,982,982,982,982,982,982,
size:35
[agent] id:10
path:545,513,514,515,516,517,518,519,520,521,522,554,555,556,524,525,526,527,528,529,497,465,433,434,435,436,437,405,406,406,406,406,406,406,406,406,406,406,406,406,406,406,406,406,406,406,406,406,406,406,406,406,406,406,406,406,406,
goal:406,406,406,406,406,406,406,406,406,406,406,406,406,406,406,406,406,406,406,406,406,406,406,406,406,406,406,406,406,406,406,406,406,406,406,406,406,406,406,406,406,406,406,406,406,406,406,406,406,406,406,406,406,406,406,406,406,
size:28
[agent] id:11
path:952,920,888,887,855,823,791,759,727,695,663,631,599,567,535,503,503,503,503,503,503,503,503,503,503,503,503,503,503,503,503,503,503,503,503,503,503,503,503,503,503,503,503,503,503,503,503,503,503,503,503,503,503,503,503,503,503,
goal:503,503,503,503,503,503,503,503,503,503,503,503,503,503,503,503,503,503,503,503,503,503,503,503,503,503,503,503,503,503,503,503,503,503,503,503,503,503,503,503,503,503,503,503,503,503,503,503,503,503,503,503,503,503,503,503,503,
size:15
[agent] id:12
path:163,162,161,193,225,257,258,290,322,354,355,356,357,389,421,453,485,517,549,550,582,614,646,647,648,649,650,651,652,653,685,686,687,688,720,721,722,723,724,725,757,758,759,791,823,855,887,919,920,952,984,985,986,987,955,956,957,
goal:957,957,957,957,957,957,957,957,957,957,957,957,957,957,957,957,957,957,957,957,957,957,957,957,957,957,957,957,957,957,957,957,957,957,957,957,957,957,957,957,957,957,957,957,957,957,957,957,957,957,957,957,957,957,957,957,957,
size:56
[agent] id:13
path:103,135,167,199,200,201,233,234,235,236,268,300,332,364,396,428,460,461,493,525,557,589,621,653,685,717,749,781,782,814,846,847,848,849,850,851,883,884,885,886,918,919,920,952,984,985,986,987,988,989,990,991,991,991,991,991,991,
goal:991,991,991,991,991,991,991,991,991,991,991,991,991,991,991,991,991,991,991,991,991,991,991,991,991,991,991,991,991,991,991,991,991,991,991,991,991,991,991,991,991,991,991,991,991,991,991,991,991,991,991,991,991,991,991,991,991,
size:51
[agent] id:14
path:520,521,489,457,458,426,394,395,396,364,332,331,330,330,330,330,330,330,330,330,330,330,330,330,330,330,330,330,330,330,330,330,330,330,330,330,330,330,330,330,330,330,330,330,330,330,330,330,330,330,330,330,330,330,330,330,330,
goal:330,330,330,330,330,330,330,330,330,330,330,330,330,330,330,330,330,330,330,330,330,330,330,330,330,330,330,330,330,330,330,330,330,330,330,330,330,330,330,330,330,330,330,330,330,330,330,330,330,330,330,330,330,330,330,330,330,
size:12
[agent] id:15
path:107,139,171,172,173,174,142,110,78,79,80,48,49,50,51,52,53,54,55,23,24,25,26,27,28,29,30,30,30,30,30,30,30,30,30,30,30,30,30,30,30,30,30,30,30,30,30,30,30,30,30,30,30,30,30,30,30,
goal:30,30,30,30,30,30,30,30,30,30,30,30,30,30,30,30,30,30,30,30,30,30,30,30,30,30,30,30,30,30,30,30,30,30,30,30,30,30,30,30,30,30,30,30,30,30,30,30,30,30,30,30,30,30,30,30,30,
size:26
[agent] id:16
path:630,598,566,534,533,501,469,437,405,373,341,309,308,307,306,274,242,241,240,239,207,206,174,173,172,140,139,138,137,136,136,136,136,136,136,136,136,136,136,136,136,136,136,136,136,136,136,136,136,136,136,136,136,136,136,136,136,
goal:136,136,136,136,136,136,136,136,136,136,136,136,136,136,136,136,136,136,136,136,136,136,136,136,136,136,136,136,136,136,136,136,136,136,136,136,136,136,136,136,136,136,136,136,136,136,136,136,136,136,136,136,136,136,136,136,136,
size:29
[agent] id:17
path:31,63,95,127,159,191,223,255,287,286,318,317,349,348,380,379,378,410,442,474,473,472,504,536,535,567,599,631,663,695,727,759,791,823,855,887,919,920,952,984,985,986,987,1019,1020,1021,1021,1021,1021,1021,1021,1021,1021,1021,1021,1021,1021,
goal:1021,1021,1021,1021,1021,1021,1021,1021,1021,1021,1021,1021,1021,1021,1021,1021,1021,1021,1021,1021,1021,1021,1021,1021,1021,1021,1021,1021,1021,1021,1021,1021,1021,1021,1021,1021,1021,1021,1021,1021,1021,1021,1021,1021,1021,1021,1021,1021,1021,1021,1021,1021,1021,1021,1021,1021,1021,
size:45
[agent] id:18
path:155,187,219,218,217,216,215,247,279,311,310,342,374,406,438,470,469,501,533,565,597,629,661,693,692,691,690,689,688,687,686,718,717,716,715,747,779,811,810,809,809,809,809,809,809,809,809,809,809,809,809,809,809,809,809,809,809,
goal:809,809,809,809,809,809,809,809,809,809,809,809,809,809,809,809,809,809,809,809,809,809,809,809,809,809,809,809,809,809,809,809,809,809,809,809,809,809,809,809,809,809,809,809,809,809,809,809,809,809,809,809,809,809,809,809,809,
size:39
[agent] id:19
path:115,114,146,178,210,242,274,306,305,337,369,401,433,465,497,498,530,530,562,594,626,658,690,722,754,786,818,850,850,882,882,882,882,882,882,882,882,882,882,882,882,882,882,882,882,882,882,882,882,882,882,882,882,882,882,882,882,
goal:882,882,882,882,882,882,882,882,882,882,882,882,882,882,882,882,882,882,882,882,882,882,882,882,882,882,882,882,882,882,882,882,882,882,882,882,882,882,882,882,882,882,882,882,882,882,882,882,882,882,882,882,882,882,882,882,882,
size:29
[agent] id:20
path:442,410,378,377,345,313,281,280,248,216,215,214,213,212,211,210,178,146,114,82,81,80,79,78,78,78,78,78,78,78,78,78,78,78,78,78,78,78,78,78,78,78,78,78,78,78,78,78,78,78,78,78,78,78,78,78,78,
goal:78,78,78,78,78,78,78,78,78,78,78,78,78,78,78,78,78,78,78,78,78,78,78,78,78,78,78,78,78,78,78,78,78,78,78,78,78,78,78,78,78,78,78,78,78,78,78,78,78,78,78,78,78,78,78,78,78,
size:23
[agent] id:21
path:766,798,797,796,795,794,793,825,824,823,855,887,886,885,884,883,915,914,946,945,944,943,942,974,1006,1005,1004,1004,1004,1004,1004,1004,1004,1004,1004,1004,1004,1004,1004,1004,1004,1004,1004,1004,1004,1004,1004,1004,1004,1004,1004,1004,1004,1004,1004,1004,1004,
goal:1004,1004,1004,1004,1004,1004,1004,1004,1004,1004,1004,1004,1004,1004,1004,1004,1004,1004,1004,1004,1004,1004,1004,1004,1004,1004,1004,1004,1004,1004,1004,1004,1004,1004,1004,1004,1004,1004,1004,1004,1004,1004,1004,1004,1004,1004,1004,1004,1004,1004,1004,1004,1004,1004,1004,1004,1004,
size:26
[agent] id:22
path:652,653,654,655,656,657,658,626,627,628,629,630,631,632,633,634,602,570,571,571,571,571,571,571,571,571,571,571,571,571,571,571,571,571,571,571,571,571,571,571,571,571,571,571,571,571,571,571,571,571,571,571,571,571,571,571,571,
goal:571,571,571,571,571,571,571,571,571,571,571,571,571,571,571,571,571,571,571,571,571,571,571,571,571,571,571,571,571,571,571,571,571,571,571,571,571,571,571,571,571,571,571,571,571,571,571,571,571,571,571,571,571,571,571,571,571,
size:18
[agent] id:23
path:858,857,825,793,792,760,728,696,664,632,600,599,567,566,565,564,563,562,561,560,559,558,557,556,555,554,553,552,551,550,549,548,548,548,548,548,548,548,548,548,548,548,548,548,548,548,548,548,548,548,548,548,548,548,548,548,548,
goal:548,548,548,548,548,548,548,548,548,548,548,548,548,548,548,548,548,548,548,548,548,548,548,548,548,548,548,548,548,548,548,548,548,548,548,548,548,548,548,548,548,548,548,548,548,548,548,548,548,548,548,548,548,548,548,548,548,
size:31
[agent] id:24
path:428,460,461,493,525,557,589,621,653,685,686,687,688,720,721,722,723,724,725,757,758,759,791,823,824,825,857,857,857,857,857,857,857,857,857,857,857,857,857,857,857,857,857,857,857,857,857,857,857,857,857,857,857,857,857,857,857,
goal:857,857,857,857,857,857,857,857,857,857,857,857,857,857,857,857,857,857,857,857,857,857,857,857,857,857,857,857,857,857,857,857,857,857,857,857,857,857,857,857,857,857,857,857,857,857,857,857,857,857,857,857,857,857,857,857,857,
size:26
[agent] id:25
path:446,414,413,381,380,379,378,377,345,313,312,311,310,309,308,307,306,305,304,303,302,301,300,268,236,235,234,233,201,200,199,231,263,262,261,260,259,258,257,256,288,288,288,288,288,288,288,288,288,288,288,288,288,288,288,288,288,
goal:288,288,288,288,288,288,288,288,288,288,288,288,288,288,288,288,288,288,288,288,288,288,288,288,288,288,288,288,288,288,288,288,288,288,288,288,288,288,288,288,288,288,288,288,288,288,288,288,288,288,288,288,288,288,288,288,288,
size:40
[agent] id:26
path:831,799,798,766,734,702,670,669,637,605,604,603,571,539,538,537,536,535,534,533,501,500,499,498,498,498,498,498,498,498,498,498,498,498,498,498,498,498,498,498,498,498,498,498,498,498,498,498,498,498,498,498,498,498,498,498,498,
goal:498,498,498,498,498,498,498,498,498,498,498,498,498,498,498,498,498,498,498,498,498,498,498,498,498,498,498,498,498,498,498,498,498,498,498,498,498,498,498,498,498,498,498,498,498,498,498,498,498,498,498,498,498,498,498,498,498,
size:23
[agent] id:27
path:548,549,550,582,614,646,678,710,742,774,806,838,870,902,934,966,998,997,997,997,997,997,997,997,997,997,997,997,997,997,997,997,997,997,997,997,997,997,997,997,997,997,997,997,997,997,997,997,997,997,997,997,997,997,997,997,997,
goal:997,997,997,997,997,997,997,997,997,997,997,997,997,997,997,997,997,997,997,997,997,997,997,997,997,997,997,997,997,997,997,997,997,997,997,997,997,997,997,997,997,997,997,997,997,997,997,997,997,997,997,997,997,997,997,997,997,
size:17
[agent] id:28
path:634,602,570,538,539,507,508,476,477,478,446,414,413,381,349,317,285,286,287,255,223,222,190,158,126,126,126,126,126,126,126,126,126,126,126,126,126,126,126,126,126,126,126,126,126,126,126,126,126,126,126,126,126,126,126,126,126,
goal:126,126,126,126,126,126,126,126,126,126,126,126,126,126,126,126,126,126,126,126,126,126,126,126,126,126,126,126,126,126,126,126,126,126,126,126,126,126,126,126,126,126,126,126,126,126,126,126,126,126,126,126,126,126,126,126,126,
size:24
[agent] id:29
path:936,904,872,840,808,776,744,712,680,648,616,584,552,520,521,489,457,458,426,394,395,396,364,332,300,301,301,301,301,301,301,301,301,301,301,301,301,301,301,301,301,301,301,301,301,301,301,301,301,301,301,301,301,301,301,301,301,
goal:301,301,301,301,301,301,301,301,301,301,301,301,301,301,301,301,301,301,301,301,301,301,301,301,301,301,301,301,301,301,301,301,301,301,301,301,301,301,301,301,301,301,301,301,301,301,301,301,301,301,301,301,301,301,301,301,301,
size:25
SolutionCost:837
