[setting] seed:5868
[solver] type:SASB-ECBS
[solver] w:2.000000
[solver] ID:0
[solver] Lowlevelnode:4534
[solver] Highlevelnode:15
[solver] ConflictCount:8
[solver] solved:1
[solver] elapsed:36
[solver] makespan:40
[problem] timesteplimit:15000
[problem] type:MAPF
[problem] agentnum:30
[graph] width:32
[graph] height:32
[graph] filename:./map/32by32_agents10_ex30.map
[task] id:24,start:0,end:0,service time:0,nodes:31,
[task] id:4,start:0,end:0,service time:0,nodes:330,
[task] id:0,start:0,end:0,service time:0,nodes:303,
[task] id:22,start:0,end:0,service time:0,nodes:846,
[task] id:10,start:0,end:0,service time:0,nodes:592,
[task] id:5,start:0,end:0,service time:0,nodes:878,
[task] id:11,start:0,end:0,service time:0,nodes:527,
[task] id:3,start:0,end:0,service time:0,nodes:558,
[task] id:18,start:0,end:0,service time:0,nodes:522,
[task] id:29,start:0,end:0,service time:0,nodes:667,
[task] id:1,start:0,end:0,service time:0,nodes:316,
[task] id:26,start:0,end:0,service time:0,nodes:573,
[task] id:7,start:0,end:0,service time:0,nodes:463,
[task] id:8,start:0,end:0,service time:0,nodes:876,
[task] id:9,start:0,end:0,service time:0,nodes:680,
[task] id:27,start:0,end:0,service time:0,nodes:936,
[task] id:12,start:0,end:0,service time:0,nodes:261,
[task] id:28,start:0,end:0,service time:0,nodes:213,
[task] id:16,start:0,end:0,service time:0,nodes:199,
[task] id:19,start:0,end:0,service time:0,nodes:276,
[task] id:25,start:0,end:0,service time:0,nodes:807,
[task] id:6,start:0,end:0,service time:0,nodes:750,
[task] id:20,start:0,end:0,service time:0,nodes:140,
[task] id:14,start:0,end:0,service time:0,nodes:313,
[task] id:17,start:0,end:0,service time:0,nodes:142,
[task] id:21,start:0,end:0,service time:0,nodes:821,
[task] id:15,start:0,end:0,service time:0,nodes:323,
[task] id:23,start:0,end:0,service time:0,nodes:293,
[task] id:2,start:0,end:0,service time:0,nodes:89,
[task] id:13,start:0,end:0,service time:0,nodes:1023,
[agent] id:0
path:77,78,110,142,174,206,207,239,271,303,303,303,303,303,303,303,303,303,303,303,303,303,303,303,303,303,303,303,303,303,303,303,303,303,303,303,303,303,303,303,303,
goal:303,303,303,303,303,303,303,303,303,303,303,303,303,303,303,303,303,303,303,303,303,303,303,303,303,303,303,303,303,303,303,303,303,303,303,303,303,303,303,303,303,
size:9
[agent] id:1
path:22,54,86,87,119,151,183,215,247,279,311,312,313,345,377,378,379,347,315,316,316,316,316,316,316,316,316,316,316,316,316,316,316,316,316,316,316,316,316,316,316,
goal:316,316,316,316,316,316,316,316,316,316,316,316,316,316,316,316,316,316,316,316,316,316,316,316,316,316,316,316,316,316,316,316,316,316,316,316,316,316,316,316,316,
size:19
[agent] id:2
path:861,860,859,858,857,825,793,792,760,728,696,664,632,600,599,567,535,503,504,472,473,441,409,377,345,313,281,280,248,216,184,152,120,88,89,89,89,89,89,89,89,
goal:89,89,89,89,89,89,89,89,89,89,89,89,89,89,89,89,89,89,89,89,89,89,89,89,89,89,89,89,89,89,89,89,89,89,89,89,89,89,89,89,89,
size:34
[agent] id:3
path:168,200,201,233,234,235,236,268,300,332,364,396,428,460,461,493,525,557,558,558,558,558,558,558,558,558,558,558,558,558,558,558,558,558,558,558,558,558,558,558,558,
goal:558,558,558,558,558,558,558,558,558,558,558,558,558,558,558,558,558,558,558,558,558,558,558,558,558,558,558,558,558,558,558,558,558,558,558,558,558,558,558,558,558,
size:18
[agent] id:4
path:234,235,236,268,300,332,331,330,330,330,330,330,330,330,330,330,330,330,330,330,330,330,330,330,330,330,330,330,330,330,330,330,330,330,330,330,330,330,330,330,330,
goal:330,330,330,330,330,330,330,330,330,330,330,330,330,330,330,330,330,330,330,330,330,330,330,330,330,330,330,330,330,330,330,330,330,330,330,330,330,330,330,330,330,
size:7
[agent] id:5
path:801,802,803,835,836,837,838,839,840,841,842,874,875,876,877,878,878,878,878,878,878,878,878,878,878,878,878,878,878,878,878,878,878,878,878,878,878,878,878,878,878,
goal:878,878,878,878,878,878,878,878,878,878,878,878,878,878,878,878,878,878,878,878,878,878,878,878,878,878,878,878,878,878,878,878,878,878,878,878,878,878,878,878,878,
size:15
[agent] id:6
path:958,926,894,893,861,860,859,858,857,825,824,823,791,759,727,726,725,693,692,691,690,689,688,687,686,718,750,750,750,750,750,750,750,750,750,750,750,750,750,750,750,
goal:750,750,750,750,750,750,750,750,750,750,750,750,750,750,750,750,750,750,750,750,750,750,750,750,750,750,750,750,750,750,750,750,750,750,750,750,750,750,750,750,750,
size:26
[agent] id:7
path:287,286,318,317,349,381,380,379,378,410,409,408,407,439,438,470,469,468,467,466,465,464,463,463,463,463,463,463,463,463,463,463,463,463,463,463,463,463,463,463,463,
goal:463,463,463,463,463,463,463,463,463,463,463,463,463,463,463,463,463,463,463,463,463,463,463,463,463,463,463,463,463,463,463,463,463,463,463,463,463,463,463,463,463,
size:22
[agent] id:8
path:463,464,465,497,529,561,593,592,591,623,655,687,686,718,717,716,715,747,779,811,843,875,876,876,876,876,876,876,876,876,876,876,876,876,876,876,876,876,876,876,876,
goal:876,876,876,876,876,876,876,876,876,876,876,876,876,876,876,876,876,876,876,876,876,876,876,876,876,876,876,876,876,876,876,876,876,876,876,876,876,876,876,876,876,
size:22
[agent] id:9
path:1012,980,979,978,946,914,882,850,849,848,847,846,814,782,750,718,717,716,715,683,682,681,680,680,680,680,680,680,680,680,680,680,680,680,680,680,680,680,680,680,680,
goal:680,680,680,680,680,680,680,680,680,680,680,680,680,680,680,680,680,680,680,680,680,680,680,680,680,680,680,680,680,680,680,680,680,680,680,680,680,680,680,680,680,
size:22
[agent] id:10
path:516,548,549,550,551,552,553,554,555,556,557,589,590,591,592,592,592,592,592,592,592,592,592,592,592,592,592,592,592,592,592,592,592,592,592,592,592,592,592,592,592,
goal:592,592,592,592,592,592,592,592,592,592,592,592,592,592,592,592,592,592,592,592,592,592,592,592,592,592,592,592,592,592,592,592,592,592,592,592,592,592,592,592,592,
size:14
[agent] id:11
path:1005,973,941,909,877,845,846,814,782,750,718,686,654,622,590,558,559,527,527,527,527,527,527,527,527,527,527,527,527,527,527,527,527,527,527,527,527,527,527,527,527,
goal:527,527,527,527,527,527,527,527,527,527,527,527,527,527,527,527,527,527,527,527,527,527,527,527,527,527,527,527,527,527,527,527,527,527,527,527,527,527,527,527,527,
size:17
[agent] id:12
path:183,215,214,213,212,211,243,242,241,240,239,207,206,205,204,203,202,201,200,199,231,263,262,261,261,261,261,261,261,261,261,261,261,261,261,261,261,261,261,261,261,
goal:261,261,261,261,261,261,261,261,261,261,261,261,261,261,261,261,261,261,261,261,261,261,261,261,261,261,261,261,261,261,261,261,261,261,261,261,261,261,261,261,261,
size:23
[agent] id:13
path:146,178,210,242,274,306,307,308,309,341,373,405,437,469,501,533,565,597,629,661,693,725,757,758,759,791,823,855,887,919,920,952,984,985,986,987,988,989,990,991,1023,
goal:1023,1023,1023,1023,1023,1023,1023,1023,1023,1023,1023,1023,1023,1023,1023,1023,1023,1023,1023,1023,1023,1023,1023,1023,1023,1023,1023,1023,1023,1023,1023,1023,1023,1023,1023,1023,1023,1023,1023,1023,1023,
size:40
[agent] id:14
path:913,881,849,850,818,786,754,722,690,658,626,594,562,563,564,565,566,534,535,503,504,472,473,441,409,377,345,313,313,313,313,313,313,313,313,313,313,313,313,313,313,
goal:313,313,313,313,313,313,313,313,313,313,313,313,313,313,313,313,313,313,313,313,313,313,313,313,313,313,313,313,313,313,313,313,313,313,313,313,313,313,313,313,313,
size:27
[agent] id:15
path:24,56,55,54,53,52,84,83,115,114,146,145,144,143,142,174,206,205,204,203,202,201,200,199,231,263,262,294,326,358,357,356,355,323,323,323,323,323,323,323,323,
goal:323,323,323,323,323,323,323,323,323,323,323,323,323,323,323,323,323,323,323,323,323,323,323,323,323,323,323,323,323,323,323,323,323,323,323,323,323,323,323,323,323,
size:33
[agent] id:16
path:741,709,677,645,613,614,582,550,518,486,454,422,390,358,326,294,262,230,229,197,165,166,167,167,199,199,199,199,199,199,199,199,199,199,199,199,199,199,199,199,199,
goal:199,199,199,199,199,199,199,199,199,199,199,199,199,199,199,199,199,199,199,199,199,199,199,199,199,199,199,199,199,199,199,199,199,199,199,199,199,199,199,199,199,
size:24
[agent] id:17
path:821,853,852,851,819,818,786,754,722,690,658,626,594,562,530,498,466,434,402,401,369,337,305,273,241,209,177,145,144,143,142,142,142,142,142,142,142,142,142,142,142,
goal:142,142,142,142,142,142,142,142,142,142,142,142,142,142,142,142,142,142,142,142,142,142,142,142,142,142,142,142,142,142,142,142,142,142,142,142,142,142,142,142,142,
size:30
[agent] id:18
path:768,736,737,705,673,641,609,577,545,513,514,515,516,517,518,519,520,521,522,522,522,522,522,522,522,522,522,522,522,522,522,522,522,522,522,522,522,522,522,522,522,
goal:522,522,522,522,522,522,522,522,522,522,522,522,522,522,522,522,522,522,522,522,522,522,522,522,522,522,522,522,522,522,522,522,522,522,522,522,522,522,522,522,522,
size:18
[agent] id:19
path:950,918,886,854,822,823,791,759,727,695,663,631,599,567,535,534,533,501,469,437,405,373,341,309,277,276,276,276,276,276,276,276,276,276,276,276,276,276,276,276,276,
goal:276,276,276,276,276,276,276,276,276,276,276,276,276,276,276,276,276,276,276,276,276,276,276,276,276,276,276,276,276,276,276,276,276,276,276,276,276,276,276,276,276,
size:25
[agent] id:20
path:840,808,776,744,712,680,648,616,584,552,520,521,489,457,458,426,394,395,396,364,332,300,268,236,204,172,140,140,140,140,140,140,140,140,140,140,140,140,140,140,140,
goal:140,140,140,140,140,140,140,140,140,140,140,140,140,140,140,140,140,140,140,140,140,140,140,140,140,140,140,140,140,140,140,140,140,140,140,140,140,140,140,140,140,
size:26
[agent] id:21
path:419,451,483,515,547,579,611,643,644,645,646,647,648,649,650,651,652,653,685,686,687,688,720,752,753,785,786,818,819,851,852,853,821,821,821,821,821,821,821,821,821,
goal:821,821,821,821,821,821,821,821,821,821,821,821,821,821,821,821,821,821,821,821,821,821,821,821,821,821,821,821,821,821,821,821,821,821,821,821,821,821,821,821,821,
size:32
[agent] id:22
path:647,679,711,743,775,807,839,840,841,842,843,844,845,846,846,846,846,846,846,846,846,846,846,846,846,846,846,846,846,846,846,846,846,846,846,846,846,846,846,846,846,
goal:846,846,846,846,846,846,846,846,846,846,846,846,846,846,846,846,846,846,846,846,846,846,846,846,846,846,846,846,846,846,846,846,846,846,846,846,846,846,846,846,846,
size:13
[agent] id:23
path:636,635,634,633,632,600,599,567,566,565,564,563,531,530,529,528,527,526,494,493,461,429,397,396,395,394,393,392,391,359,358,326,294,293,293,293,293,293,293,293,293,
goal:293,293,293,293,293,293,293,293,293,293,293,293,293,293,293,293,293,293,293,293,293,293,293,293,293,293,293,293,293,293,293,293,293,293,293,293,293,293,293,293,293,
size:33
[agent] id:24
path:60,28,29,30,31,31,31,31,31,31,31,31,31,31,31,31,31,31,31,31,31,31,31,31,31,31,31,31,31,31,31,31,31,31,31,31,31,31,31,31,31,
goal:31,31,31,31,31,31,31,31,31,31,31,31,31,31,31,31,31,31,31,31,31,31,31,31,31,31,31,31,31,31,31,31,31,31,31,31,31,31,31,31,31,
size:4
[agent] id:25
path:193,225,257,258,290,322,354,355,356,357,389,421,453,485,517,549,550,582,614,646,678,710,742,774,806,807,807,807,807,807,807,807,807,807,807,807,807,807,807,807,807,
goal:807,807,807,807,807,807,807,807,807,807,807,807,807,807,807,807,807,807,807,807,807,807,807,807,807,807,807,807,807,807,807,807,807,807,807,807,807,807,807,807,807,
size:25
[agent] id:26
path:986,987,955,956,924,892,893,894,895,863,831,799,798,766,734,702,670,669,637,605,573,573,573,573,573,573,573,573,573,573,573,573,573,573,573,573,573,573,573,573,573,
goal:573,573,573,573,573,573,573,573,573,573,573,573,573,573,573,573,573,573,573,573,573,573,573,573,573,573,573,573,573,573,573,573,573,573,573,573,573,573,573,573,573,
size:20
[agent] id:27
path:356,357,389,421,453,485,517,549,550,582,614,646,678,710,742,774,806,838,870,902,934,935,936,936,936,936,936,936,936,936,936,936,936,936,936,936,936,936,936,936,936,
goal:936,936,936,936,936,936,936,936,936,936,936,936,936,936,936,936,936,936,936,936,936,936,936,936,936,936,936,936,936,936,936,936,936,936,936,936,936,936,936,936,936,
size:22
[agent] id:28
path:606,605,604,603,571,539,538,537,536,535,534,533,501,500,468,436,437,405,373,341,309,277,245,213,213,213,213,213,213,213,213,213,213,213,213,213,213,213,213,213,213,
goal:213,213,213,213,213,213,213,213,213,213,213,213,213,213,213,213,213,213,213,213,213,213,213,213,213,213,213,213,213,213,213,213,213,213,213,213,213,213,213,213,213,
size:23
[agent] id:29
path:310,342,374,406,407,408,409,441,473,472,504,536,537,569,570,602,634,635,667,667,667,667,667,667,667,667,667,667,667,667,667,667,667,667,667,667,667,667,667,667,667,
goal:667,667,667,667,667,667,667,667,667,667,667,667,667,667,667,667,667,667,667,667,667,667,667,667,667,667,667,667,667,667,667,667,667,667,667,667,667,667,667,667,667,
size:18
SolutionCost:661
