[setting] seed:4848
[solver] type:SASB-ECBS
[solver] w:2.000000
[solver] ID:0
[solver] Lowlevelnode:9669
[solver] Highlevelnode:17
[solver] ConflictCount:9
[solver] solved:1
[solver] elapsed:58
[solver] makespan:52
[problem] timesteplimit:15000
[problem] type:MAPF
[problem] agentnum:30
[graph] width:32
[graph] height:32
[graph] filename:./map/32by32_agents10_ex30.map
[task] id:5,start:0,end:0,service time:0,nodes:692,
[task] id:23,start:0,end:0,service time:0,nodes:797,
[task] id:14,start:0,end:0,service time:0,nodes:369,
[task] id:20,start:0,end:0,service time:0,nodes:726,
[task] id:22,start:0,end:0,service time:0,nodes:750,
[task] id:18,start:0,end:0,service time:0,nodes:823,
[task] id:6,start:0,end:0,service time:0,nodes:449,
[task] id:17,start:0,end:0,service time:0,nodes:86,
[task] id:2,start:0,end:0,service time:0,nodes:621,
[task] id:3,start:0,end:0,service time:0,nodes:400,
[task] id:11,start:0,end:0,service time:0,nodes:218,
[task] id:21,start:0,end:0,service time:0,nodes:701,
[task] id:16,start:0,end:0,service time:0,nodes:687,
[task] id:28,start:0,end:0,service time:0,nodes:257,
[task] id:8,start:0,end:0,service time:0,nodes:499,
[task] id:19,start:0,end:0,service time:0,nodes:376,
[task] id:15,start:0,end:0,service time:0,nodes:801,
[task] id:1,start:0,end:0,service time:0,nodes:236,
[task] id:26,start:0,end:0,service time:0,nodes:485,
[task] id:24,start:0,end:0,service time:0,nodes:603,
[task] id:9,start:0,end:0,service time:0,nodes:664,
[task] id:0,start:0,end:0,service time:0,nodes:931,
[task] id:10,start:0,end:0,service time:0,nodes:967,
[task] id:29,start:0,end:0,service time:0,nodes:110,
[task] id:4,start:0,end:0,service time:0,nodes:19,
[task] id:7,start:0,end:0,service time:0,nodes:673,
[task] id:13,start:0,end:0,service time:0,nodes:478,
[task] id:25,start:0,end:0,service time:0,nodes:606,
[task] id:27,start:0,end:0,service time:0,nodes:987,
[task] id:12,start:0,end:0,service time:0,nodes:1023,
[agent] id:0
path:955,987,986,985,984,983,982,950,949,948,980,979,978,946,945,944,943,942,941,940,939,938,937,936,935,934,933,901,900,899,931,931,931,931,931,931,931,931,931,931,931,931,931,931,931,931,931,931,931,931,931,931,931,
goal:931,931,931,931,931,931,931,931,931,931,931,931,931,931,931,931,931,931,931,931,931,931,931,931,931,931,931,931,931,931,931,931,931,931,931,931,931,931,931,931,931,931,931,931,931,931,931,931,931,931,931,931,931,
size:30
[agent] id:1
path:754,722,690,658,626,594,562,530,529,528,527,526,494,493,461,429,397,396,364,332,300,268,236,236,236,236,236,236,236,236,236,236,236,236,236,236,236,236,236,236,236,236,236,236,236,236,236,236,236,236,236,236,236,
goal:236,236,236,236,236,236,236,236,236,236,236,236,236,236,236,236,236,236,236,236,236,236,236,236,236,236,236,236,236,236,236,236,236,236,236,236,236,236,236,236,236,236,236,236,236,236,236,236,236,236,236,236,236,
size:22
[agent] id:2
path:632,631,630,629,628,627,626,594,593,592,591,623,622,621,621,621,621,621,621,621,621,621,621,621,621,621,621,621,621,621,621,621,621,621,621,621,621,621,621,621,621,621,621,621,621,621,621,621,621,621,621,621,621,
goal:621,621,621,621,621,621,621,621,621,621,621,621,621,621,621,621,621,621,621,621,621,621,621,621,621,621,621,621,621,621,621,621,621,621,621,621,621,621,621,621,621,621,621,621,621,621,621,621,621,621,621,621,621,
size:13
[agent] id:3
path:661,629,597,565,533,501,469,437,436,435,403,402,401,400,400,400,400,400,400,400,400,400,400,400,400,400,400,400,400,400,400,400,400,400,400,400,400,400,400,400,400,400,400,400,400,400,400,400,400,400,400,400,400,
goal:400,400,400,400,400,400,400,400,400,400,400,400,400,400,400,400,400,400,400,400,400,400,400,400,400,400,400,400,400,400,400,400,400,400,400,400,400,400,400,400,400,400,400,400,400,400,400,400,400,400,400,400,400,
size:13
[agent] id:4
path:735,703,671,639,607,606,605,604,603,571,539,538,537,536,535,534,533,501,469,437,405,373,341,309,277,245,213,212,211,210,178,146,114,82,50,18,19,19,19,19,19,19,19,19,19,19,19,19,19,19,19,19,19,
goal:19,19,19,19,19,19,19,19,19,19,19,19,19,19,19,19,19,19,19,19,19,19,19,19,19,19,19,19,19,19,19,19,19,19,19,19,19,19,19,19,19,19,19,19,19,19,19,19,19,19,19,19,19,
size:36
[agent] id:5
path:663,662,661,693,692,692,692,692,692,692,692,692,692,692,692,692,692,692,692,692,692,692,692,692,692,692,692,692,692,692,692,692,692,692,692,692,692,692,692,692,692,692,692,692,692,692,692,692,692,692,692,692,692,
goal:692,692,692,692,692,692,692,692,692,692,692,692,692,692,692,692,692,692,692,692,692,692,692,692,692,692,692,692,692,692,692,692,692,692,692,692,692,692,692,692,692,692,692,692,692,692,692,692,692,692,692,692,692,
size:4
[agent] id:6
path:262,294,326,358,390,422,454,453,452,451,450,449,449,449,449,449,449,449,449,449,449,449,449,449,449,449,449,449,449,449,449,449,449,449,449,449,449,449,449,449,449,449,449,449,449,449,449,449,449,449,449,449,449,
goal:449,449,449,449,449,449,449,449,449,449,449,449,449,449,449,449,449,449,449,449,449,449,449,449,449,449,449,449,449,449,449,449,449,449,449,449,449,449,449,449,449,449,449,449,449,449,449,449,449,449,449,449,449,
size:11
[agent] id:7
path:509,508,540,539,571,603,635,634,633,632,631,630,629,628,627,626,594,593,592,591,623,622,654,653,652,651,650,649,648,647,646,645,644,643,642,641,673,673,673,673,673,673,673,673,673,673,673,673,673,673,673,673,673,
goal:673,673,673,673,673,673,673,673,673,673,673,673,673,673,673,673,673,673,673,673,673,673,673,673,673,673,673,673,673,673,673,673,673,673,673,673,673,673,673,673,673,673,673,673,673,673,673,673,673,673,673,673,673,
size:36
[agent] id:8
path:140,172,204,236,268,300,301,302,334,366,367,399,431,463,464,465,497,498,499,499,499,499,499,499,499,499,499,499,499,499,499,499,499,499,499,499,499,499,499,499,499,499,499,499,499,499,499,499,499,499,499,499,499,
goal:499,499,499,499,499,499,499,499,499,499,499,499,499,499,499,499,499,499,499,499,499,499,499,499,499,499,499,499,499,499,499,499,499,499,499,499,499,499,499,499,499,499,499,499,499,499,499,499,499,499,499,499,499,
size:18
[agent] id:9
path:418,450,482,514,515,547,579,611,643,644,645,646,647,648,649,650,651,652,653,654,655,656,657,658,659,660,661,662,663,664,664,664,664,664,664,664,664,664,664,664,664,664,664,664,664,664,664,664,664,664,664,664,664,
goal:664,664,664,664,664,664,664,664,664,664,664,664,664,664,664,664,664,664,664,664,664,664,664,664,664,664,664,664,664,664,664,664,664,664,664,664,664,664,664,664,664,664,664,664,664,664,664,664,664,664,664,664,664,
size:29
[agent] id:10
path:799,798,797,796,795,794,793,825,824,823,855,887,886,885,884,883,915,914,946,945,944,943,942,941,940,939,938,937,936,935,967,967,967,967,967,967,967,967,967,967,967,967,967,967,967,967,967,967,967,967,967,967,967,
goal:967,967,967,967,967,967,967,967,967,967,967,967,967,967,967,967,967,967,967,967,967,967,967,967,967,967,967,967,967,967,967,967,967,967,967,967,967,967,967,967,967,967,967,967,967,967,967,967,967,967,967,967,967,
size:30
[agent] id:11
path:174,206,207,239,240,241,209,210,211,212,213,214,215,216,217,218,218,218,218,218,218,218,218,218,218,218,218,218,218,218,218,218,218,218,218,218,218,218,218,218,218,218,218,218,218,218,218,218,218,218,218,218,218,
goal:218,218,218,218,218,218,218,218,218,218,218,218,218,218,218,218,218,218,218,218,218,218,218,218,218,218,218,218,218,218,218,218,218,218,218,218,218,218,218,218,218,218,218,218,218,218,218,218,218,218,218,218,218,
size:15
[agent] id:12
path:328,296,264,263,262,294,326,358,390,422,454,486,518,550,551,552,553,554,555,556,557,589,590,622,654,655,656,688,720,721,722,723,724,725,757,758,759,791,792,824,825,857,858,859,860,892,924,956,988,989,990,991,1023,
goal:1023,1023,1023,1023,1023,1023,1023,1023,1023,1023,1023,1023,1023,1023,1023,1023,1023,1023,1023,1023,1023,1023,1023,1023,1023,1023,1023,1023,1023,1023,1023,1023,1023,1023,1023,1023,1023,1023,1023,1023,1023,1023,1023,1023,1023,1023,1023,1023,1023,1023,1023,1023,1023,
size:52
[agent] id:13
path:770,738,706,707,708,676,644,612,613,614,582,550,551,552,553,554,555,556,557,558,559,560,561,562,563,564,565,533,534,535,536,537,538,539,507,508,476,477,478,478,478,478,478,478,478,478,478,478,478,478,478,478,478,
goal:478,478,478,478,478,478,478,478,478,478,478,478,478,478,478,478,478,478,478,478,478,478,478,478,478,478,478,478,478,478,478,478,478,478,478,478,478,478,478,478,478,478,478,478,478,478,478,478,478,478,478,478,478,
size:38
[agent] id:14
path:526,527,528,529,497,465,433,401,369,369,369,369,369,369,369,369,369,369,369,369,369,369,369,369,369,369,369,369,369,369,369,369,369,369,369,369,369,369,369,369,369,369,369,369,369,369,369,369,369,369,369,369,369,
goal:369,369,369,369,369,369,369,369,369,369,369,369,369,369,369,369,369,369,369,369,369,369,369,369,369,369,369,369,369,369,369,369,369,369,369,369,369,369,369,369,369,369,369,369,369,369,369,369,369,369,369,369,369,
size:8
[agent] id:15
path:358,390,422,454,486,518,550,582,614,646,678,710,742,774,806,805,804,803,802,801,801,801,801,801,801,801,801,801,801,801,801,801,801,801,801,801,801,801,801,801,801,801,801,801,801,801,801,801,801,801,801,801,801,
goal:801,801,801,801,801,801,801,801,801,801,801,801,801,801,801,801,801,801,801,801,801,801,801,801,801,801,801,801,801,801,801,801,801,801,801,801,801,801,801,801,801,801,801,801,801,801,801,801,801,801,801,801,801,
size:19
[agent] id:16
path:569,537,536,535,567,599,631,663,662,661,660,659,691,690,689,688,687,687,687,687,687,687,687,687,687,687,687,687,687,687,687,687,687,687,687,687,687,687,687,687,687,687,687,687,687,687,687,687,687,687,687,687,687,
goal:687,687,687,687,687,687,687,687,687,687,687,687,687,687,687,687,687,687,687,687,687,687,687,687,687,687,687,687,687,687,687,687,687,687,687,687,687,687,687,687,687,687,687,687,687,687,687,687,687,687,687,687,687,
size:16
[agent] id:17
path:376,344,312,280,248,216,184,152,120,88,87,86,86,86,86,86,86,86,86,86,86,86,86,86,86,86,86,86,86,86,86,86,86,86,86,86,86,86,86,86,86,86,86,86,86,86,86,86,86,86,86,86,86,
goal:86,86,86,86,86,86,86,86,86,86,86,86,86,86,86,86,86,86,86,86,86,86,86,86,86,86,86,86,86,86,86,86,86,86,86,86,86,86,86,86,86,86,86,86,86,86,86,86,86,86,86,86,86,
size:11
[agent] id:18
path:701,733,765,797,796,795,794,793,825,824,823,823,823,823,823,823,823,823,823,823,823,823,823,823,823,823,823,823,823,823,823,823,823,823,823,823,823,823,823,823,823,823,823,823,823,823,823,823,823,823,823,823,823,
goal:823,823,823,823,823,823,823,823,823,823,823,823,823,823,823,823,823,823,823,823,823,823,823,823,823,823,823,823,823,823,823,823,823,823,823,823,823,823,823,823,823,823,823,823,823,823,823,823,823,823,823,823,823,
size:10
[agent] id:19
path:793,792,760,728,696,664,632,600,599,567,535,503,504,472,473,441,409,377,376,376,376,376,376,376,376,376,376,376,376,376,376,376,376,376,376,376,376,376,376,376,376,376,376,376,376,376,376,376,376,376,376,376,376,
goal:376,376,376,376,376,376,376,376,376,376,376,376,376,376,376,376,376,376,376,376,376,376,376,376,376,376,376,376,376,376,376,376,376,376,376,376,376,376,376,376,376,376,376,376,376,376,376,376,376,376,376,376,376,
size:18
[agent] id:20
path:534,566,598,630,662,661,693,725,726,726,726,726,726,726,726,726,726,726,726,726,726,726,726,726,726,726,726,726,726,726,726,726,726,726,726,726,726,726,726,726,726,726,726,726,726,726,726,726,726,726,726,726,726,
goal:726,726,726,726,726,726,726,726,726,726,726,726,726,726,726,726,726,726,726,726,726,726,726,726,726,726,726,726,726,726,726,726,726,726,726,726,726,726,726,726,726,726,726,726,726,726,726,726,726,726,726,726,726,
size:8
[agent] id:21
path:409,441,473,472,504,536,537,569,570,602,634,635,667,699,700,701,701,701,701,701,701,701,701,701,701,701,701,701,701,701,701,701,701,701,701,701,701,701,701,701,701,701,701,701,701,701,701,701,701,701,701,701,701,
goal:701,701,701,701,701,701,701,701,701,701,701,701,701,701,701,701,701,701,701,701,701,701,701,701,701,701,701,701,701,701,701,701,701,701,701,701,701,701,701,701,701,701,701,701,701,701,701,701,701,701,701,701,701,
size:15
[agent] id:22
path:840,841,842,843,844,845,846,814,782,750,750,750,750,750,750,750,750,750,750,750,750,750,750,750,750,750,750,750,750,750,750,750,750,750,750,750,750,750,750,750,750,750,750,750,750,750,750,750,750,750,750,750,750,
goal:750,750,750,750,750,750,750,750,750,750,750,750,750,750,750,750,750,750,750,750,750,750,750,750,750,750,750,750,750,750,750,750,750,750,750,750,750,750,750,750,750,750,750,750,750,750,750,750,750,750,750,750,750,
size:9
[agent] id:23
path:668,700,701,733,765,797,797,797,797,797,797,797,797,797,797,797,797,797,797,797,797,797,797,797,797,797,797,797,797,797,797,797,797,797,797,797,797,797,797,797,797,797,797,797,797,797,797,797,797,797,797,797,797,
goal:797,797,797,797,797,797,797,797,797,797,797,797,797,797,797,797,797,797,797,797,797,797,797,797,797,797,797,797,797,797,797,797,797,797,797,797,797,797,797,797,797,797,797,797,797,797,797,797,797,797,797,797,797,
size:5
[agent] id:24
path:741,709,677,645,646,647,648,649,650,651,652,653,654,655,656,657,658,626,627,628,629,630,631,632,633,634,602,603,603,603,603,603,603,603,603,603,603,603,603,603,603,603,603,603,603,603,603,603,603,603,603,603,603,
goal:603,603,603,603,603,603,603,603,603,603,603,603,603,603,603,603,603,603,603,603,603,603,603,603,603,603,603,603,603,603,603,603,603,603,603,603,603,603,603,603,603,603,603,603,603,603,603,603,603,603,603,603,603,
size:27
[agent] id:25
path:74,106,138,139,171,203,235,236,268,300,301,302,334,366,367,399,431,463,464,465,466,467,468,500,501,533,534,535,536,537,569,570,602,634,635,636,604,605,606,606,606,606,606,606,606,606,606,606,606,606,606,606,606,
goal:606,606,606,606,606,606,606,606,606,606,606,606,606,606,606,606,606,606,606,606,606,606,606,606,606,606,606,606,606,606,606,606,606,606,606,606,606,606,606,606,606,606,606,606,606,606,606,606,606,606,606,606,606,
size:38
[agent] id:26
path:883,851,819,818,786,754,722,690,689,688,687,686,685,653,652,620,619,618,617,616,584,552,520,519,487,486,485,485,485,485,485,485,485,485,485,485,485,485,485,485,485,485,485,485,485,485,485,485,485,485,485,485,485,
goal:485,485,485,485,485,485,485,485,485,485,485,485,485,485,485,485,485,485,485,485,485,485,485,485,485,485,485,485,485,485,485,485,485,485,485,485,485,485,485,485,485,485,485,485,485,485,485,485,485,485,485,485,485,
size:26
[agent] id:27
path:28,60,92,91,123,155,187,219,218,217,216,248,280,312,344,376,408,409,441,473,472,504,536,535,567,599,631,663,695,727,759,791,792,824,825,857,858,859,860,892,924,956,988,987,987,987,987,987,987,987,987,987,987,
goal:987,987,987,987,987,987,987,987,987,987,987,987,987,987,987,987,987,987,987,987,987,987,987,987,987,987,987,987,987,987,987,987,987,987,987,987,987,987,987,987,987,987,987,987,987,987,987,987,987,987,987,987,987,
size:43
[agent] id:28
path:96,64,65,66,67,68,69,101,133,165,197,229,261,260,259,258,257,257,257,257,257,257,257,257,257,257,257,257,257,257,257,257,257,257,257,257,257,257,257,257,257,257,257,257,257,257,257,257,257,257,257,257,257,
goal:257,257,257,257,257,257,257,257,257,257,257,257,257,257,257,257,257,257,257,257,257,257,257,257,257,257,257,257,257,257,257,257,257,257,257,257,257,257,257,257,257,257,257,257,257,257,257,257,257,257,257,257,257,
size:16
[agent] id:29
path:816,848,847,846,814,782,750,718,686,654,622,590,558,526,494,493,461,429,397,396,364,332,300,268,269,270,271,239,207,206,174,142,110,110,110,110,110,110,110,110,110,110,110,110,110,110,110,110,110,110,110,110,110,
goal:110,110,110,110,110,110,110,110,110,110,110,110,110,110,110,110,110,110,110,110,110,110,110,110,110,110,110,110,110,110,110,110,110,110,110,110,110,110,110,110,110,110,110,110,110,110,110,110,110,110,110,110,110,
size:32
SolutionCost:648
