[setting] seed:4518
[solver] type:SASB-ECBS
[solver] w:2.000000
[solver] ID:0
[solver] Lowlevelnode:10505
[solver] Highlevelnode:17
[solver] ConflictCount:9
[solver] solved:1
[solver] elapsed:61
[solver] makespan:45
[problem] timesteplimit:15000
[problem] type:MAPF
[problem] agentnum:30
[graph] width:32
[graph] height:32
[graph] filename:./map/32by32_agents10_ex30.map
[task] id:8,start:0,end:0,service time:0,nodes:359,
[task] id:0,start:0,end:0,service time:0,nodes:592,
[task] id:24,start:0,end:0,service time:0,nodes:53,
[task] id:9,start:0,end:0,service time:0,nodes:551,
[task] id:22,start:0,end:0,service time:0,nodes:423,
[task] id:4,start:0,end:0,service time:0,nodes:432,
[task] id:13,start:0,end:0,service time:0,nodes:487,
[task] id:25,start:0,end:0,service time:0,nodes:136,
[task] id:7,start:0,end:0,service time:0,nodes:271,
[task] id:16,start:0,end:0,service time:0,nodes:648,
[task] id:2,start:0,end:0,service time:0,nodes:373,
[task] id:10,start:0,end:0,service time:0,nodes:847,
[task] id:1,start:0,end:0,service time:0,nodes:636,
[task] id:19,start:0,end:0,service time:0,nodes:381,
[task] id:5,start:0,end:0,service time:0,nodes:1012,
[task] id:6,start:0,end:0,service time:0,nodes:27,
[task] id:27,start:0,end:0,service time:0,nodes:158,
[task] id:15,start:0,end:0,service time:0,nodes:969,
[task] id:28,start:0,end:0,service time:0,nodes:409,
[task] id:29,start:0,end:0,service time:0,nodes:721,
[task] id:26,start:0,end:0,service time:0,nodes:509,
[task] id:21,start:0,end:0,service time:0,nodes:140,
[task] id:11,start:0,end:0,service time:0,nodes:190,
[task] id:17,start:0,end:0,service time:0,nodes:66,
[task] id:3,start:0,end:0,service time:0,nodes:641,
[task] id:12,start:0,end:0,service time:0,nodes:816,
[task] id:23,start:0,end:0,service time:0,nodes:807,
[task] id:18,start:0,end:0,service time:0,nodes:860,
[task] id:14,start:0,end:0,service time:0,nodes:940,
[task] id:20,start:0,end:0,service time:0,nodes:378,
[agent] id:0
path:652,620,621,589,590,591,592,592,592,592,592,592,592,592,592,592,592,592,592,592,592,592,592,592,592,592,592,592,592,592,592,592,592,592,592,592,592,592,592,592,592,592,592,592,592,592,
goal:592,592,592,592,592,592,592,592,592,592,592,592,592,592,592,592,592,592,592,592,592,592,592,592,592,592,592,592,592,592,592,592,592,592,592,592,592,592,592,592,592,592,592,592,592,592,
size:6
[agent] id:1
path:281,313,345,377,409,441,473,472,504,536,537,569,570,602,634,635,636,636,636,636,636,636,636,636,636,636,636,636,636,636,636,636,636,636,636,636,636,636,636,636,636,636,636,636,636,636,
goal:636,636,636,636,636,636,636,636,636,636,636,636,636,636,636,636,636,636,636,636,636,636,636,636,636,636,636,636,636,636,636,636,636,636,636,636,636,636,636,636,636,636,636,636,636,636,
size:16
[agent] id:2
path:590,558,526,527,528,529,497,465,433,434,435,436,437,405,373,373,373,373,373,373,373,373,373,373,373,373,373,373,373,373,373,373,373,373,373,373,373,373,373,373,373,373,373,373,373,373,
goal:373,373,373,373,373,373,373,373,373,373,373,373,373,373,373,373,373,373,373,373,373,373,373,373,373,373,373,373,373,373,373,373,373,373,373,373,373,373,373,373,373,373,373,373,373,373,
size:14
[agent] id:3
path:766,734,702,701,700,699,698,697,696,664,663,662,661,660,659,658,657,656,655,654,653,652,651,650,649,681,680,679,647,646,645,644,643,642,641,641,641,641,641,641,641,641,641,641,641,641,
goal:641,641,641,641,641,641,641,641,641,641,641,641,641,641,641,641,641,641,641,641,641,641,641,641,641,641,641,641,641,641,641,641,641,641,641,641,641,641,641,641,641,641,641,641,641,641,
size:34
[agent] id:4
path:205,206,207,239,271,303,304,336,368,400,432,432,432,432,432,432,432,432,432,432,432,432,432,432,432,432,432,432,432,432,432,432,432,432,432,432,432,432,432,432,432,432,432,432,432,432,
goal:432,432,432,432,432,432,432,432,432,432,432,432,432,432,432,432,432,432,432,432,432,432,432,432,432,432,432,432,432,432,432,432,432,432,432,432,432,432,432,432,432,432,432,432,432,432,
size:10
[agent] id:5
path:964,965,966,967,935,936,937,938,939,940,941,942,943,944,945,946,978,979,980,1012,1012,1012,1012,1012,1012,1012,1012,1012,1012,1012,1012,1012,1012,1012,1012,1012,1012,1012,1012,1012,1012,1012,1012,1012,1012,1012,
goal:1012,1012,1012,1012,1012,1012,1012,1012,1012,1012,1012,1012,1012,1012,1012,1012,1012,1012,1012,1012,1012,1012,1012,1012,1012,1012,1012,1012,1012,1012,1012,1012,1012,1012,1012,1012,1012,1012,1012,1012,1012,1012,1012,1012,1012,1012,
size:19
[agent] id:6
path:206,174,142,110,78,79,80,48,49,17,18,19,20,21,22,23,24,25,26,27,27,27,27,27,27,27,27,27,27,27,27,27,27,27,27,27,27,27,27,27,27,27,27,27,27,27,
goal:27,27,27,27,27,27,27,27,27,27,27,27,27,27,27,27,27,27,27,27,27,27,27,27,27,27,27,27,27,27,27,27,27,27,27,27,27,27,27,27,27,27,27,27,27,27,
size:19
[agent] id:7
path:217,216,215,214,213,212,211,243,242,241,240,239,271,271,271,271,271,271,271,271,271,271,271,271,271,271,271,271,271,271,271,271,271,271,271,271,271,271,271,271,271,271,271,271,271,271,
goal:271,271,271,271,271,271,271,271,271,271,271,271,271,271,271,271,271,271,271,271,271,271,271,271,271,271,271,271,271,271,271,271,271,271,271,271,271,271,271,271,271,271,271,271,271,271,
size:12
[agent] id:8
path:390,358,359,359,359,359,359,359,359,359,359,359,359,359,359,359,359,359,359,359,359,359,359,359,359,359,359,359,359,359,359,359,359,359,359,359,359,359,359,359,359,359,359,359,359,359,
goal:359,359,359,359,359,359,359,359,359,359,359,359,359,359,359,359,359,359,359,359,359,359,359,359,359,359,359,359,359,359,359,359,359,359,359,359,359,359,359,359,359,359,359,359,359,359,
size:2
[agent] id:9
path:714,682,650,618,617,616,584,552,551,551,551,551,551,551,551,551,551,551,551,551,551,551,551,551,551,551,551,551,551,551,551,551,551,551,551,551,551,551,551,551,551,551,551,551,551,551,
goal:551,551,551,551,551,551,551,551,551,551,551,551,551,551,551,551,551,551,551,551,551,551,551,551,551,551,551,551,551,551,551,551,551,551,551,551,551,551,551,551,551,551,551,551,551,551,
size:8
[agent] id:10
path:615,647,679,711,743,775,807,839,840,841,842,843,844,845,846,847,847,847,847,847,847,847,847,847,847,847,847,847,847,847,847,847,847,847,847,847,847,847,847,847,847,847,847,847,847,847,
goal:847,847,847,847,847,847,847,847,847,847,847,847,847,847,847,847,847,847,847,847,847,847,847,847,847,847,847,847,847,847,847,847,847,847,847,847,847,847,847,847,847,847,847,847,847,847,
size:15
[agent] id:11
path:723,691,659,627,628,596,564,565,533,501,469,437,405,373,341,309,277,245,213,181,182,183,184,185,186,187,188,189,190,190,190,190,190,190,190,190,190,190,190,190,190,190,190,190,190,190,
goal:190,190,190,190,190,190,190,190,190,190,190,190,190,190,190,190,190,190,190,190,190,190,190,190,190,190,190,190,190,190,190,190,190,190,190,190,190,190,190,190,190,190,190,190,190,190,
size:28
[agent] id:12
path:7,39,71,103,135,167,199,200,201,233,234,235,236,268,300,332,364,396,428,460,461,493,525,557,589,621,653,685,717,749,781,782,814,846,878,879,880,848,816,816,816,816,816,816,816,816,
goal:816,816,816,816,816,816,816,816,816,816,816,816,816,816,816,816,816,816,816,816,816,816,816,816,816,816,816,816,816,816,816,816,816,816,816,816,816,816,816,816,816,816,816,816,816,816,
size:38
[agent] id:13
path:741,709,677,645,613,614,582,550,518,486,487,487,487,487,487,487,487,487,487,487,487,487,487,487,487,487,487,487,487,487,487,487,487,487,487,487,487,487,487,487,487,487,487,487,487,487,
goal:487,487,487,487,487,487,487,487,487,487,487,487,487,487,487,487,487,487,487,487,487,487,487,487,487,487,487,487,487,487,487,487,487,487,487,487,487,487,487,487,487,487,487,487,487,487,
size:10
[agent] id:14
path:126,158,190,189,188,187,219,218,217,216,248,280,279,311,310,342,374,406,438,470,469,501,533,565,597,629,661,693,692,691,723,755,754,786,818,850,882,914,946,945,944,943,942,941,940,940,
goal:940,940,940,940,940,940,940,940,940,940,940,940,940,940,940,940,940,940,940,940,940,940,940,940,940,940,940,940,940,940,940,940,940,940,940,940,940,940,940,940,940,940,940,940,940,940,
size:44
[agent] id:15
path:512,544,576,577,609,641,673,705,737,738,770,802,803,835,867,899,900,901,933,934,935,936,937,969,969,969,969,969,969,969,969,969,969,969,969,969,969,969,969,969,969,969,969,969,969,969,
goal:969,969,969,969,969,969,969,969,969,969,969,969,969,969,969,969,969,969,969,969,969,969,969,969,969,969,969,969,969,969,969,969,969,969,969,969,969,969,969,969,969,969,969,969,969,969,
size:23
[agent] id:16
path:801,802,770,738,706,707,708,676,644,645,646,647,648,648,648,648,648,648,648,648,648,648,648,648,648,648,648,648,648,648,648,648,648,648,648,648,648,648,648,648,648,648,648,648,648,648,
goal:648,648,648,648,648,648,648,648,648,648,648,648,648,648,648,648,648,648,648,648,648,648,648,648,648,648,648,648,648,648,648,648,648,648,648,648,648,648,648,648,648,648,648,648,648,648,
size:12
[agent] id:17
path:904,872,840,808,776,744,712,680,648,616,584,552,520,519,518,486,454,422,390,358,326,294,262,230,229,197,165,133,101,69,68,67,66,66,66,66,66,66,66,66,66,66,66,66,66,66,
goal:66,66,66,66,66,66,66,66,66,66,66,66,66,66,66,66,66,66,66,66,66,66,66,66,66,66,66,66,66,66,66,66,66,66,66,66,66,66,66,66,66,66,66,66,66,66,
size:32
[agent] id:18
path:75,107,139,171,203,235,236,268,300,332,364,396,428,460,461,493,525,557,589,621,622,654,655,656,657,658,690,722,723,724,725,757,758,759,791,823,824,825,857,858,859,860,860,860,860,860,
goal:860,860,860,860,860,860,860,860,860,860,860,860,860,860,860,860,860,860,860,860,860,860,860,860,860,860,860,860,860,860,860,860,860,860,860,860,860,860,860,860,860,860,860,860,860,860,
size:41
[agent] id:19
path:631,632,633,634,602,570,538,539,507,508,476,477,478,446,414,413,381,381,381,381,381,381,381,381,381,381,381,381,381,381,381,381,381,381,381,381,381,381,381,381,381,381,381,381,381,381,
goal:381,381,381,381,381,381,381,381,381,381,381,381,381,381,381,381,381,381,381,381,381,381,381,381,381,381,381,381,381,381,381,381,381,381,381,381,381,381,381,381,381,381,381,381,381,381,
size:16
[agent] id:20
path:960,928,929,930,898,866,867,835,803,771,739,707,708,676,644,612,613,614,582,583,584,552,553,554,555,556,524,525,526,527,528,529,497,465,433,434,435,436,437,405,406,374,375,376,377,378,
goal:378,378,378,378,378,378,378,378,378,378,378,378,378,378,378,378,378,378,378,378,378,378,378,378,378,378,378,378,378,378,378,378,378,378,378,378,378,378,378,378,378,378,378,378,378,378,
size:45
[agent] id:21
path:600,599,567,535,534,533,501,469,437,405,373,341,309,308,307,306,274,242,241,240,239,207,206,174,173,172,140,140,140,140,140,140,140,140,140,140,140,140,140,140,140,140,140,140,140,140,
goal:140,140,140,140,140,140,140,140,140,140,140,140,140,140,140,140,140,140,140,140,140,140,140,140,140,140,140,140,140,140,140,140,140,140,140,140,140,140,140,140,140,140,140,140,140,140,
size:26
[agent] id:22
path:612,613,614,582,550,518,486,454,422,423,423,423,423,423,423,423,423,423,423,423,423,423,423,423,423,423,423,423,423,423,423,423,423,423,423,423,423,423,423,423,423,423,423,423,423,423,
goal:423,423,423,423,423,423,423,423,423,423,423,423,423,423,423,423,423,423,423,423,423,423,423,423,423,423,423,423,423,423,423,423,423,423,423,423,423,423,423,423,423,423,423,423,423,423,
size:9
[agent] id:23
path:87,119,151,183,215,247,279,311,310,342,374,406,438,470,469,501,533,565,597,629,661,693,692,691,690,689,688,687,686,718,717,716,715,747,779,811,810,809,808,807,807,807,807,807,807,807,
goal:807,807,807,807,807,807,807,807,807,807,807,807,807,807,807,807,807,807,807,807,807,807,807,807,807,807,807,807,807,807,807,807,807,807,807,807,807,807,807,807,807,807,807,807,807,807,
size:39
[agent] id:24
path:121,89,57,56,55,54,53,53,53,53,53,53,53,53,53,53,53,53,53,53,53,53,53,53,53,53,53,53,53,53,53,53,53,53,53,53,53,53,53,53,53,53,53,53,53,53,
goal:53,53,53,53,53,53,53,53,53,53,53,53,53,53,53,53,53,53,53,53,53,53,53,53,53,53,53,53,53,53,53,53,53,53,53,53,53,53,53,53,53,53,53,53,53,53,
size:6
[agent] id:25
path:332,300,268,236,204,172,140,139,138,137,136,136,136,136,136,136,136,136,136,136,136,136,136,136,136,136,136,136,136,136,136,136,136,136,136,136,136,136,136,136,136,136,136,136,136,136,
goal:136,136,136,136,136,136,136,136,136,136,136,136,136,136,136,136,136,136,136,136,136,136,136,136,136,136,136,136,136,136,136,136,136,136,136,136,136,136,136,136,136,136,136,136,136,136,
size:10
[agent] id:26
path:52,53,54,86,87,119,151,183,215,247,279,311,312,344,376,377,378,379,380,412,413,414,446,478,477,509,509,509,509,509,509,509,509,509,509,509,509,509,509,509,509,509,509,509,509,509,
goal:509,509,509,509,509,509,509,509,509,509,509,509,509,509,509,509,509,509,509,509,509,509,509,509,509,509,509,509,509,509,509,509,509,509,509,509,509,509,509,509,509,509,509,509,509,509,
size:25
[agent] id:27
path:303,271,239,240,241,209,210,211,212,213,181,182,183,184,185,186,187,188,189,190,158,158,158,158,158,158,158,158,158,158,158,158,158,158,158,158,158,158,158,158,158,158,158,158,158,158,
goal:158,158,158,158,158,158,158,158,158,158,158,158,158,158,158,158,158,158,158,158,158,158,158,158,158,158,158,158,158,158,158,158,158,158,158,158,158,158,158,158,158,158,158,158,158,158,
size:20
[agent] id:28
path:583,551,552,553,554,555,556,524,525,526,527,528,529,497,465,433,434,435,436,437,405,406,407,408,409,409,409,409,409,409,409,409,409,409,409,409,409,409,409,409,409,409,409,409,409,409,
goal:409,409,409,409,409,409,409,409,409,409,409,409,409,409,409,409,409,409,409,409,409,409,409,409,409,409,409,409,409,409,409,409,409,409,409,409,409,409,409,409,409,409,409,409,409,409,
size:24
[agent] id:29
path:80,112,144,176,177,177,209,241,273,305,337,369,401,433,434,466,498,530,562,594,626,658,690,722,721,721,721,721,721,721,721,721,721,721,721,721,721,721,721,721,721,721,721,721,721,721,
goal:721,721,721,721,721,721,721,721,721,721,721,721,721,721,721,721,721,721,721,721,721,721,721,721,721,721,721,721,721,721,721,721,721,721,721,721,721,721,721,721,721,721,721,721,721,721,
size:24
SolutionCost:627
