[setting] seed:2555
[solver] type:SASB-ECBS
[solver] w:2.000000
[solver] ID:0
[solver] Lowlevelnode:12819
[solver] Highlevelnode:25
[solver] ConflictCount:13
[solver] solved:1
[solver] elapsed:75
[solver] makespan:49
[problem] timesteplimit:15000
[problem] type:MAPF
[problem] agentnum:30
[graph] width:32
[graph] height:32
[graph] filename:./map/32by32_agents10_ex30.map
[task] id:29,start:0,end:0,service time:0,nodes:515,
[task] id:12,start:0,end:0,service time:0,nodes:657,
[task] id:22,start:0,end:0,service time:0,nodes:375,
[task] id:6,start:0,end:0,service time:0,nodes:529,
[task] id:0,start:0,end:0,service time:0,nodes:155,
[task] id:2,start:0,end:0,service time:0,nodes:525,
[task] id:5,start:0,end:0,service time:0,nodes:212,
[task] id:13,start:0,end:0,service time:0,nodes:741,
[task] id:30,start:0,end:0,service time:0,nodes:529,
[task] id:21,start:0,end:0,service time:0,nodes:550,
[task] id:20,start:0,end:0,service time:0,nodes:377,
[task] id:4,start:0,end:0,service time:0,nodes:755,
[task] id:11,start:0,end:0,service time:0,nodes:754,
[task] id:17,start:0,end:0,service time:0,nodes:986,
[task] id:25,start:0,end:0,service time:0,nodes:681,
[task] id:7,start:0,end:0,service time:0,nodes:48,
[task] id:9,start:0,end:0,service time:0,nodes:841,
[task] id:1,start:0,end:0,service time:0,nodes:68,
[task] id:14,start:0,end:0,service time:0,nodes:235,
[task] id:10,start:0,end:0,service time:0,nodes:442,
[task] id:27,start:0,end:0,service time:0,nodes:998,
[task] id:28,start:0,end:0,service time:0,nodes:991,
[task] id:24,start:0,end:0,service time:0,nodes:931,
[task] id:8,start:0,end:0,service time:0,nodes:114,
[task] id:15,start:0,end:0,service time:0,nodes:520,
[task] id:26,start:0,end:0,service time:0,nodes:669,
[task] id:23,start:0,end:0,service time:0,nodes:344,
[task] id:3,start:0,end:0,service time:0,nodes:724,
[task] id:16,start:0,end:0,service time:0,nodes:90,
[task] id:19,start:0,end:0,service time:0,nodes:800,
[task] id:18,start:0,end:0,service time:0,nodes:223,
[agent] id:0
path:375,376,377,345,313,281,280,248,216,184,185,186,187,155,155,155,155,155,155,155,155,155,155,155,155,155,155,155,155,155,155,155,155,155,155,155,155,155,155,155,155,155,155,155,155,155,155,155,155,155,
goal:155,155,155,155,155,155,155,155,155,155,155,155,155,155,155,155,155,155,155,155,155,155,155,155,155,155,155,155,155,155,155,155,155,155,155,155,155,155,155,155,155,155,155,155,155,155,155,155,155,155,
size:13
[agent] id:1
path:771,739,707,708,676,644,612,611,579,547,548,516,484,452,420,421,389,357,358,326,294,262,230,229,197,165,133,101,69,68,68,68,68,68,68,68,68,68,68,68,68,68,68,68,68,68,68,68,68,68,
goal:68,68,68,68,68,68,68,68,68,68,68,68,68,68,68,68,68,68,68,68,68,68,68,68,68,68,68,68,68,68,68,68,68,68,68,68,68,68,68,68,68,68,68,68,68,68,68,68,68,68,
size:29
[agent] id:2
path:600,599,567,566,565,564,563,531,530,529,528,527,526,525,525,525,525,525,525,525,525,525,525,525,525,525,525,525,525,525,525,525,525,525,525,525,525,525,525,525,525,525,525,525,525,525,525,525,525,525,
goal:525,525,525,525,525,525,525,525,525,525,525,525,525,525,525,525,525,525,525,525,525,525,525,525,525,525,525,525,525,525,525,525,525,525,525,525,525,525,525,525,525,525,525,525,525,525,525,525,525,525,
size:13
[agent] id:3
path:1,33,65,66,67,68,69,101,133,165,197,229,261,293,294,326,358,390,422,454,486,518,519,551,583,615,647,648,649,650,651,652,653,685,686,687,688,720,721,722,723,724,724,724,724,724,724,724,724,724,
goal:724,724,724,724,724,724,724,724,724,724,724,724,724,724,724,724,724,724,724,724,724,724,724,724,724,724,724,724,724,724,724,724,724,724,724,724,724,724,724,724,724,724,724,724,724,724,724,724,724,724,
size:41
[agent] id:4
path:114,146,178,210,242,274,306,305,337,369,401,433,465,497,529,561,593,594,626,658,690,722,754,755,755,755,755,755,755,755,755,755,755,755,755,755,755,755,755,755,755,755,755,755,755,755,755,755,755,755,
goal:755,755,755,755,755,755,755,755,755,755,755,755,755,755,755,755,755,755,755,755,755,755,755,755,755,755,755,755,755,755,755,755,755,755,755,755,755,755,755,755,755,755,755,755,755,755,755,755,755,755,
size:23
[agent] id:5
path:442,410,378,377,345,313,281,280,248,216,215,214,213,212,212,212,212,212,212,212,212,212,212,212,212,212,212,212,212,212,212,212,212,212,212,212,212,212,212,212,212,212,212,212,212,212,212,212,212,212,
goal:212,212,212,212,212,212,212,212,212,212,212,212,212,212,212,212,212,212,212,212,212,212,212,212,212,212,212,212,212,212,212,212,212,212,212,212,212,212,212,212,212,212,212,212,212,212,212,212,212,212,
size:13
[agent] id:6
path:539,538,537,536,535,567,566,565,564,563,562,530,529,529,530,530,529,529,529,529,529,529,529,529,529,529,529,529,529,529,529,529,529,529,529,529,529,529,529,529,529,529,529,529,529,529,529,529,529,529,
goal:529,529,529,529,529,529,529,529,529,529,529,529,529,529,529,529,529,529,529,529,529,529,529,529,529,529,529,529,529,529,529,529,529,529,529,529,529,529,529,529,529,529,529,529,529,529,529,529,529,529,
size:16
[agent] id:7
path:320,288,256,257,258,259,227,228,229,230,231,199,200,201,202,203,171,172,173,174,142,110,78,79,80,48,48,48,48,48,48,48,48,48,48,48,48,48,48,48,48,48,48,48,48,48,48,48,48,48,
goal:48,48,48,48,48,48,48,48,48,48,48,48,48,48,48,48,48,48,48,48,48,48,48,48,48,48,48,48,48,48,48,48,48,48,48,48,48,48,48,48,48,48,48,48,48,48,48,48,48,48,
size:25
[agent] id:8
path:957,925,893,861,860,859,858,857,825,793,792,760,728,696,664,632,600,599,567,535,534,533,501,469,437,405,373,341,309,308,307,306,274,242,210,178,146,114,114,114,114,114,114,114,114,114,114,114,114,114,
goal:114,114,114,114,114,114,114,114,114,114,114,114,114,114,114,114,114,114,114,114,114,114,114,114,114,114,114,114,114,114,114,114,114,114,114,114,114,114,114,114,114,114,114,114,114,114,114,114,114,114,
size:37
[agent] id:9
path:288,256,257,258,290,322,354,355,356,357,389,421,453,485,517,549,550,582,614,646,678,710,742,774,806,838,839,840,841,841,841,841,841,841,841,841,841,841,841,841,841,841,841,841,841,841,841,841,841,841,
goal:841,841,841,841,841,841,841,841,841,841,841,841,841,841,841,841,841,841,841,841,841,841,841,841,841,841,841,841,841,841,841,841,841,841,841,841,841,841,841,841,841,841,841,841,841,841,841,841,841,841,
size:28
[agent] id:10
path:840,808,776,744,712,680,648,616,584,552,553,554,555,556,557,558,559,560,561,562,563,564,565,533,534,535,503,504,472,473,441,442,442,442,442,442,442,442,442,442,442,442,442,442,442,442,442,442,442,442,
goal:442,442,442,442,442,442,442,442,442,442,442,442,442,442,442,442,442,442,442,442,442,442,442,442,442,442,442,442,442,442,442,442,442,442,442,442,442,442,442,442,442,442,442,442,442,442,442,442,442,442,
size:31
[agent] id:11
path:82,114,146,178,210,242,274,306,305,337,369,401,433,465,497,529,561,593,594,626,658,690,722,754,754,754,754,754,754,754,754,754,754,754,754,754,754,754,754,754,754,754,754,754,754,754,754,754,754,754,
goal:754,754,754,754,754,754,754,754,754,754,754,754,754,754,754,754,754,754,754,754,754,754,754,754,754,754,754,754,754,754,754,754,754,754,754,754,754,754,754,754,754,754,754,754,754,754,754,754,754,754,
size:23
[agent] id:12
path:527,559,591,623,655,656,657,657,657,657,657,657,657,657,657,657,657,657,657,657,657,657,657,657,657,657,657,657,657,657,657,657,657,657,657,657,657,657,657,657,657,657,657,657,657,657,657,657,657,657,
goal:657,657,657,657,657,657,657,657,657,657,657,657,657,657,657,657,657,657,657,657,657,657,657,657,657,657,657,657,657,657,657,657,657,657,657,657,657,657,657,657,657,657,657,657,657,657,657,657,657,657,
size:6
[agent] id:13
path:909,877,845,844,812,811,810,809,808,776,744,743,742,741,741,741,741,741,741,741,741,741,741,741,741,741,741,741,741,741,741,741,741,741,741,741,741,741,741,741,741,741,741,741,741,741,741,741,741,741,
goal:741,741,741,741,741,741,741,741,741,741,741,741,741,741,741,741,741,741,741,741,741,741,741,741,741,741,741,741,741,741,741,741,741,741,741,741,741,741,741,741,741,741,741,741,741,741,741,741,741,741,
size:13
[agent] id:14
path:1006,974,942,941,909,877,845,846,814,782,750,718,686,654,622,590,558,526,494,493,461,429,397,396,364,332,300,268,236,235,235,235,235,235,235,235,235,235,235,235,235,235,235,235,235,235,235,235,235,235,
goal:235,235,235,235,235,235,235,235,235,235,235,235,235,235,235,235,235,235,235,235,235,235,235,235,235,235,235,235,235,235,235,235,235,235,235,235,235,235,235,235,235,235,235,235,235,235,235,235,235,235,
size:29
[agent] id:15
path:93,92,91,123,155,187,186,185,184,183,182,181,181,213,245,277,309,308,307,306,305,304,303,302,301,300,299,331,332,364,396,428,460,459,458,490,522,521,520,520,520,520,520,520,520,520,520,520,520,520,
goal:520,520,520,520,520,520,520,520,520,520,520,520,520,520,520,520,520,520,520,520,520,520,520,520,520,520,520,520,520,520,520,520,520,520,520,520,520,520,520,520,520,520,520,520,520,520,520,520,520,520,
size:38
[agent] id:16
path:775,743,711,679,647,615,583,551,552,553,554,555,556,557,558,559,560,561,562,530,498,466,434,435,436,437,405,373,341,309,277,245,213,181,182,150,151,119,87,88,89,90,90,90,90,90,90,90,90,90,
goal:90,90,90,90,90,90,90,90,90,90,90,90,90,90,90,90,90,90,90,90,90,90,90,90,90,90,90,90,90,90,90,90,90,90,90,90,90,90,90,90,90,90,90,90,90,90,90,90,90,90,
size:41
[agent] id:17
path:807,839,840,841,842,874,875,876,877,878,879,880,881,882,883,884,885,886,918,950,982,983,984,985,986,986,986,986,986,986,986,986,986,986,986,986,986,986,986,986,986,986,986,986,986,986,986,986,986,986,
goal:986,986,986,986,986,986,986,986,986,986,986,986,986,986,986,986,986,986,986,986,986,986,986,986,986,986,986,986,986,986,986,986,986,986,986,986,986,986,986,986,986,986,986,986,986,986,986,986,986,986,
size:24
[agent] id:18
path:801,802,770,738,706,707,708,676,644,612,613,614,582,550,551,552,553,554,555,556,557,558,559,560,561,562,530,498,466,434,435,436,437,405,406,407,408,409,410,378,379,347,315,316,317,285,286,287,255,223,
goal:223,223,223,223,223,223,223,223,223,223,223,223,223,223,223,223,223,223,223,223,223,223,223,223,223,223,223,223,223,223,223,223,223,223,223,223,223,223,223,223,223,223,223,223,223,223,223,223,223,223,
size:49
[agent] id:19
path:120,152,184,216,248,280,312,344,376,408,407,439,438,470,469,501,533,565,597,629,661,693,692,691,690,689,688,687,686,718,717,716,715,747,779,811,810,809,808,807,806,805,804,803,802,801,800,800,800,800,
goal:800,800,800,800,800,800,800,800,800,800,800,800,800,800,800,800,800,800,800,800,800,800,800,800,800,800,800,800,800,800,800,800,800,800,800,800,800,800,800,800,800,800,800,800,800,800,800,800,800,800,
size:46
[agent] id:20
path:850,818,786,754,722,690,658,659,627,628,596,564,565,533,534,535,503,504,472,473,441,409,377,377,377,377,377,377,377,377,377,377,377,377,377,377,377,377,377,377,377,377,377,377,377,377,377,377,377,377,
goal:377,377,377,377,377,377,377,377,377,377,377,377,377,377,377,377,377,377,377,377,377,377,377,377,377,377,377,377,377,377,377,377,377,377,377,377,377,377,377,377,377,377,377,377,377,377,377,377,377,377,
size:22
[agent] id:21
path:138,137,169,201,200,199,231,263,262,294,326,358,390,422,454,486,518,550,550,550,550,550,550,550,550,550,550,550,550,550,550,550,550,550,550,550,550,550,550,550,550,550,550,550,550,550,550,550,550,550,
goal:550,550,550,550,550,550,550,550,550,550,550,550,550,550,550,550,550,550,550,550,550,550,550,550,550,550,550,550,550,550,550,550,550,550,550,550,550,550,550,550,550,550,550,550,550,550,550,550,550,550,
size:17
[agent] id:22
path:212,213,245,277,309,341,373,374,375,375,375,375,375,375,375,375,375,375,375,375,375,375,375,375,375,375,375,375,375,375,375,375,375,375,375,375,375,375,375,375,375,375,375,375,375,375,375,375,375,375,
goal:375,375,375,375,375,375,375,375,375,375,375,375,375,375,375,375,375,375,375,375,375,375,375,375,375,375,375,375,375,375,375,375,375,375,375,375,375,375,375,375,375,375,375,375,375,375,375,375,375,375,
size:8
[agent] id:23
path:1000,999,967,935,936,904,872,840,841,809,810,778,779,747,715,716,717,685,686,687,688,689,690,658,626,627,628,596,564,565,533,501,469,437,405,406,407,408,376,344,344,344,344,344,344,344,344,344,344,344,
goal:344,344,344,344,344,344,344,344,344,344,344,344,344,344,344,344,344,344,344,344,344,344,344,344,344,344,344,344,344,344,344,344,344,344,344,344,344,344,344,344,344,344,344,344,344,344,344,344,344,344,
size:39
[agent] id:24
path:927,959,958,957,956,955,987,986,985,984,983,982,950,949,948,980,979,978,946,945,944,943,942,941,940,939,938,937,936,935,934,933,901,900,899,931,931,931,931,931,931,931,931,931,931,931,931,931,931,931,
goal:931,931,931,931,931,931,931,931,931,931,931,931,931,931,931,931,931,931,931,931,931,931,931,931,931,931,931,931,931,931,931,931,931,931,931,931,931,931,931,931,931,931,931,931,931,931,931,931,931,931,
size:35
[agent] id:25
path:408,407,439,438,470,469,501,500,499,531,563,562,594,593,592,591,623,655,654,653,652,651,683,682,681,681,681,681,681,681,681,681,681,681,681,681,681,681,681,681,681,681,681,681,681,681,681,681,681,681,
goal:681,681,681,681,681,681,681,681,681,681,681,681,681,681,681,681,681,681,681,681,681,681,681,681,681,681,681,681,681,681,681,681,681,681,681,681,681,681,681,681,681,681,681,681,681,681,681,681,681,681,
size:24
[agent] id:26
path:259,260,292,293,294,326,358,390,422,454,486,518,550,551,552,553,554,555,556,557,589,590,591,592,593,594,626,627,628,629,630,631,632,633,634,635,667,668,669,669,669,669,669,669,669,669,669,669,669,669,
goal:669,669,669,669,669,669,669,669,669,669,669,669,669,669,669,669,669,669,669,669,669,669,669,669,669,669,669,669,669,669,669,669,669,669,669,669,669,669,669,669,669,669,669,669,669,669,669,669,669,669,
size:38
[agent] id:27
path:435,467,499,531,563,562,594,626,658,690,722,754,786,818,850,882,914,946,945,944,943,942,941,940,939,938,937,936,935,967,999,998,998,998,998,998,998,998,998,998,998,998,998,998,998,998,998,998,998,998,
goal:998,998,998,998,998,998,998,998,998,998,998,998,998,998,998,998,998,998,998,998,998,998,998,998,998,998,998,998,998,998,998,998,998,998,998,998,998,998,998,998,998,998,998,998,998,998,998,998,998,998,
size:31
[agent] id:28
path:280,312,344,376,408,409,441,473,472,504,536,537,569,570,602,634,635,667,699,700,701,733,765,797,798,830,831,863,895,927,959,991,991,991,991,991,991,991,991,991,991,991,991,991,991,991,991,991,991,991,
goal:991,991,991,991,991,991,991,991,991,991,991,991,991,991,991,991,991,991,991,991,991,991,991,991,991,991,991,991,991,991,991,991,991,991,991,991,991,991,991,991,991,991,991,991,991,991,991,991,991,991,
size:31
[agent] id:29
path:518,517,516,515,515,515,515,515,515,515,515,515,515,515,515,515,515,515,515,515,515,515,515,515,515,515,515,515,515,515,515,515,515,515,515,515,515,515,515,515,515,515,515,515,515,515,515,515,515,515,
goal:515,515,515,515,515,515,515,515,515,515,515,515,515,515,515,515,515,515,515,515,515,515,515,515,515,515,515,515,515,515,515,515,515,515,515,515,515,515,515,515,515,515,515,515,515,515,515,515,515,515,
size:3
SolutionCost:786
