[setting] seed:13460
[solver] type:SASB-ECBS
[solver] w:2.000000
[solver] ID:0
[solver] Lowlevelnode:4767
[solver] Highlevelnode:17
[solver] ConflictCount:9
[solver] solved:1
[solver] elapsed:44
[solver] makespan:45
[problem] timesteplimit:15000
[problem] type:MAPF
[problem] agentnum:30
[graph] width:32
[graph] height:32
[graph] filename:./map/32by32_agents10_ex30.map
[task] id:5,start:0,end:0,service time:0,nodes:731,
[task] id:14,start:0,end:0,service time:0,nodes:529,
[task] id:24,start:0,end:0,service time:0,nodes:372,
[task] id:3,start:0,end:0,service time:0,nodes:622,
[task] id:11,start:0,end:0,service time:0,nodes:688,
[task] id:17,start:0,end:0,service time:0,nodes:359,
[task] id:2,start:0,end:0,service time:0,nodes:316,
[task] id:7,start:0,end:0,service time:0,nodes:836,
[task] id:13,start:0,end:0,service time:0,nodes:393,
[task] id:8,start:0,end:0,service time:0,nodes:770,
[task] id:20,start:0,end:0,service time:0,nodes:374,
[task] id:23,start:0,end:0,service time:0,nodes:911,
[task] id:26,start:0,end:0,service time:0,nodes:530,
[task] id:29,start:0,end:0,service time:0,nodes:570,
[task] id:6,start:0,end:0,service time:0,nodes:1009,
[task] id:25,start:0,end:0,service time:0,nodes:942,
[task] id:27,start:0,end:0,service time:0,nodes:428,
[task] id:15,start:0,end:0,service time:0,nodes:403,
[task] id:10,start:0,end:0,service time:0,nodes:764,
[task] id:18,start:0,end:0,service time:0,nodes:240,
[task] id:0,start:0,end:0,service time:0,nodes:407,
[task] id:21,start:0,end:0,service time:0,nodes:810,
[task] id:22,start:0,end:0,service time:0,nodes:447,
[task] id:19,start:0,end:0,service time:0,nodes:120,
[task] id:1,start:0,end:0,service time:0,nodes:779,
[task] id:9,start:0,end:0,service time:0,nodes:597,
[task] id:28,start:0,end:0,service time:0,nodes:900,
[task] id:12,start:0,end:0,service time:0,nodes:774,
[task] id:4,start:0,end:0,service time:0,nodes:28,
[task] id:16,start:0,end:0,service time:0,nodes:904,
[agent] id:0
path:980,948,949,950,918,886,854,822,823,791,759,727,695,663,631,599,567,535,503,504,472,473,441,409,408,407,407,407,407,407,407,407,407,407,407,407,407,407,407,407,407,407,407,407,407,407,
goal:407,407,407,407,407,407,407,407,407,407,407,407,407,407,407,407,407,407,407,407,407,407,407,407,407,407,407,407,407,407,407,407,407,407,407,407,407,407,407,407,407,407,407,407,407,407,
size:25
[agent] id:1
path:13,45,77,78,110,142,174,206,205,204,236,268,300,332,364,396,428,460,461,493,525,557,589,621,653,685,717,716,715,747,779,779,779,779,779,779,779,779,779,779,779,779,779,779,779,779,
goal:779,779,779,779,779,779,779,779,779,779,779,779,779,779,779,779,779,779,779,779,779,779,779,779,779,779,779,779,779,779,779,779,779,779,779,779,779,779,779,779,779,779,779,779,779,779,
size:30
[agent] id:2
path:566,534,535,503,504,472,473,441,409,377,378,379,347,315,316,316,316,316,316,316,316,316,316,316,316,316,316,316,316,316,316,316,316,316,316,316,316,316,316,316,316,316,316,316,316,316,
goal:316,316,316,316,316,316,316,316,316,316,316,316,316,316,316,316,316,316,316,316,316,316,316,316,316,316,316,316,316,316,316,316,316,316,316,316,316,316,316,316,316,316,316,316,316,316,
size:14
[agent] id:3
path:724,692,660,659,658,657,656,655,623,622,622,622,622,622,622,622,622,622,622,622,622,622,622,622,622,622,622,622,622,622,622,622,622,622,622,622,622,622,622,622,622,622,622,622,622,622,
goal:622,622,622,622,622,622,622,622,622,622,622,622,622,622,622,622,622,622,622,622,622,622,622,622,622,622,622,622,622,622,622,622,622,622,622,622,622,622,622,622,622,622,622,622,622,622,
size:9
[agent] id:4
path:743,711,679,647,615,583,551,519,520,521,489,457,458,426,394,395,396,364,332,300,268,236,204,172,173,174,142,110,78,79,80,48,49,17,18,19,20,21,22,23,24,25,26,27,28,28,
goal:28,28,28,28,28,28,28,28,28,28,28,28,28,28,28,28,28,28,28,28,28,28,28,28,28,28,28,28,28,28,28,28,28,28,28,28,28,28,28,28,28,28,28,28,28,28,
size:44
[agent] id:5
path:604,636,668,700,699,731,731,731,731,731,731,731,731,731,731,731,731,731,731,731,731,731,731,731,731,731,731,731,731,731,731,731,731,731,731,731,731,731,731,731,731,731,731,731,731,731,
goal:731,731,731,731,731,731,731,731,731,731,731,731,731,731,731,731,731,731,731,731,731,731,731,731,731,731,731,731,731,731,731,731,731,731,731,731,731,731,731,731,731,731,731,731,731,731,
size:5
[agent] id:6
path:713,714,715,747,779,811,843,875,907,939,940,941,942,943,944,945,946,978,1010,1009,1009,1009,1009,1009,1009,1009,1009,1009,1009,1009,1009,1009,1009,1009,1009,1009,1009,1009,1009,1009,1009,1009,1009,1009,1009,1009,
goal:1009,1009,1009,1009,1009,1009,1009,1009,1009,1009,1009,1009,1009,1009,1009,1009,1009,1009,1009,1009,1009,1009,1009,1009,1009,1009,1009,1009,1009,1009,1009,1009,1009,1009,1009,1009,1009,1009,1009,1009,1009,1009,1009,1009,1009,1009,
size:19
[agent] id:7
path:483,515,547,579,611,643,644,676,708,707,739,771,803,835,836,836,836,836,836,836,836,836,836,836,836,836,836,836,836,836,836,836,836,836,836,836,836,836,836,836,836,836,836,836,836,836,
goal:836,836,836,836,836,836,836,836,836,836,836,836,836,836,836,836,836,836,836,836,836,836,836,836,836,836,836,836,836,836,836,836,836,836,836,836,836,836,836,836,836,836,836,836,836,836,
size:14
[agent] id:8
path:453,485,517,549,548,547,579,611,643,642,641,673,705,737,738,770,770,770,770,770,770,770,770,770,770,770,770,770,770,770,770,770,770,770,770,770,770,770,770,770,770,770,770,770,770,770,
goal:770,770,770,770,770,770,770,770,770,770,770,770,770,770,770,770,770,770,770,770,770,770,770,770,770,770,770,770,770,770,770,770,770,770,770,770,770,770,770,770,770,770,770,770,770,770,
size:15
[agent] id:9
path:69,101,133,165,197,229,261,293,294,326,358,390,422,454,486,518,550,551,552,553,554,555,556,557,558,559,560,561,562,563,564,596,597,597,597,597,597,597,597,597,597,597,597,597,597,597,
goal:597,597,597,597,597,597,597,597,597,597,597,597,597,597,597,597,597,597,597,597,597,597,597,597,597,597,597,597,597,597,597,597,597,597,597,597,597,597,597,597,597,597,597,597,597,597,
size:32
[agent] id:10
path:839,840,841,842,843,844,845,846,847,848,849,850,851,852,853,821,822,823,791,792,793,794,795,796,764,764,764,764,764,764,764,764,764,764,764,764,764,764,764,764,764,764,764,764,764,764,
goal:764,764,764,764,764,764,764,764,764,764,764,764,764,764,764,764,764,764,764,764,764,764,764,764,764,764,764,764,764,764,764,764,764,764,764,764,764,764,764,764,764,764,764,764,764,764,
size:24
[agent] id:11
path:793,792,760,728,727,726,725,693,692,691,690,689,688,688,688,688,688,688,688,688,688,688,688,688,688,688,688,688,688,688,688,688,688,688,688,688,688,688,688,688,688,688,688,688,688,688,
goal:688,688,688,688,688,688,688,688,688,688,688,688,688,688,688,688,688,688,688,688,688,688,688,688,688,688,688,688,688,688,688,688,688,688,688,688,688,688,688,688,688,688,688,688,688,688,
size:12
[agent] id:12
path:88,120,152,184,216,248,280,312,344,376,408,407,439,438,470,469,501,533,565,597,629,661,660,659,658,657,656,655,687,686,718,717,716,715,714,713,745,744,776,775,774,774,774,774,774,774,
goal:774,774,774,774,774,774,774,774,774,774,774,774,774,774,774,774,774,774,774,774,774,774,774,774,774,774,774,774,774,774,774,774,774,774,774,774,774,774,774,774,774,774,774,774,774,774,
size:40
[agent] id:13
path:308,307,306,305,304,303,302,301,300,332,364,396,395,394,393,393,393,393,393,393,393,393,393,393,393,393,393,393,393,393,393,393,393,393,393,393,393,393,393,393,393,393,393,393,393,393,
goal:393,393,393,393,393,393,393,393,393,393,393,393,393,393,393,393,393,393,393,393,393,393,393,393,393,393,393,393,393,393,393,393,393,393,393,393,393,393,393,393,393,393,393,393,393,393,
size:14
[agent] id:14
path:590,558,526,527,528,529,529,529,529,529,529,529,529,529,529,529,529,529,529,529,529,529,529,529,529,529,529,529,529,529,529,529,529,529,529,529,529,529,529,529,529,529,529,529,529,529,
goal:529,529,529,529,529,529,529,529,529,529,529,529,529,529,529,529,529,529,529,529,529,529,529,529,529,529,529,529,529,529,529,529,529,529,529,529,529,529,529,529,529,529,529,529,529,529,
size:5
[agent] id:15
path:452,453,485,517,518,519,520,552,553,554,555,556,557,558,559,560,561,562,563,531,499,467,435,403,403,403,403,403,403,403,403,403,403,403,403,403,403,403,403,403,403,403,403,403,403,403,
goal:403,403,403,403,403,403,403,403,403,403,403,403,403,403,403,403,403,403,403,403,403,403,403,403,403,403,403,403,403,403,403,403,403,403,403,403,403,403,403,403,403,403,403,403,403,403,
size:23
[agent] id:16
path:91,123,155,187,219,218,217,216,248,280,312,344,376,408,407,439,438,470,469,501,533,565,597,629,661,693,725,724,723,755,754,786,818,850,849,848,847,846,845,844,843,842,841,840,872,904,
goal:904,904,904,904,904,904,904,904,904,904,904,904,904,904,904,904,904,904,904,904,904,904,904,904,904,904,904,904,904,904,904,904,904,904,904,904,904,904,904,904,904,904,904,904,904,904,
size:45
[agent] id:17
path:494,493,494,493,461,429,397,396,395,394,393,392,391,359,359,359,359,359,359,359,359,359,359,359,359,359,359,359,359,359,359,359,359,359,359,359,359,359,359,359,359,359,359,359,359,359,
goal:359,359,359,359,359,359,359,359,359,359,359,359,359,359,359,359,359,359,359,359,359,359,359,359,359,359,359,359,359,359,359,359,359,359,359,359,359,359,359,359,359,359,359,359,359,359,
size:13
[agent] id:18
path:791,759,727,695,663,631,599,567,535,534,533,501,469,437,405,373,341,309,308,307,306,274,242,241,240,240,240,240,240,240,240,240,240,240,240,240,240,240,240,240,240,240,240,240,240,240,
goal:240,240,240,240,240,240,240,240,240,240,240,240,240,240,240,240,240,240,240,240,240,240,240,240,240,240,240,240,240,240,240,240,240,240,240,240,240,240,240,240,240,240,240,240,240,240,
size:24
[agent] id:19
path:735,703,671,639,607,606,605,604,603,571,539,538,537,536,504,472,473,441,409,377,345,313,281,280,248,216,184,152,120,120,120,120,120,120,120,120,120,120,120,120,120,120,120,120,120,120,
goal:120,120,120,120,120,120,120,120,120,120,120,120,120,120,120,120,120,120,120,120,120,120,120,120,120,120,120,120,120,120,120,120,120,120,120,120,120,120,120,120,120,120,120,120,120,120,
size:28
[agent] id:20
path:173,205,206,207,239,271,303,304,305,306,307,308,309,341,373,374,374,374,374,374,374,374,374,374,374,374,374,374,374,374,374,374,374,374,374,374,374,374,374,374,374,374,374,374,374,374,
goal:374,374,374,374,374,374,374,374,374,374,374,374,374,374,374,374,374,374,374,374,374,374,374,374,374,374,374,374,374,374,374,374,374,374,374,374,374,374,374,374,374,374,374,374,374,374,
size:15
[agent] id:21
path:171,203,235,236,268,300,332,364,396,428,460,461,493,525,557,589,621,653,685,717,716,715,747,779,811,810,810,810,810,810,810,810,810,810,810,810,810,810,810,810,810,810,810,810,810,810,
goal:810,810,810,810,810,810,810,810,810,810,810,810,810,810,810,810,810,810,810,810,810,810,810,810,810,810,810,810,810,810,810,810,810,810,810,810,810,810,810,810,810,810,810,810,810,810,
size:25
[agent] id:22
path:915,883,851,852,853,821,822,823,791,759,727,695,663,631,599,567,535,536,537,538,539,507,508,476,477,478,446,447,447,447,447,447,447,447,447,447,447,447,447,447,447,447,447,447,447,447,
goal:447,447,447,447,447,447,447,447,447,447,447,447,447,447,447,447,447,447,447,447,447,447,447,447,447,447,447,447,447,447,447,447,447,447,447,447,447,447,447,447,447,447,447,447,447,447,
size:27
[agent] id:23
path:679,680,712,744,776,808,840,841,842,874,875,876,877,878,879,911,911,911,911,911,911,911,911,911,911,911,911,911,911,911,911,911,911,911,911,911,911,911,911,911,911,911,911,911,911,911,
goal:911,911,911,911,911,911,911,911,911,911,911,911,911,911,911,911,911,911,911,911,911,911,911,911,911,911,911,911,911,911,911,911,911,911,911,911,911,911,911,911,911,911,911,911,911,911,
size:15
[agent] id:24
path:499,467,435,436,437,405,373,372,372,372,372,372,372,372,372,372,372,372,372,372,372,372,372,372,372,372,372,372,372,372,372,372,372,372,372,372,372,372,372,372,372,372,372,372,372,372,
goal:372,372,372,372,372,372,372,372,372,372,372,372,372,372,372,372,372,372,372,372,372,372,372,372,372,372,372,372,372,372,372,372,372,372,372,372,372,372,372,372,372,372,372,372,372,372,
size:7
[agent] id:25
path:460,461,493,525,557,589,621,653,685,717,749,781,782,814,846,878,877,909,941,942,942,942,942,942,942,942,942,942,942,942,942,942,942,942,942,942,942,942,942,942,942,942,942,942,942,942,
goal:942,942,942,942,942,942,942,942,942,942,942,942,942,942,942,942,942,942,942,942,942,942,942,942,942,942,942,942,942,942,942,942,942,942,942,942,942,942,942,942,942,942,942,942,942,942,
size:19
[agent] id:26
path:393,394,426,458,459,460,461,493,525,526,527,528,560,561,561,562,530,530,530,530,530,530,530,530,530,530,530,530,530,530,530,530,530,530,530,530,530,530,530,530,530,530,530,530,530,530,
goal:530,530,530,530,530,530,530,530,530,530,530,530,530,530,530,530,530,530,530,530,530,530,530,530,530,530,530,530,530,530,530,530,530,530,530,530,530,530,530,530,530,530,530,530,530,530,
size:16
[agent] id:27
path:811,810,809,808,807,775,743,711,679,647,615,583,551,519,520,521,489,457,458,426,427,428,428,428,428,428,428,428,428,428,428,428,428,428,428,428,428,428,428,428,428,428,428,428,428,428,
goal:428,428,428,428,428,428,428,428,428,428,428,428,428,428,428,428,428,428,428,428,428,428,428,428,428,428,428,428,428,428,428,428,428,428,428,428,428,428,428,428,428,428,428,428,428,428,
size:21
[agent] id:28
path:442,441,409,408,407,439,438,470,469,501,500,499,531,563,562,594,626,658,690,722,754,786,818,850,849,848,847,846,845,844,843,842,841,840,872,871,870,902,901,900,900,900,900,900,900,900,
goal:900,900,900,900,900,900,900,900,900,900,900,900,900,900,900,900,900,900,900,900,900,900,900,900,900,900,900,900,900,900,900,900,900,900,900,900,900,900,900,900,900,900,900,900,900,900,
size:39
[agent] id:29
path:400,432,464,465,497,498,499,500,501,533,565,566,534,535,536,537,569,570,570,570,570,570,570,570,570,570,570,570,570,570,570,570,570,570,570,570,570,570,570,570,570,570,570,570,570,570,
goal:570,570,570,570,570,570,570,570,570,570,570,570,570,570,570,570,570,570,570,570,570,570,570,570,570,570,570,570,570,570,570,570,570,570,570,570,570,570,570,570,570,570,570,570,570,570,
size:17
SolutionCost:636
