[setting] seed:27607
[solver] type:SASB-ECBS
[solver] w:2.000000
[solver] ID:0
[solver] Lowlevelnode:5367
[solver] Highlevelnode:15
[solver] ConflictCount:8
[solver] solved:1
[solver] elapsed:50
[solver] makespan:41
[problem] timesteplimit:15000
[problem] type:MAPF
[problem] agentnum:30
[graph] width:32
[graph] height:32
[graph] filename:./map/32by32_agents10_ex30.map
[task] id:23,start:0,end:0,service time:0,nodes:871,
[task] id:19,start:0,end:0,service time:0,nodes:54,
[task] id:14,start:0,end:0,service time:0,nodes:927,
[task] id:2,start:0,end:0,service time:0,nodes:616,
[task] id:22,start:0,end:0,service time:0,nodes:424,
[task] id:21,start:0,end:0,service time:0,nodes:849,
[task] id:24,start:0,end:0,service time:0,nodes:330,
[task] id:0,start:0,end:0,service time:0,nodes:1005,
[task] id:17,start:0,end:0,service time:0,nodes:18,
[task] id:18,start:0,end:0,service time:0,nodes:426,
[task] id:10,start:0,end:0,service time:0,nodes:107,
[task] id:4,start:0,end:0,service time:0,nodes:758,
[task] id:1,start:0,end:0,service time:0,nodes:381,
[task] id:7,start:0,end:0,service time:0,nodes:716,
[task] id:15,start:0,end:0,service time:0,nodes:678,
[task] id:25,start:0,end:0,service time:0,nodes:651,
[task] id:11,start:0,end:0,service time:0,nodes:909,
[task] id:27,start:0,end:0,service time:0,nodes:277,
[task] id:9,start:0,end:0,service time:0,nodes:555,
[task] id:5,start:0,end:0,service time:0,nodes:231,
[task] id:13,start:0,end:0,service time:0,nodes:452,
[task] id:8,start:0,end:0,service time:0,nodes:613,
[task] id:12,start:0,end:0,service time:0,nodes:569,
[task] id:16,start:0,end:0,service time:0,nodes:93,
[task] id:29,start:0,end:0,service time:0,nodes:725,
[task] id:20,start:0,end:0,service time:0,nodes:864,
[task] id:26,start:0,end:0,service time:0,nodes:184,
[task] id:28,start:0,end:0,service time:0,nodes:209,
[task] id:3,start:0,end:0,service time:0,nodes:821,
[task] id:6,start:0,end:0,service time:0,nodes:902,
[agent] id:0
path:852,884,883,915,914,946,945,944,943,942,974,1006,1005,1005,1005,1005,1005,1005,1005,1005,1005,1005,1005,1005,1005,1005,1005,1005,1005,1005,1005,1005,1005,1005,1005,1005,1005,1005,1005,1005,1005,1005,
goal:1005,1005,1005,1005,1005,1005,1005,1005,1005,1005,1005,1005,1005,1005,1005,1005,1005,1005,1005,1005,1005,1005,1005,1005,1005,1005,1005,1005,1005,1005,1005,1005,1005,1005,1005,1005,1005,1005,1005,1005,1005,1005,
size:12
[agent] id:1
path:656,657,658,626,594,562,530,498,466,434,435,436,437,405,373,374,375,376,377,378,379,380,381,381,381,381,381,381,381,381,381,381,381,381,381,381,381,381,381,381,381,381,
goal:381,381,381,381,381,381,381,381,381,381,381,381,381,381,381,381,381,381,381,381,381,381,381,381,381,381,381,381,381,381,381,381,381,381,381,381,381,381,381,381,381,381,
size:22
[agent] id:2
path:741,709,677,645,613,614,615,616,616,616,616,616,616,616,616,616,616,616,616,616,616,616,616,616,616,616,616,616,616,616,616,616,616,616,616,616,616,616,616,616,616,616,
goal:616,616,616,616,616,616,616,616,616,616,616,616,616,616,616,616,616,616,616,616,616,616,616,616,616,616,616,616,616,616,616,616,616,616,616,616,616,616,616,616,616,616,
size:7
[agent] id:3
path:197,229,261,293,294,326,358,390,391,392,393,394,426,458,490,522,554,555,556,557,589,590,622,654,655,687,688,720,752,753,785,786,818,850,851,852,853,821,821,821,821,821,
goal:821,821,821,821,821,821,821,821,821,821,821,821,821,821,821,821,821,821,821,821,821,821,821,821,821,821,821,821,821,821,821,821,821,821,821,821,821,821,821,821,821,821,
size:37
[agent] id:4
path:281,313,345,377,409,441,473,472,504,536,535,567,599,631,663,695,727,759,758,758,758,758,758,758,758,758,758,758,758,758,758,758,758,758,758,758,758,758,758,758,758,758,
goal:758,758,758,758,758,758,758,758,758,758,758,758,758,758,758,758,758,758,758,758,758,758,758,758,758,758,758,758,758,758,758,758,758,758,758,758,758,758,758,758,758,758,
size:18
[agent] id:5
path:347,379,378,378,377,345,313,312,311,310,309,308,307,306,274,242,241,240,239,207,206,205,204,203,202,201,200,199,231,231,231,231,231,231,231,231,231,231,231,231,231,231,
goal:231,231,231,231,231,231,231,231,231,231,231,231,231,231,231,231,231,231,231,231,231,231,231,231,231,231,231,231,231,231,231,231,231,231,231,231,231,231,231,231,231,231,
size:28
[agent] id:6
path:50,82,114,146,145,144,143,142,174,206,205,204,203,202,201,200,199,231,263,262,294,326,358,390,422,454,486,518,550,582,614,646,647,679,711,743,775,807,839,838,870,902,
goal:902,902,902,902,902,902,902,902,902,902,902,902,902,902,902,902,902,902,902,902,902,902,902,902,902,902,902,902,902,902,902,902,902,902,902,902,902,902,902,902,902,902,
size:41
[agent] id:7
path:474,473,472,504,536,535,567,599,631,663,662,661,693,692,691,690,689,688,687,686,718,717,716,716,716,716,716,716,716,716,716,716,716,716,716,716,716,716,716,716,716,716,
goal:716,716,716,716,716,716,716,716,716,716,716,716,716,716,716,716,716,716,716,716,716,716,716,716,716,716,716,716,716,716,716,716,716,716,716,716,716,716,716,716,716,716,
size:22
[agent] id:8
path:766,734,702,701,700,699,698,697,696,664,663,662,661,660,659,658,657,656,655,654,653,652,651,650,649,648,647,615,614,613,613,613,613,613,613,613,613,613,613,613,613,613,
goal:613,613,613,613,613,613,613,613,613,613,613,613,613,613,613,613,613,613,613,613,613,613,613,613,613,613,613,613,613,613,613,613,613,613,613,613,613,613,613,613,613,613,
size:29
[agent] id:9
path:218,217,216,248,280,312,344,376,408,407,439,438,470,469,501,533,565,564,563,562,561,560,559,558,557,556,555,555,555,555,555,555,555,555,555,555,555,555,555,555,555,555,
goal:555,555,555,555,555,555,555,555,555,555,555,555,555,555,555,555,555,555,555,555,555,555,555,555,555,555,555,555,555,555,555,555,555,555,555,555,555,555,555,555,555,555,
size:26
[agent] id:10
path:554,522,490,458,426,394,395,396,364,332,300,268,236,204,172,140,139,107,107,107,107,107,107,107,107,107,107,107,107,107,107,107,107,107,107,107,107,107,107,107,107,107,
goal:107,107,107,107,107,107,107,107,107,107,107,107,107,107,107,107,107,107,107,107,107,107,107,107,107,107,107,107,107,107,107,107,107,107,107,107,107,107,107,107,107,107,
size:17
[agent] id:11
path:303,302,301,300,332,364,396,428,460,461,493,525,557,589,621,653,685,717,749,781,782,814,846,878,877,909,909,909,909,909,909,909,909,909,909,909,909,909,909,909,909,909,
goal:909,909,909,909,909,909,909,909,909,909,909,909,909,909,909,909,909,909,909,909,909,909,909,909,909,909,909,909,909,909,909,909,909,909,909,909,909,909,909,909,909,909,
size:25
[agent] id:12
path:1003,971,939,907,875,843,811,779,747,715,683,651,652,653,654,622,590,591,592,593,594,562,563,564,565,533,534,535,536,537,569,569,569,569,569,569,569,569,569,569,569,569,
goal:569,569,569,569,569,569,569,569,569,569,569,569,569,569,569,569,569,569,569,569,569,569,569,569,569,569,569,569,569,569,569,569,569,569,569,569,569,569,569,569,569,569,
size:30
[agent] id:13
path:83,115,115,114,146,145,144,143,142,174,206,205,204,203,202,201,200,199,231,263,262,294,326,358,390,422,454,453,452,452,452,452,452,452,452,452,452,452,452,452,452,452,
goal:452,452,452,452,452,452,452,452,452,452,452,452,452,452,452,452,452,452,452,452,452,452,452,452,452,452,452,452,452,452,452,452,452,452,452,452,452,452,452,452,452,452,
size:28
[agent] id:14
path:860,892,924,925,926,927,927,927,927,927,927,927,927,927,927,927,927,927,927,927,927,927,927,927,927,927,927,927,927,927,927,927,927,927,927,927,927,927,927,927,927,927,
goal:927,927,927,927,927,927,927,927,927,927,927,927,927,927,927,927,927,927,927,927,927,927,927,927,927,927,927,927,927,927,927,927,927,927,927,927,927,927,927,927,927,927,
size:5
[agent] id:15
path:700,699,698,697,696,695,663,662,661,660,659,658,657,656,655,654,653,652,651,683,682,681,680,679,678,678,678,678,678,678,678,678,678,678,678,678,678,678,678,678,678,678,
goal:678,678,678,678,678,678,678,678,678,678,678,678,678,678,678,678,678,678,678,678,678,678,678,678,678,678,678,678,678,678,678,678,678,678,678,678,678,678,678,678,678,678,
size:24
[agent] id:16
path:735,703,671,639,607,606,605,604,603,571,539,507,508,476,477,478,446,414,413,381,349,317,285,286,287,255,223,191,159,127,95,94,93,93,93,93,93,93,93,93,93,93,
goal:93,93,93,93,93,93,93,93,93,93,93,93,93,93,93,93,93,93,93,93,93,93,93,93,93,93,93,93,93,93,93,93,93,93,93,93,93,93,93,93,93,93,
size:32
[agent] id:17
path:219,187,155,123,91,90,58,26,25,24,23,22,21,20,19,18,18,18,18,18,18,18,18,18,18,18,18,18,18,18,18,18,18,18,18,18,18,18,18,18,18,18,
goal:18,18,18,18,18,18,18,18,18,18,18,18,18,18,18,18,18,18,18,18,18,18,18,18,18,18,18,18,18,18,18,18,18,18,18,18,18,18,18,18,18,18,
size:15
[agent] id:18
path:642,610,578,579,547,515,516,517,518,519,520,521,489,457,458,426,426,426,426,426,426,426,426,426,426,426,426,426,426,426,426,426,426,426,426,426,426,426,426,426,426,426,
goal:426,426,426,426,426,426,426,426,426,426,426,426,426,426,426,426,426,426,426,426,426,426,426,426,426,426,426,426,426,426,426,426,426,426,426,426,426,426,426,426,426,426,
size:15
[agent] id:19
path:57,56,55,54,54,54,54,54,54,54,54,54,54,54,54,54,54,54,54,54,54,54,54,54,54,54,54,54,54,54,54,54,54,54,54,54,54,54,54,54,54,54,
goal:54,54,54,54,54,54,54,54,54,54,54,54,54,54,54,54,54,54,54,54,54,54,54,54,54,54,54,54,54,54,54,54,54,54,54,54,54,54,54,54,54,54,
size:3
[agent] id:20
path:794,793,825,824,823,855,854,853,852,851,850,882,914,946,945,944,943,942,941,940,939,938,937,936,935,967,966,965,964,963,931,930,929,928,896,864,864,864,864,864,864,864,
goal:864,864,864,864,864,864,864,864,864,864,864,864,864,864,864,864,864,864,864,864,864,864,864,864,864,864,864,864,864,864,864,864,864,864,864,864,864,864,864,864,864,864,
size:35
[agent] id:21
path:778,810,842,843,844,845,846,847,848,849,849,849,849,849,849,849,849,849,849,849,849,849,849,849,849,849,849,849,849,849,849,849,849,849,849,849,849,849,849,849,849,849,
goal:849,849,849,849,849,849,849,849,849,849,849,849,849,849,849,849,849,849,849,849,849,849,849,849,849,849,849,849,849,849,849,849,849,849,849,849,849,849,849,849,849,849,
size:9
[agent] id:22
path:416,417,418,419,420,421,422,423,424,424,424,424,424,424,424,424,424,424,424,424,424,424,424,424,424,424,424,424,424,424,424,424,424,424,424,424,424,424,424,424,424,424,
goal:424,424,424,424,424,424,424,424,424,424,424,424,424,424,424,424,424,424,424,424,424,424,424,424,424,424,424,424,424,424,424,424,424,424,424,424,424,424,424,424,424,424,
size:8
[agent] id:23
path:902,870,871,871,871,871,871,871,871,871,871,871,871,871,871,871,871,871,871,871,871,871,871,871,871,871,871,871,871,871,871,871,871,871,871,871,871,871,871,871,871,871,
goal:871,871,871,871,871,871,871,871,871,871,871,871,871,871,871,871,871,871,871,871,871,871,871,871,871,871,871,871,871,871,871,871,871,871,871,871,871,871,871,871,871,871,
size:2
[agent] id:24
path:306,305,304,303,302,301,300,332,331,330,330,330,330,330,330,330,330,330,330,330,330,330,330,330,330,330,330,330,330,330,330,330,330,330,330,330,330,330,330,330,330,330,
goal:330,330,330,330,330,330,330,330,330,330,330,330,330,330,330,330,330,330,330,330,330,330,330,330,330,330,330,330,330,330,330,330,330,330,330,330,330,330,330,330,330,330,
size:9
[agent] id:25
path:861,860,859,858,857,825,793,792,760,728,696,664,663,662,661,660,659,658,657,656,655,654,653,652,651,651,651,651,651,651,651,651,651,651,651,651,651,651,651,651,651,651,
goal:651,651,651,651,651,651,651,651,651,651,651,651,651,651,651,651,651,651,651,651,651,651,651,651,651,651,651,651,651,651,651,651,651,651,651,651,651,651,651,651,651,651,
size:24
[agent] id:26
path:676,644,612,613,614,582,550,518,486,454,422,390,391,392,393,394,395,396,364,332,300,268,269,270,271,239,240,241,209,210,211,212,213,181,182,183,184,184,184,184,184,184,
goal:184,184,184,184,184,184,184,184,184,184,184,184,184,184,184,184,184,184,184,184,184,184,184,184,184,184,184,184,184,184,184,184,184,184,184,184,184,184,184,184,184,184,
size:36
[agent] id:27
path:714,682,650,618,619,620,621,589,557,525,526,527,528,529,497,465,433,401,369,337,305,306,307,308,276,277,277,277,277,277,277,277,277,277,277,277,277,277,277,277,277,277,
goal:277,277,277,277,277,277,277,277,277,277,277,277,277,277,277,277,277,277,277,277,277,277,277,277,277,277,277,277,277,277,277,277,277,277,277,277,277,277,277,277,277,277,
size:25
[agent] id:28
path:866,867,835,803,771,739,707,708,676,644,612,613,614,582,550,518,486,454,422,390,391,392,393,394,395,396,364,332,300,268,269,270,271,239,240,241,209,209,209,209,209,209,
goal:209,209,209,209,209,209,209,209,209,209,209,209,209,209,209,209,209,209,209,209,209,209,209,209,209,209,209,209,209,209,209,209,209,209,209,209,209,209,209,209,209,209,
size:36
[agent] id:29
path:31,63,95,127,159,191,223,255,287,286,318,317,349,381,380,379,378,410,442,474,473,472,504,536,535,567,599,631,663,695,727,726,725,725,725,725,725,725,725,725,725,725,
goal:725,725,725,725,725,725,725,725,725,725,725,725,725,725,725,725,725,725,725,725,725,725,725,725,725,725,725,725,725,725,725,725,725,725,725,725,725,725,725,725,725,725,
size:32
SolutionCost:652
