[setting] seed:804
[solver] type:SASB-ECBS
[solver] w:2.000000
[solver] ID:0
[solver] Lowlevelnode:5572
[solver] Highlevelnode:17
[solver] ConflictCount:9
[solver] solved:1
[solver] elapsed:37
[solver] makespan:45
[problem] timesteplimit:15000
[problem] type:MAPF
[problem] agentnum:30
[graph] width:32
[graph] height:32
[graph] filename:./map/32by32_agents10_ex30.map
[task] id:28,start:0,end:0,service time:0,nodes:849,
[task] id:2,start:0,end:0,service time:0,nodes:277,
[task] id:27,start:0,end:0,service time:0,nodes:337,
[task] id:3,start:0,end:0,service time:0,nodes:487,
[task] id:8,start:0,end:0,service time:0,nodes:941,
[task] id:12,start:0,end:0,service time:0,nodes:441,
[task] id:24,start:0,end:0,service time:0,nodes:972,
[task] id:9,start:0,end:0,service time:0,nodes:848,
[task] id:6,start:0,end:0,service time:0,nodes:211,
[task] id:7,start:0,end:0,service time:0,nodes:615,
[task] id:5,start:0,end:0,service time:0,nodes:466,
[task] id:19,start:0,end:0,service time:0,nodes:136,
[task] id:26,start:0,end:0,service time:0,nodes:700,
[task] id:0,start:0,end:0,service time:0,nodes:504,
[task] id:17,start:0,end:0,service time:0,nodes:494,
[task] id:11,start:0,end:0,service time:0,nodes:703,
[task] id:14,start:0,end:0,service time:0,nodes:991,
[task] id:23,start:0,end:0,service time:0,nodes:347,
[task] id:1,start:0,end:0,service time:0,nodes:628,
[task] id:18,start:0,end:0,service time:0,nodes:183,
[task] id:21,start:0,end:0,service time:0,nodes:273,
[task] id:29,start:0,end:0,service time:0,nodes:451,
[task] id:10,start:0,end:0,service time:0,nodes:294,
[task] id:15,start:0,end:0,service time:0,nodes:575,
[task] id:20,start:0,end:0,service time:0,nodes:822,
[task] id:22,start:0,end:0,service time:0,nodes:14,
[task] id:25,start:0,end:0,service time:0,nodes:512,
[task] id:4,start:0,end:0,service time:0,nodes:909,
[task] id:13,start:0,end:0,service time:0,nodes:422,
[task] id:16,start:0,end:0,service time:0,nodes:928,
[agent] id:0
path:520,521,522,554,555,556,557,558,559,560,561,562,563,564,565,533,534,535,503,504,504,504,504,504,504,504,504,504,504,504,504,504,504,504,504,504,504,504,504,504,504,504,504,504,504,504,
goal:504,504,504,504,504,504,504,504,504,504,504,504,504,504,504,504,504,504,504,504,504,504,504,504,504,504,504,504,504,504,504,504,504,504,504,504,504,504,504,504,504,504,504,504,504,504,
size:19
[agent] id:1
path:139,171,203,235,236,268,300,332,364,396,428,460,461,493,525,557,589,590,591,592,593,594,626,627,628,628,628,628,628,628,628,628,628,628,628,628,628,628,628,628,628,628,628,628,628,628,
goal:628,628,628,628,628,628,628,628,628,628,628,628,628,628,628,628,628,628,628,628,628,628,628,628,628,628,628,628,628,628,628,628,628,628,628,628,628,628,628,628,628,628,628,628,628,628,
size:24
[agent] id:2
path:501,469,437,405,373,341,309,277,277,277,277,277,277,277,277,277,277,277,277,277,277,277,277,277,277,277,277,277,277,277,277,277,277,277,277,277,277,277,277,277,277,277,277,277,277,277,
goal:277,277,277,277,277,277,277,277,277,277,277,277,277,277,277,277,277,277,277,277,277,277,277,277,277,277,277,277,277,277,277,277,277,277,277,277,277,277,277,277,277,277,277,277,277,277,
size:7
[agent] id:3
path:263,262,294,326,358,390,422,454,486,487,487,487,487,487,487,487,487,487,487,487,487,487,487,487,487,487,487,487,487,487,487,487,487,487,487,487,487,487,487,487,487,487,487,487,487,487,
goal:487,487,487,487,487,487,487,487,487,487,487,487,487,487,487,487,487,487,487,487,487,487,487,487,487,487,487,487,487,487,487,487,487,487,487,487,487,487,487,487,487,487,487,487,487,487,
size:9
[agent] id:4
path:24,56,88,120,152,184,216,248,280,312,344,376,408,407,439,438,470,469,501,533,565,597,629,661,693,725,724,723,755,754,786,818,850,882,881,880,879,878,877,909,909,909,909,909,909,909,
goal:909,909,909,909,909,909,909,909,909,909,909,909,909,909,909,909,909,909,909,909,909,909,909,909,909,909,909,909,909,909,909,909,909,909,909,909,909,909,909,909,909,909,909,909,909,909,
size:39
[agent] id:5
path:550,551,552,553,554,555,556,524,525,526,527,528,529,497,465,466,466,466,466,466,466,466,466,466,466,466,466,466,466,466,466,466,466,466,466,466,466,466,466,466,466,466,466,466,466,466,
goal:466,466,466,466,466,466,466,466,466,466,466,466,466,466,466,466,466,466,466,466,466,466,466,466,466,466,466,466,466,466,466,466,466,466,466,466,466,466,466,466,466,466,466,466,466,466,
size:15
[agent] id:6
path:529,497,465,433,401,369,337,305,273,241,209,210,211,211,211,211,211,211,211,211,211,211,211,211,211,211,211,211,211,211,211,211,211,211,211,211,211,211,211,211,211,211,211,211,211,211,
goal:211,211,211,211,211,211,211,211,211,211,211,211,211,211,211,211,211,211,211,211,211,211,211,211,211,211,211,211,211,211,211,211,211,211,211,211,211,211,211,211,211,211,211,211,211,211,
size:12
[agent] id:7
path:997,965,933,901,869,837,805,773,741,709,677,645,613,614,615,615,615,615,615,615,615,615,615,615,615,615,615,615,615,615,615,615,615,615,615,615,615,615,615,615,615,615,615,615,615,615,
goal:615,615,615,615,615,615,615,615,615,615,615,615,615,615,615,615,615,615,615,615,615,615,615,615,615,615,615,615,615,615,615,615,615,615,615,615,615,615,615,615,615,615,615,615,615,615,
size:14
[agent] id:8
path:714,715,747,779,811,843,875,907,939,940,941,941,941,941,941,941,941,941,941,941,941,941,941,941,941,941,941,941,941,941,941,941,941,941,941,941,941,941,941,941,941,941,941,941,941,941,
goal:941,941,941,941,941,941,941,941,941,941,941,941,941,941,941,941,941,941,941,941,941,941,941,941,941,941,941,941,941,941,941,941,941,941,941,941,941,941,941,941,941,941,941,941,941,941,
size:10
[agent] id:9
path:806,838,839,840,841,842,843,844,845,846,847,848,848,848,848,848,848,848,848,848,848,848,848,848,848,848,848,848,848,848,848,848,848,848,848,848,848,848,848,848,848,848,848,848,848,848,
goal:848,848,848,848,848,848,848,848,848,848,848,848,848,848,848,848,848,848,848,848,848,848,848,848,848,848,848,848,848,848,848,848,848,848,848,848,848,848,848,848,848,848,848,848,848,848,
size:11
[agent] id:10
path:503,535,567,566,565,564,563,531,530,529,528,560,559,558,557,556,555,554,522,490,458,426,394,393,392,391,359,358,326,294,294,294,294,294,294,294,294,294,294,294,294,294,294,294,294,294,
goal:294,294,294,294,294,294,294,294,294,294,294,294,294,294,294,294,294,294,294,294,294,294,294,294,294,294,294,294,294,294,294,294,294,294,294,294,294,294,294,294,294,294,294,294,294,294,
size:29
[agent] id:11
path:685,686,687,688,689,690,691,692,693,661,662,663,695,696,697,698,699,700,701,702,703,703,703,703,703,703,703,703,703,703,703,703,703,703,703,703,703,703,703,703,703,703,703,703,703,703,
goal:703,703,703,703,703,703,703,703,703,703,703,703,703,703,703,703,703,703,703,703,703,703,703,703,703,703,703,703,703,703,703,703,703,703,703,703,703,703,703,703,703,703,703,703,703,703,
size:20
[agent] id:12
path:286,318,317,349,381,380,379,378,410,442,441,441,441,441,441,441,441,441,441,441,441,441,441,441,441,441,441,441,441,441,441,441,441,441,441,441,441,441,441,441,441,441,441,441,441,441,
goal:441,441,441,441,441,441,441,441,441,441,441,441,441,441,441,441,441,441,441,441,441,441,441,441,441,441,441,441,441,441,441,441,441,441,441,441,441,441,441,441,441,441,441,441,441,441,
size:10
[agent] id:13
path:1020,988,956,924,892,860,859,858,857,825,793,792,760,728,696,664,632,600,599,567,566,565,564,563,531,530,529,528,527,526,525,493,461,460,459,458,457,456,424,423,422,422,422,422,422,422,
goal:422,422,422,422,422,422,422,422,422,422,422,422,422,422,422,422,422,422,422,422,422,422,422,422,422,422,422,422,422,422,422,422,422,422,422,422,422,422,422,422,422,422,422,422,422,422,
size:40
[agent] id:14
path:1005,973,974,942,943,944,945,946,978,979,980,948,949,950,982,983,984,985,986,987,988,989,990,991,991,991,991,991,991,991,991,991,991,991,991,991,991,991,991,991,991,991,991,991,991,991,
goal:991,991,991,991,991,991,991,991,991,991,991,991,991,991,991,991,991,991,991,991,991,991,991,991,991,991,991,991,991,991,991,991,991,991,991,991,991,991,991,991,991,991,991,991,991,991,
size:23
[agent] id:15
path:458,459,460,461,493,525,526,527,528,528,560,592,593,594,626,627,628,629,630,631,632,633,634,602,603,604,605,573,574,575,575,575,575,575,575,575,575,575,575,575,575,575,575,575,575,575,
goal:575,575,575,575,575,575,575,575,575,575,575,575,575,575,575,575,575,575,575,575,575,575,575,575,575,575,575,575,575,575,575,575,575,575,575,575,575,575,575,575,575,575,575,575,575,575,
size:29
[agent] id:16
path:379,378,410,409,408,407,439,438,470,469,501,533,565,597,629,661,660,659,658,657,656,655,654,653,685,717,716,715,747,779,811,843,842,841,840,872,871,870,902,901,900,899,931,930,929,928,
goal:928,928,928,928,928,928,928,928,928,928,928,928,928,928,928,928,928,928,928,928,928,928,928,928,928,928,928,928,928,928,928,928,928,928,928,928,928,928,928,928,928,928,928,928,928,928,
size:45
[agent] id:17
path:196,228,260,292,293,294,326,358,390,422,423,424,456,457,458,459,460,461,493,494,494,494,494,494,494,494,494,494,494,494,494,494,494,494,494,494,494,494,494,494,494,494,494,494,494,494,
goal:494,494,494,494,494,494,494,494,494,494,494,494,494,494,494,494,494,494,494,494,494,494,494,494,494,494,494,494,494,494,494,494,494,494,494,494,494,494,494,494,494,494,494,494,494,494,
size:19
[agent] id:18
path:604,603,571,539,540,508,476,477,478,446,414,413,381,380,379,378,377,345,313,281,280,248,216,184,183,183,183,183,183,183,183,183,183,183,183,183,183,183,183,183,183,183,183,183,183,183,
goal:183,183,183,183,183,183,183,183,183,183,183,183,183,183,183,183,183,183,183,183,183,183,183,183,183,183,183,183,183,183,183,183,183,183,183,183,183,183,183,183,183,183,183,183,183,183,
size:24
[agent] id:19
path:483,451,419,420,421,389,357,357,358,326,294,262,230,231,199,167,135,136,136,136,136,136,136,136,136,136,136,136,136,136,136,136,136,136,136,136,136,136,136,136,136,136,136,136,136,136,
goal:136,136,136,136,136,136,136,136,136,136,136,136,136,136,136,136,136,136,136,136,136,136,136,136,136,136,136,136,136,136,136,136,136,136,136,136,136,136,136,136,136,136,136,136,136,136,
size:17
[agent] id:20
path:105,137,169,201,233,234,235,236,268,300,332,364,396,428,460,461,493,525,557,589,621,653,685,686,687,688,720,721,722,723,724,725,757,758,759,791,823,822,822,822,822,822,822,822,822,822,
goal:822,822,822,822,822,822,822,822,822,822,822,822,822,822,822,822,822,822,822,822,822,822,822,822,822,822,822,822,822,822,822,822,822,822,822,822,822,822,822,822,822,822,822,822,822,822,
size:37
[agent] id:21
path:1,33,65,66,67,68,69,101,133,165,166,167,199,200,201,202,203,204,205,206,207,239,240,241,273,273,273,273,273,273,273,273,273,273,273,273,273,273,273,273,273,273,273,273,273,273,
goal:273,273,273,273,273,273,273,273,273,273,273,273,273,273,273,273,273,273,273,273,273,273,273,273,273,273,273,273,273,273,273,273,273,273,273,273,273,273,273,273,273,273,273,273,273,273,
size:24
[agent] id:22
path:801,802,770,738,706,707,708,676,644,612,613,614,582,550,518,486,454,422,390,358,326,294,262,230,231,199,167,135,103,71,39,7,8,9,10,11,12,13,14,14,14,14,14,14,14,14,
goal:14,14,14,14,14,14,14,14,14,14,14,14,14,14,14,14,14,14,14,14,14,14,14,14,14,14,14,14,14,14,14,14,14,14,14,14,14,14,14,14,14,14,14,14,14,14,
size:38
[agent] id:23
path:140,172,204,236,268,300,301,302,303,304,305,306,307,308,309,310,311,312,344,345,377,378,379,347,347,347,347,347,347,347,347,347,347,347,347,347,347,347,347,347,347,347,347,347,347,347,
goal:347,347,347,347,347,347,347,347,347,347,347,347,347,347,347,347,347,347,347,347,347,347,347,347,347,347,347,347,347,347,347,347,347,347,347,347,347,347,347,347,347,347,347,347,347,347,
size:23
[agent] id:24
path:850,882,914,913,912,911,943,942,974,973,972,972,972,972,972,972,972,972,972,972,972,972,972,972,972,972,972,972,972,972,972,972,972,972,972,972,972,972,972,972,972,972,972,972,972,972,
goal:972,972,972,972,972,972,972,972,972,972,972,972,972,972,972,972,972,972,972,972,972,972,972,972,972,972,972,972,972,972,972,972,972,972,972,972,972,972,972,972,972,972,972,972,972,972,
size:10
[agent] id:25
path:86,54,53,52,84,83,115,114,146,178,210,242,274,306,305,304,303,302,301,300,332,364,396,428,460,459,458,490,522,521,520,519,518,517,516,515,514,513,512,512,512,512,512,512,512,512,
goal:512,512,512,512,512,512,512,512,512,512,512,512,512,512,512,512,512,512,512,512,512,512,512,512,512,512,512,512,512,512,512,512,512,512,512,512,512,512,512,512,512,512,512,512,512,512,
size:38
[agent] id:26
path:281,313,345,377,409,441,473,472,504,536,537,569,570,602,634,635,667,699,700,700,700,700,700,700,700,700,700,700,700,700,700,700,700,700,700,700,700,700,700,700,700,700,700,700,700,700,
goal:700,700,700,700,700,700,700,700,700,700,700,700,700,700,700,700,700,700,700,700,700,700,700,700,700,700,700,700,700,700,700,700,700,700,700,700,700,700,700,700,700,700,700,700,700,700,
size:18
[agent] id:27
path:206,207,239,271,303,304,336,337,337,337,337,337,337,337,337,337,337,337,337,337,337,337,337,337,337,337,337,337,337,337,337,337,337,337,337,337,337,337,337,337,337,337,337,337,337,337,
goal:337,337,337,337,337,337,337,337,337,337,337,337,337,337,337,337,337,337,337,337,337,337,337,337,337,337,337,337,337,337,337,337,337,337,337,337,337,337,337,337,337,337,337,337,337,337,
size:7
[agent] id:28
path:912,880,848,849,849,849,849,849,849,849,849,849,849,849,849,849,849,849,849,849,849,849,849,849,849,849,849,849,849,849,849,849,849,849,849,849,849,849,849,849,849,849,849,849,849,849,
goal:849,849,849,849,849,849,849,849,849,849,849,849,849,849,849,849,849,849,849,849,849,849,849,849,849,849,849,849,849,849,849,849,849,849,849,849,849,849,849,849,849,849,849,849,849,849,
size:3
[agent] id:29
path:816,848,847,846,814,782,750,718,686,654,622,590,558,557,556,555,554,522,521,520,519,518,486,454,453,452,451,451,451,451,451,451,451,451,451,451,451,451,451,451,451,451,451,451,451,451,
goal:451,451,451,451,451,451,451,451,451,451,451,451,451,451,451,451,451,451,451,451,451,451,451,451,451,451,451,451,451,451,451,451,451,451,451,451,451,451,451,451,451,451,451,451,451,451,
size:26
SolutionCost:640
