[setting] seed:2541
[solver] type:SASB-ECBS
[solver] w:2.000000
[solver] ID:0
[solver] Lowlevelnode:4396
[solver] Highlevelnode:21
[solver] ConflictCount:11
[solver] solved:1
[solver] elapsed:33
[solver] makespan:38
[problem] timesteplimit:15000
[problem] type:MAPF
[problem] agentnum:30
[graph] width:32
[graph] height:32
[graph] filename:./map/32by32_agents10_ex30.map
[task] id:6,start:0,end:0,service time:0,nodes:418,
[task] id:2,start:0,end:0,service time:0,nodes:533,
[task] id:4,start:0,end:0,service time:0,nodes:334,
[task] id:28,start:0,end:0,service time:0,nodes:96,
[task] id:8,start:0,end:0,service time:0,nodes:596,
[task] id:18,start:0,end:0,service time:0,nodes:811,
[task] id:5,start:0,end:0,service time:0,nodes:384,
[task] id:15,start:0,end:0,service time:0,nodes:806,
[task] id:26,start:0,end:0,service time:0,nodes:729,
[task] id:13,start:0,end:0,service time:0,nodes:331,
[task] id:14,start:0,end:0,service time:0,nodes:663,
[task] id:12,start:0,end:0,service time:0,nodes:74,
[task] id:22,start:0,end:0,service time:0,nodes:500,
[task] id:23,start:0,end:0,service time:0,nodes:913,
[task] id:0,start:0,end:0,service time:0,nodes:294,
[task] id:17,start:0,end:0,service time:0,nodes:465,
[task] id:19,start:0,end:0,service time:0,nodes:592,
[task] id:1,start:0,end:0,service time:0,nodes:810,
[task] id:7,start:0,end:0,service time:0,nodes:485,
[task] id:9,start:0,end:0,service time:0,nodes:400,
[task] id:27,start:0,end:0,service time:0,nodes:155,
[task] id:16,start:0,end:0,service time:0,nodes:707,
[task] id:10,start:0,end:0,service time:0,nodes:721,
[task] id:20,start:0,end:0,service time:0,nodes:26,
[task] id:21,start:0,end:0,service time:0,nodes:81,
[task] id:24,start:0,end:0,service time:0,nodes:776,
[task] id:29,start:0,end:0,service time:0,nodes:852,
[task] id:3,start:0,end:0,service time:0,nodes:610,
[task] id:25,start:0,end:0,service time:0,nodes:152,
[task] id:11,start:0,end:0,service time:0,nodes:95,
[agent] id:0
path:216,215,214,213,212,211,243,242,241,240,239,207,206,205,204,203,202,201,200,199,231,263,262,294,294,294,294,294,294,294,294,294,294,294,294,294,294,294,294,
goal:294,294,294,294,294,294,294,294,294,294,294,294,294,294,294,294,294,294,294,294,294,294,294,294,294,294,294,294,294,294,294,294,294,294,294,294,294,294,294,
size:23
[agent] id:1
path:228,260,292,293,294,326,358,390,422,454,486,518,550,582,614,646,678,710,742,774,775,807,808,809,810,810,810,810,810,810,810,810,810,810,810,810,810,810,810,
goal:810,810,810,810,810,810,810,810,810,810,810,810,810,810,810,810,810,810,810,810,810,810,810,810,810,810,810,810,810,810,810,810,810,810,810,810,810,810,810,
size:24
[agent] id:2
path:590,558,559,560,561,562,563,564,565,533,533,533,533,533,533,533,533,533,533,533,533,533,533,533,533,533,533,533,533,533,533,533,533,533,533,533,533,533,533,
goal:533,533,533,533,533,533,533,533,533,533,533,533,533,533,533,533,533,533,533,533,533,533,533,533,533,533,533,533,533,533,533,533,533,533,533,533,533,533,533,
size:9
[agent] id:3
path:52,84,83,115,114,146,178,210,242,274,306,305,337,369,401,433,465,497,529,561,593,592,591,623,622,621,620,619,618,617,616,615,614,613,612,611,610,610,610,
goal:610,610,610,610,610,610,610,610,610,610,610,610,610,610,610,610,610,610,610,610,610,610,610,610,610,610,610,610,610,610,610,610,610,610,610,610,610,610,610,
size:36
[agent] id:4
path:176,177,209,241,273,305,304,303,302,334,334,334,334,334,334,334,334,334,334,334,334,334,334,334,334,334,334,334,334,334,334,334,334,334,334,334,334,334,334,
goal:334,334,334,334,334,334,334,334,334,334,334,334,334,334,334,334,334,334,334,334,334,334,334,334,334,334,334,334,334,334,334,334,334,334,334,334,334,334,334,
size:9
[agent] id:5
path:739,707,706,705,673,641,609,577,545,513,512,480,448,416,384,384,384,384,384,384,384,384,384,384,384,384,384,384,384,384,384,384,384,384,384,384,384,384,384,
goal:384,384,384,384,384,384,384,384,384,384,384,384,384,384,384,384,384,384,384,384,384,384,384,384,384,384,384,384,384,384,384,384,384,384,384,384,384,384,384,
size:14
[agent] id:6
path:484,452,420,419,418,418,418,418,418,418,418,418,418,418,418,418,418,418,418,418,418,418,418,418,418,418,418,418,418,418,418,418,418,418,418,418,418,418,418,
goal:418,418,418,418,418,418,418,418,418,418,418,418,418,418,418,418,418,418,418,418,418,418,418,418,418,418,418,418,418,418,418,418,418,418,418,418,418,418,418,
size:4
[agent] id:7
path:341,373,405,437,469,501,500,499,531,563,562,561,560,559,558,557,556,555,554,522,521,520,519,487,486,485,485,485,485,485,485,485,485,485,485,485,485,485,485,
goal:485,485,485,485,485,485,485,485,485,485,485,485,485,485,485,485,485,485,485,485,485,485,485,485,485,485,485,485,485,485,485,485,485,485,485,485,485,485,485,
size:25
[agent] id:8
path:819,818,786,754,722,690,658,626,627,628,596,596,596,596,596,596,596,596,596,596,596,596,596,596,596,596,596,596,596,596,596,596,596,596,596,596,596,596,596,
goal:596,596,596,596,596,596,596,596,596,596,596,596,596,596,596,596,596,596,596,596,596,596,596,596,596,596,596,596,596,596,596,596,596,596,596,596,596,596,596,
size:10
[agent] id:9
path:974,942,943,911,879,847,848,849,850,818,786,754,722,690,690,658,626,594,562,530,498,466,434,402,401,400,400,400,400,400,400,400,400,400,400,400,400,400,400,
goal:400,400,400,400,400,400,400,400,400,400,400,400,400,400,400,400,400,400,400,400,400,400,400,400,400,400,400,400,400,400,400,400,400,400,400,400,400,400,400,
size:25
[agent] id:10
path:45,77,78,110,142,174,206,207,239,271,303,304,336,368,400,432,464,465,497,529,561,593,594,626,658,690,722,721,721,721,721,721,721,721,721,721,721,721,721,
goal:721,721,721,721,721,721,721,721,721,721,721,721,721,721,721,721,721,721,721,721,721,721,721,721,721,721,721,721,721,721,721,721,721,721,721,721,721,721,721,
size:27
[agent] id:11
path:393,394,395,396,364,364,396,395,395,396,364,332,300,268,269,270,271,239,240,241,209,210,211,212,213,181,182,150,151,119,87,88,89,90,91,92,93,94,95,
goal:95,95,95,95,95,95,95,95,95,95,95,95,95,95,95,95,95,95,95,95,95,95,95,95,95,95,95,95,95,95,95,95,95,95,95,95,95,95,95,
size:38
[agent] id:12
path:515,483,451,452,420,421,389,357,358,326,294,262,230,231,199,167,135,103,71,72,73,74,74,74,74,74,74,74,74,74,74,74,74,74,74,74,74,74,74,
goal:74,74,74,74,74,74,74,74,74,74,74,74,74,74,74,74,74,74,74,74,74,74,74,74,74,74,74,74,74,74,74,74,74,74,74,74,74,74,74,
size:21
[agent] id:13
path:720,688,656,655,623,591,559,527,526,494,493,461,429,397,396,364,332,331,331,331,331,331,331,331,331,331,331,331,331,331,331,331,331,331,331,331,331,331,331,
goal:331,331,331,331,331,331,331,331,331,331,331,331,331,331,331,331,331,331,331,331,331,331,331,331,331,331,331,331,331,331,331,331,331,331,331,331,331,331,331,
size:17
[agent] id:14
path:582,614,646,647,648,649,650,651,652,653,654,655,656,657,658,659,660,661,662,663,663,663,663,663,663,663,663,663,663,663,663,663,663,663,663,663,663,663,663,
goal:663,663,663,663,663,663,663,663,663,663,663,663,663,663,663,663,663,663,663,663,663,663,663,663,663,663,663,663,663,663,663,663,663,663,663,663,663,663,663,
size:19
[agent] id:15
path:752,720,688,687,686,718,717,716,715,747,779,811,810,809,808,807,806,806,806,806,806,806,806,806,806,806,806,806,806,806,806,806,806,806,806,806,806,806,806,
goal:806,806,806,806,806,806,806,806,806,806,806,806,806,806,806,806,806,806,806,806,806,806,806,806,806,806,806,806,806,806,806,806,806,806,806,806,806,806,806,
size:16
[agent] id:16
path:172,204,236,268,300,332,364,396,428,460,459,458,490,522,554,553,552,584,616,648,680,712,711,710,709,708,707,707,707,707,707,707,707,707,707,707,707,707,707,
goal:707,707,707,707,707,707,707,707,707,707,707,707,707,707,707,707,707,707,707,707,707,707,707,707,707,707,707,707,707,707,707,707,707,707,707,707,707,707,707,
size:26
[agent] id:17
path:872,840,808,776,744,712,680,648,616,584,552,553,554,555,556,524,525,526,527,528,528,529,497,465,465,465,465,465,465,465,465,465,465,465,465,465,465,465,465,
goal:465,465,465,465,465,465,465,465,465,465,465,465,465,465,465,465,465,465,465,465,465,465,465,465,465,465,465,465,465,465,465,465,465,465,465,465,465,465,465,
size:23
[agent] id:18
path:493,525,557,589,621,653,685,717,716,715,747,779,811,811,811,811,811,811,811,811,811,811,811,811,811,811,811,811,811,811,811,811,811,811,811,811,811,811,811,
goal:811,811,811,811,811,811,811,811,811,811,811,811,811,811,811,811,811,811,811,811,811,811,811,811,811,811,811,811,811,811,811,811,811,811,811,811,811,811,811,
size:12
[agent] id:19
path:13,45,77,78,110,142,174,206,207,239,271,303,304,336,368,400,432,464,465,497,529,561,593,592,592,592,592,592,592,592,592,592,592,592,592,592,592,592,592,
goal:592,592,592,592,592,592,592,592,592,592,592,592,592,592,592,592,592,592,592,592,592,592,592,592,592,592,592,592,592,592,592,592,592,592,592,592,592,592,592,
size:23
[agent] id:20
path:592,560,528,529,497,465,433,401,369,337,305,273,241,209,177,145,113,81,49,17,18,19,20,21,22,23,24,25,26,26,26,26,26,26,26,26,26,26,26,
goal:26,26,26,26,26,26,26,26,26,26,26,26,26,26,26,26,26,26,26,26,26,26,26,26,26,26,26,26,26,26,26,26,26,26,26,26,26,26,26,
size:28
[agent] id:21
path:545,513,514,482,450,451,419,420,421,389,390,391,392,393,394,395,396,364,332,300,268,236,204,172,173,174,142,110,78,79,80,81,81,81,81,81,81,81,81,
goal:81,81,81,81,81,81,81,81,81,81,81,81,81,81,81,81,81,81,81,81,81,81,81,81,81,81,81,81,81,81,81,81,81,81,81,81,81,81,81,
size:31
[agent] id:22
path:514,515,547,548,549,550,551,552,553,554,555,556,524,525,526,527,528,529,530,498,499,500,500,500,500,500,500,500,500,500,500,500,500,500,500,500,500,500,500,
goal:500,500,500,500,500,500,500,500,500,500,500,500,500,500,500,500,500,500,500,500,500,500,500,500,500,500,500,500,500,500,500,500,500,500,500,500,500,500,500,
size:21
[agent] id:23
path:705,737,738,770,802,803,835,836,837,838,839,840,841,842,874,875,876,877,878,879,911,912,913,913,913,913,913,913,913,913,913,913,913,913,913,913,913,913,913,
goal:913,913,913,913,913,913,913,913,913,913,913,913,913,913,913,913,913,913,913,913,913,913,913,913,913,913,913,913,913,913,913,913,913,913,913,913,913,913,913,
size:22
[agent] id:24
path:64,65,66,67,35,36,68,69,101,133,165,197,229,261,293,294,326,358,390,422,454,486,518,550,582,614,646,678,710,742,774,775,776,776,776,776,776,776,776,
goal:776,776,776,776,776,776,776,776,776,776,776,776,776,776,776,776,776,776,776,776,776,776,776,776,776,776,776,776,776,776,776,776,776,776,776,776,776,776,776,
size:32
[agent] id:25
path:610,578,579,547,515,483,451,419,420,421,389,390,391,392,393,394,395,396,364,332,300,268,269,270,271,239,240,241,209,210,211,212,213,181,182,150,151,152,152,
goal:152,152,152,152,152,152,152,152,152,152,152,152,152,152,152,152,152,152,152,152,152,152,152,152,152,152,152,152,152,152,152,152,152,152,152,152,152,152,152,
size:37
[agent] id:26
path:407,408,409,441,473,472,504,536,535,567,599,631,663,695,727,728,729,729,729,729,729,729,729,729,729,729,729,729,729,729,729,729,729,729,729,729,729,729,729,
goal:729,729,729,729,729,729,729,729,729,729,729,729,729,729,729,729,729,729,729,729,729,729,729,729,729,729,729,729,729,729,729,729,729,729,729,729,729,729,729,
size:16
[agent] id:27
path:658,626,594,562,530,498,466,434,435,436,437,405,373,341,309,277,245,213,181,182,183,184,185,186,187,155,155,155,155,155,155,155,155,155,155,155,155,155,155,
goal:155,155,155,155,155,155,155,155,155,155,155,155,155,155,155,155,155,155,155,155,155,155,155,155,155,155,155,155,155,155,155,155,155,155,155,155,155,155,155,
size:25
[agent] id:28
path:39,71,70,69,68,67,66,65,64,96,96,96,96,96,96,96,96,96,96,96,96,96,96,96,96,96,96,96,96,96,96,96,96,96,96,96,96,96,96,
goal:96,96,96,96,96,96,96,96,96,96,96,96,96,96,96,96,96,96,96,96,96,96,96,96,96,96,96,96,96,96,96,96,96,96,96,96,96,96,96,
size:9
[agent] id:29
path:58,90,122,121,153,185,217,216,248,280,312,344,376,408,409,441,473,472,504,536,535,567,599,631,632,664,696,728,760,792,824,823,855,854,853,852,852,852,852,
goal:852,852,852,852,852,852,852,852,852,852,852,852,852,852,852,852,852,852,852,852,852,852,852,852,852,852,852,852,852,852,852,852,852,852,852,852,852,852,852,
size:35
SolutionCost:657
