[setting] seed:10801
[solver] type:SASB-ECBS
[solver] w:2.000000
[solver] ID:0
[solver] Lowlevelnode:5239
[solver] Highlevelnode:25
[solver] ConflictCount:13
[solver] solved:1
[solver] elapsed:44
[solver] makespan:42
[problem] timesteplimit:15000
[problem] type:MAPF
[problem] agentnum:30
[graph] width:32
[graph] height:32
[graph] filename:./map/32by32_agents10_ex30.map
[task] id:28,start:0,end:0,service time:0,nodes:760,
[task] id:7,start:0,end:0,service time:0,nodes:300,
[task] id:1,start:0,end:0,service time:0,nodes:140,
[task] id:15,start:0,end:0,service time:0,nodes:677,
[task] id:18,start:0,end:0,service time:0,nodes:474,
[task] id:6,start:0,end:0,service time:0,nodes:909,
[task] id:26,start:0,end:0,service time:0,nodes:529,
[task] id:4,start:0,end:0,service time:0,nodes:58,
[task] id:19,start:0,end:0,service time:0,nodes:695,
[task] id:3,start:0,end:0,service time:0,nodes:144,
[task] id:17,start:0,end:0,service time:0,nodes:552,
[task] id:2,start:0,end:0,service time:0,nodes:441,
[task] id:29,start:0,end:0,service time:0,nodes:812,
[task] id:10,start:0,end:0,service time:0,nodes:699,
[task] id:13,start:0,end:0,service time:0,nodes:405,
[task] id:22,start:0,end:0,service time:0,nodes:221,
[task] id:14,start:0,end:0,service time:0,nodes:562,
[task] id:21,start:0,end:0,service time:0,nodes:119,
[task] id:5,start:0,end:0,service time:0,nodes:111,
[task] id:16,start:0,end:0,service time:0,nodes:773,
[task] id:11,start:0,end:0,service time:0,nodes:78,
[task] id:25,start:0,end:0,service time:0,nodes:230,
[task] id:27,start:0,end:0,service time:0,nodes:927,
[task] id:8,start:0,end:0,service time:0,nodes:778,
[task] id:9,start:0,end:0,service time:0,nodes:654,
[task] id:20,start:0,end:0,service time:0,nodes:564,
[task] id:0,start:0,end:0,service time:0,nodes:969,
[task] id:23,start:0,end:0,service time:0,nodes:806,
[task] id:12,start:0,end:0,service time:0,nodes:354,
[task] id:24,start:0,end:0,service time:0,nodes:915,
[agent] id:0
path:143,144,176,177,209,241,273,305,337,369,401,433,465,497,498,530,562,594,626,658,690,722,754,786,818,850,882,914,946,945,944,943,942,974,973,972,971,970,969,969,969,969,969,
goal:969,969,969,969,969,969,969,969,969,969,969,969,969,969,969,969,969,969,969,969,969,969,969,969,969,969,969,969,969,969,969,969,969,969,969,969,969,969,969,969,969,969,969,
size:38
[agent] id:1
path:301,269,268,236,204,172,140,140,140,140,140,140,140,140,140,140,140,140,140,140,140,140,140,140,140,140,140,140,140,140,140,140,140,140,140,140,140,140,140,140,140,140,140,
goal:140,140,140,140,140,140,140,140,140,140,140,140,140,140,140,140,140,140,140,140,140,140,140,140,140,140,140,140,140,140,140,140,140,140,140,140,140,140,140,140,140,140,140,
size:6
[agent] id:2
path:460,461,493,494,526,527,528,529,497,465,433,434,435,436,437,438,439,407,408,409,441,441,441,441,441,441,441,441,441,441,441,441,441,441,441,441,441,441,441,441,441,441,441,
goal:441,441,441,441,441,441,441,441,441,441,441,441,441,441,441,441,441,441,441,441,441,441,441,441,441,441,441,441,441,441,441,441,441,441,441,441,441,441,441,441,441,441,441,
size:20
[agent] id:3
path:28,27,26,58,57,56,55,54,53,52,84,83,115,114,146,145,144,144,144,144,144,144,144,144,144,144,144,144,144,144,144,144,144,144,144,144,144,144,144,144,144,144,144,
goal:144,144,144,144,144,144,144,144,144,144,144,144,144,144,144,144,144,144,144,144,144,144,144,144,144,144,144,144,144,144,144,144,144,144,144,144,144,144,144,144,144,144,144,
size:16
[agent] id:4
path:374,342,310,311,279,247,215,183,151,119,87,55,56,57,58,58,58,58,58,58,58,58,58,58,58,58,58,58,58,58,58,58,58,58,58,58,58,58,58,58,58,58,58,
goal:58,58,58,58,58,58,58,58,58,58,58,58,58,58,58,58,58,58,58,58,58,58,58,58,58,58,58,58,58,58,58,58,58,58,58,58,58,58,58,58,58,58,58,
size:14
[agent] id:5
path:545,513,514,482,450,418,419,420,421,389,357,358,326,294,262,230,231,199,200,201,202,203,171,172,173,174,142,110,111,111,111,111,111,111,111,111,111,111,111,111,111,111,111,
goal:111,111,111,111,111,111,111,111,111,111,111,111,111,111,111,111,111,111,111,111,111,111,111,111,111,111,111,111,111,111,111,111,111,111,111,111,111,111,111,111,111,111,111,
size:28
[agent] id:6
path:805,837,838,839,840,841,842,874,906,907,908,909,909,909,909,909,909,909,909,909,909,909,909,909,909,909,909,909,909,909,909,909,909,909,909,909,909,909,909,909,909,909,909,
goal:909,909,909,909,909,909,909,909,909,909,909,909,909,909,909,909,909,909,909,909,909,909,909,909,909,909,909,909,909,909,909,909,909,909,909,909,909,909,909,909,909,909,909,
size:11
[agent] id:7
path:305,304,303,302,301,300,300,300,300,300,300,300,300,300,300,300,300,300,300,300,300,300,300,300,300,300,300,300,300,300,300,300,300,300,300,300,300,300,300,300,300,300,300,
goal:300,300,300,300,300,300,300,300,300,300,300,300,300,300,300,300,300,300,300,300,300,300,300,300,300,300,300,300,300,300,300,300,300,300,300,300,300,300,300,300,300,300,300,
size:5
[agent] id:8
path:349,381,380,379,378,410,442,474,473,472,504,536,535,567,599,631,663,662,661,693,692,691,690,689,688,687,686,718,717,716,715,747,779,778,778,778,778,778,778,778,778,778,778,
goal:778,778,778,778,778,778,778,778,778,778,778,778,778,778,778,778,778,778,778,778,778,778,778,778,778,778,778,778,778,778,778,778,778,778,778,778,778,778,778,778,778,778,778,
size:33
[agent] id:9
path:93,92,91,123,155,187,219,218,217,216,248,280,312,344,376,408,407,406,438,470,469,501,533,565,597,629,661,660,659,658,657,656,655,654,654,654,654,654,654,654,654,654,654,
goal:654,654,654,654,654,654,654,654,654,654,654,654,654,654,654,654,654,654,654,654,654,654,654,654,654,654,654,654,654,654,654,654,654,654,654,654,654,654,654,654,654,654,654,
size:33
[agent] id:10
path:841,842,843,844,845,846,847,848,849,850,818,786,754,722,723,724,725,726,727,728,696,697,698,699,699,699,699,699,699,699,699,699,699,699,699,699,699,699,699,699,699,699,699,
goal:699,699,699,699,699,699,699,699,699,699,699,699,699,699,699,699,699,699,699,699,699,699,699,699,699,699,699,699,699,699,699,699,699,699,699,699,699,699,699,699,699,699,699,
size:23
[agent] id:11
path:838,806,774,742,710,678,646,614,582,550,518,486,454,422,390,358,326,294,262,230,231,199,200,201,202,203,171,172,173,174,142,110,78,78,78,78,78,78,78,78,78,78,78,
goal:78,78,78,78,78,78,78,78,78,78,78,78,78,78,78,78,78,78,78,78,78,78,78,78,78,78,78,78,78,78,78,78,78,78,78,78,78,78,78,78,78,78,78,
size:32
[agent] id:12
path:861,860,859,858,857,825,793,792,791,759,727,695,663,631,630,598,566,565,564,563,562,561,560,528,527,526,494,493,461,429,397,396,395,394,393,392,391,359,358,357,356,355,354,
goal:354,354,354,354,354,354,354,354,354,354,354,354,354,354,354,354,354,354,354,354,354,354,354,354,354,354,354,354,354,354,354,354,354,354,354,354,354,354,354,354,354,354,354,
size:42
[agent] id:13
path:10,42,74,106,138,139,171,203,235,236,268,269,301,302,303,304,305,306,307,308,309,341,373,405,405,405,405,405,405,405,405,405,405,405,405,405,405,405,405,405,405,405,405,
goal:405,405,405,405,405,405,405,405,405,405,405,405,405,405,405,405,405,405,405,405,405,405,405,405,405,405,405,405,405,405,405,405,405,405,405,405,405,405,405,405,405,405,405,
size:23
[agent] id:14
path:801,802,770,738,706,707,708,676,644,612,613,614,582,550,551,552,553,554,555,556,557,558,559,560,561,562,562,562,562,562,562,562,562,562,562,562,562,562,562,562,562,562,562,
goal:562,562,562,562,562,562,562,562,562,562,562,562,562,562,562,562,562,562,562,562,562,562,562,562,562,562,562,562,562,562,562,562,562,562,562,562,562,562,562,562,562,562,562,
size:25
[agent] id:15
path:837,838,806,774,742,710,678,677,677,677,677,677,677,677,677,677,677,677,677,677,677,677,677,677,677,677,677,677,677,677,677,677,677,677,677,677,677,677,677,677,677,677,677,
goal:677,677,677,677,677,677,677,677,677,677,677,677,677,677,677,677,677,677,677,677,677,677,677,677,677,677,677,677,677,677,677,677,677,677,677,677,677,677,677,677,677,677,677,
size:7
[agent] id:16
path:988,987,986,985,953,921,920,888,887,886,885,884,883,882,881,849,848,847,846,845,844,843,811,810,809,808,776,775,774,773,773,773,773,773,773,773,773,773,773,773,773,773,773,
goal:773,773,773,773,773,773,773,773,773,773,773,773,773,773,773,773,773,773,773,773,773,773,773,773,773,773,773,773,773,773,773,773,773,773,773,773,773,773,773,773,773,773,773,
size:29
[agent] id:17
path:757,725,693,661,660,659,658,657,656,655,623,622,621,620,619,618,617,616,584,552,552,552,552,552,552,552,552,552,552,552,552,552,552,552,552,552,552,552,552,552,552,552,552,
goal:552,552,552,552,552,552,552,552,552,552,552,552,552,552,552,552,552,552,552,552,552,552,552,552,552,552,552,552,552,552,552,552,552,552,552,552,552,552,552,552,552,552,552,
size:19
[agent] id:18
path:317,349,381,380,379,378,410,442,474,474,474,474,474,474,474,474,474,474,474,474,474,474,474,474,474,474,474,474,474,474,474,474,474,474,474,474,474,474,474,474,474,474,474,
goal:474,474,474,474,474,474,474,474,474,474,474,474,474,474,474,474,474,474,474,474,474,474,474,474,474,474,474,474,474,474,474,474,474,474,474,474,474,474,474,474,474,474,474,
size:8
[agent] id:19
path:846,847,848,849,850,818,786,754,722,723,724,725,726,727,695,695,695,695,695,695,695,695,695,695,695,695,695,695,695,695,695,695,695,695,695,695,695,695,695,695,695,695,695,
goal:695,695,695,695,695,695,695,695,695,695,695,695,695,695,695,695,695,695,695,695,695,695,695,695,695,695,695,695,695,695,695,695,695,695,695,695,695,695,695,695,695,695,695,
size:14
[agent] id:20
path:960,928,929,930,898,866,867,835,803,771,739,707,708,676,644,645,646,647,648,649,650,651,652,653,654,655,656,657,658,626,627,628,596,564,564,564,564,564,564,564,564,564,564,
goal:564,564,564,564,564,564,564,564,564,564,564,564,564,564,564,564,564,564,564,564,564,564,564,564,564,564,564,564,564,564,564,564,564,564,564,564,564,564,564,564,564,564,564,
size:33
[agent] id:21
path:793,792,760,728,696,664,632,600,599,567,535,503,504,472,473,441,409,377,345,313,281,280,248,216,184,152,120,119,119,119,119,119,119,119,119,119,119,119,119,119,119,119,119,
goal:119,119,119,119,119,119,119,119,119,119,119,119,119,119,119,119,119,119,119,119,119,119,119,119,119,119,119,119,119,119,119,119,119,119,119,119,119,119,119,119,119,119,119,
size:27
[agent] id:22
path:598,566,534,535,503,504,472,473,441,409,377,345,313,281,280,248,216,217,218,219,187,188,189,221,221,221,221,221,221,221,221,221,221,221,221,221,221,221,221,221,221,221,221,
goal:221,221,221,221,221,221,221,221,221,221,221,221,221,221,221,221,221,221,221,221,221,221,221,221,221,221,221,221,221,221,221,221,221,221,221,221,221,221,221,221,221,221,221,
size:23
[agent] id:23
path:19,51,83,115,114,146,178,210,242,274,306,305,337,369,401,433,465,497,498,530,530,562,594,626,658,690,689,688,687,686,718,717,716,715,747,779,811,810,809,808,807,806,806,
goal:806,806,806,806,806,806,806,806,806,806,806,806,806,806,806,806,806,806,806,806,806,806,806,806,806,806,806,806,806,806,806,806,806,806,806,806,806,806,806,806,806,806,806,
size:41
[agent] id:24
path:162,161,193,225,257,258,290,322,354,355,356,357,389,421,453,485,517,549,550,582,614,646,678,710,742,774,806,838,839,840,841,842,874,875,876,877,878,879,911,912,913,914,915,
goal:915,915,915,915,915,915,915,915,915,915,915,915,915,915,915,915,915,915,915,915,915,915,915,915,915,915,915,915,915,915,915,915,915,915,915,915,915,915,915,915,915,915,915,
size:42
[agent] id:25
path:758,726,725,693,661,629,597,565,564,563,562,561,560,528,527,526,494,493,461,429,397,396,395,394,393,392,391,359,358,326,294,262,230,230,230,230,230,230,230,230,230,230,230,
goal:230,230,230,230,230,230,230,230,230,230,230,230,230,230,230,230,230,230,230,230,230,230,230,230,230,230,230,230,230,230,230,230,230,230,230,230,230,230,230,230,230,230,230,
size:32
[agent] id:26
path:330,331,332,364,396,428,460,461,493,525,526,527,528,529,529,529,529,529,529,529,529,529,529,529,529,529,529,529,529,529,529,529,529,529,529,529,529,529,529,529,529,529,529,
goal:529,529,529,529,529,529,529,529,529,529,529,529,529,529,529,529,529,529,529,529,529,529,529,529,529,529,529,529,529,529,529,529,529,529,529,529,529,529,529,529,529,529,529,
size:13
[agent] id:27
path:680,712,744,776,808,840,841,842,843,844,845,846,847,848,849,850,851,852,853,854,855,823,824,825,857,858,859,860,892,924,925,926,927,927,927,927,927,927,927,927,927,927,927,
goal:927,927,927,927,927,927,927,927,927,927,927,927,927,927,927,927,927,927,927,927,927,927,927,927,927,927,927,927,927,927,927,927,927,927,927,927,927,927,927,927,927,927,927,
size:32
[agent] id:28
path:822,823,791,759,760,760,760,760,760,760,760,760,760,760,760,760,760,760,760,760,760,760,760,760,760,760,760,760,760,760,760,760,760,760,760,760,760,760,760,760,760,760,760,
goal:760,760,760,760,760,760,760,760,760,760,760,760,760,760,760,760,760,760,760,760,760,760,760,760,760,760,760,760,760,760,760,760,760,760,760,760,760,760,760,760,760,760,760,
size:4
[agent] id:29
path:358,390,422,454,486,518,550,582,583,615,647,679,711,743,775,807,808,809,810,811,812,812,812,812,812,812,812,812,812,812,812,812,812,812,812,812,812,812,812,812,812,812,812,
goal:812,812,812,812,812,812,812,812,812,812,812,812,812,812,812,812,812,812,812,812,812,812,812,812,812,812,812,812,812,812,812,812,812,812,812,812,812,812,812,812,812,812,812,
size:20
SolutionCost:693
