[setting] seed:24991
[solver] type:SASB-ECBS
[solver] w:2.000000
[solver] ID:0
[solver] Lowlevelnode:7970
[solver] Highlevelnode:23
[solver] ConflictCount:12
[solver] solved:1
[solver] elapsed:59
[solver] makespan:38
[problem] timesteplimit:15000
[problem] type:MAPF
[problem] agentnum:30
[graph] width:32
[graph] height:32
[graph] filename:./map/32by32_agents10_ex30.map
[task] id:3,start:0,end:0,service time:0,nodes:280,
[task] id:0,start:0,end:0,service time:0,nodes:698,
[task] id:12,start:0,end:0,service time:0,nodes:846,
[task] id:7,start:0,end:0,service time:0,nodes:152,
[task] id:25,start:0,end:0,service time:0,nodes:503,
[task] id:5,start:0,end:0,service time:0,nodes:562,
[task] id:18,start:0,end:0,service time:0,nodes:727,
[task] id:26,start:0,end:0,service time:0,nodes:236,
[task] id:23,start:0,end:0,service time:0,nodes:69,
[task] id:24,start:0,end:0,service time:0,nodes:721,
[task] id:8,start:0,end:0,service time:0,nodes:640,
[task] id:11,start:0,end:0,service time:0,nodes:493,
[task] id:10,start:0,end:0,service time:0,nodes:174,
[task] id:6,start:0,end:0,service time:0,nodes:458,
[task] id:4,start:0,end:0,service time:0,nodes:978,
[task] id:22,start:0,end:0,service time:0,nodes:115,
[task] id:29,start:0,end:0,service time:0,nodes:737,
[task] id:27,start:0,end:0,service time:0,nodes:206,
[task] id:16,start:0,end:0,service time:0,nodes:138,
[task] id:20,start:0,end:0,service time:0,nodes:531,
[task] id:28,start:0,end:0,service time:0,nodes:402,
[task] id:15,start:0,end:0,service time:0,nodes:558,
[task] id:2,start:0,end:0,service time:0,nodes:38,
[task] id:13,start:0,end:0,service time:0,nodes:460,
[task] id:17,start:0,end:0,service time:0,nodes:337,
[task] id:14,start:0,end:0,service time:0,nodes:375,
[task] id:21,start:0,end:0,service time:0,nodes:605,
[task] id:9,start:0,end:0,service time:0,nodes:609,
[task] id:19,start:0,end:0,service time:0,nodes:881,
[task] id:1,start:0,end:0,service time:0,nodes:861,
[agent] id:0
path:631,663,695,696,697,698,698,698,698,698,698,698,698,698,698,698,698,698,698,698,698,698,698,698,698,698,698,698,698,698,698,698,698,698,698,698,698,698,698,
goal:698,698,698,698,698,698,698,698,698,698,698,698,698,698,698,698,698,698,698,698,698,698,698,698,698,698,698,698,698,698,698,698,698,698,698,698,698,698,698,
size:5
[agent] id:1
path:482,514,515,547,579,611,643,644,645,646,647,648,649,650,651,652,653,685,686,687,688,689,690,722,723,724,725,757,758,759,791,823,824,825,857,858,859,860,861,
goal:861,861,861,861,861,861,861,861,861,861,861,861,861,861,861,861,861,861,861,861,861,861,861,861,861,861,861,861,861,861,861,861,861,861,861,861,861,861,861,
size:38
[agent] id:2
path:93,92,91,90,58,57,56,55,54,53,52,51,50,49,48,80,79,78,77,45,44,12,11,10,42,41,40,39,38,38,38,38,38,38,38,38,38,38,38,
goal:38,38,38,38,38,38,38,38,38,38,38,38,38,38,38,38,38,38,38,38,38,38,38,38,38,38,38,38,38,38,38,38,38,38,38,38,38,38,38,
size:28
[agent] id:3
path:376,344,312,280,280,280,280,280,280,280,280,280,280,280,280,280,280,280,280,280,280,280,280,280,280,280,280,280,280,280,280,280,280,280,280,280,280,280,280,
goal:280,280,280,280,280,280,280,280,280,280,280,280,280,280,280,280,280,280,280,280,280,280,280,280,280,280,280,280,280,280,280,280,280,280,280,280,280,280,280,
size:3
[agent] id:4
path:649,650,651,652,653,685,686,687,688,720,752,753,785,786,818,850,882,914,946,978,978,978,978,978,978,978,978,978,978,978,978,978,978,978,978,978,978,978,978,
goal:978,978,978,978,978,978,978,978,978,978,978,978,978,978,978,978,978,978,978,978,978,978,978,978,978,978,978,978,978,978,978,978,978,978,978,978,978,978,978,
size:19
[agent] id:5
path:818,786,754,722,690,658,626,594,562,562,562,562,562,562,562,562,562,562,562,562,562,562,562,562,562,562,562,562,562,562,562,562,562,562,562,562,562,562,562,
goal:562,562,562,562,562,562,562,562,562,562,562,562,562,562,562,562,562,562,562,562,562,562,562,562,562,562,562,562,562,562,562,562,562,562,562,562,562,562,562,
size:8
[agent] id:6
path:812,811,779,747,715,683,651,619,618,617,616,584,552,520,521,489,457,458,458,458,458,458,458,458,458,458,458,458,458,458,458,458,458,458,458,458,458,458,458,
goal:458,458,458,458,458,458,458,458,458,458,458,458,458,458,458,458,458,458,458,458,458,458,458,458,458,458,458,458,458,458,458,458,458,458,458,458,458,458,458,
size:17
[agent] id:7
path:311,279,247,215,183,151,152,152,152,152,152,152,152,152,152,152,152,152,152,152,152,152,152,152,152,152,152,152,152,152,152,152,152,152,152,152,152,152,152,
goal:152,152,152,152,152,152,152,152,152,152,152,152,152,152,152,152,152,152,152,152,152,152,152,152,152,152,152,152,152,152,152,152,152,152,152,152,152,152,152,
size:6
[agent] id:8
path:962,930,898,866,867,835,803,771,739,707,706,705,673,641,640,640,640,640,640,640,640,640,640,640,640,640,640,640,640,640,640,640,640,640,640,640,640,640,640,
goal:640,640,640,640,640,640,640,640,640,640,640,640,640,640,640,640,640,640,640,640,640,640,640,640,640,640,640,640,640,640,640,640,640,640,640,640,640,640,640,
size:14
[agent] id:9
path:798,797,796,795,794,762,730,729,697,696,664,663,662,661,660,659,658,657,656,655,623,622,621,620,619,618,617,616,615,614,613,612,611,610,609,609,609,609,609,
goal:609,609,609,609,609,609,609,609,609,609,609,609,609,609,609,609,609,609,609,609,609,609,609,609,609,609,609,609,609,609,609,609,609,609,609,609,609,609,609,
size:34
[agent] id:10
path:561,529,497,465,433,401,369,337,305,273,241,240,239,207,206,174,174,174,174,174,174,174,174,174,174,174,174,174,174,174,174,174,174,174,174,174,174,174,174,
goal:174,174,174,174,174,174,174,174,174,174,174,174,174,174,174,174,174,174,174,174,174,174,174,174,174,174,174,174,174,174,174,174,174,174,174,174,174,174,174,
size:15
[agent] id:11
path:355,356,357,389,421,422,423,424,456,457,458,459,460,461,493,493,493,493,493,493,493,493,493,493,493,493,493,493,493,493,493,493,493,493,493,493,493,493,493,
goal:493,493,493,493,493,493,493,493,493,493,493,493,493,493,493,493,493,493,493,493,493,493,493,493,493,493,493,493,493,493,493,493,493,493,493,493,493,493,493,
size:14
[agent] id:12
path:882,850,849,848,847,846,846,846,846,846,846,846,846,846,846,846,846,846,846,846,846,846,846,846,846,846,846,846,846,846,846,846,846,846,846,846,846,846,846,
goal:846,846,846,846,846,846,846,846,846,846,846,846,846,846,846,846,846,846,846,846,846,846,846,846,846,846,846,846,846,846,846,846,846,846,846,846,846,846,846,
size:5
[agent] id:13
path:961,929,930,898,866,867,835,803,771,739,707,708,676,644,612,613,614,582,550,518,486,454,422,423,424,392,393,394,426,427,459,460,460,460,460,460,460,460,460,
goal:460,460,460,460,460,460,460,460,460,460,460,460,460,460,460,460,460,460,460,460,460,460,460,460,460,460,460,460,460,460,460,460,460,460,460,460,460,460,460,
size:31
[agent] id:14
path:673,641,609,577,578,579,547,548,549,550,551,552,553,554,555,556,524,525,526,527,528,529,497,465,433,434,435,436,437,405,373,374,375,375,375,375,375,375,375,
goal:375,375,375,375,375,375,375,375,375,375,375,375,375,375,375,375,375,375,375,375,375,375,375,375,375,375,375,375,375,375,375,375,375,375,375,375,375,375,375,
size:32
[agent] id:15
path:106,138,137,169,201,200,199,231,263,262,294,326,358,390,422,454,486,518,519,551,552,553,554,555,556,557,558,558,558,558,558,558,558,558,558,558,558,558,558,
goal:558,558,558,558,558,558,558,558,558,558,558,558,558,558,558,558,558,558,558,558,558,558,558,558,558,558,558,558,558,558,558,558,558,558,558,558,558,558,558,
size:26
[agent] id:16
path:470,438,406,374,342,310,309,308,307,306,274,242,241,240,239,207,206,205,173,172,140,139,138,138,138,138,138,138,138,138,138,138,138,138,138,138,138,138,138,
goal:138,138,138,138,138,138,138,138,138,138,138,138,138,138,138,138,138,138,138,138,138,138,138,138,138,138,138,138,138,138,138,138,138,138,138,138,138,138,138,
size:22
[agent] id:17
path:900,901,869,837,805,773,741,709,677,645,613,614,582,550,551,552,553,554,555,556,524,525,526,527,528,529,497,465,433,401,369,337,337,337,337,337,337,337,337,
goal:337,337,337,337,337,337,337,337,337,337,337,337,337,337,337,337,337,337,337,337,337,337,337,337,337,337,337,337,337,337,337,337,337,337,337,337,337,337,337,
size:31
[agent] id:18
path:884,852,853,821,822,823,791,759,727,727,727,727,727,727,727,727,727,727,727,727,727,727,727,727,727,727,727,727,727,727,727,727,727,727,727,727,727,727,727,
goal:727,727,727,727,727,727,727,727,727,727,727,727,727,727,727,727,727,727,727,727,727,727,727,727,727,727,727,727,727,727,727,727,727,727,727,727,727,727,727,
size:8
[agent] id:19
path:288,320,352,384,416,448,480,512,544,576,577,609,641,642,643,644,676,708,709,741,773,805,837,838,839,840,841,842,874,875,876,877,878,879,880,881,881,881,881,
goal:881,881,881,881,881,881,881,881,881,881,881,881,881,881,881,881,881,881,881,881,881,881,881,881,881,881,881,881,881,881,881,881,881,881,881,881,881,881,881,
size:35
[agent] id:20
path:990,958,926,894,893,861,860,859,858,857,825,793,792,760,728,696,664,632,600,599,567,566,565,564,563,531,531,531,531,531,531,531,531,531,531,531,531,531,531,
goal:531,531,531,531,531,531,531,531,531,531,531,531,531,531,531,531,531,531,531,531,531,531,531,531,531,531,531,531,531,531,531,531,531,531,531,531,531,531,531,
size:25
[agent] id:21
path:326,358,390,422,454,486,518,550,551,552,553,554,555,556,557,589,590,591,592,593,594,626,627,628,629,630,631,632,633,634,602,603,604,605,605,605,605,605,605,
goal:605,605,605,605,605,605,605,605,605,605,605,605,605,605,605,605,605,605,605,605,605,605,605,605,605,605,605,605,605,605,605,605,605,605,605,605,605,605,605,
size:33
[agent] id:22
path:597,565,533,501,469,437,405,373,341,309,277,245,213,212,211,210,178,146,114,115,115,115,115,115,115,115,115,115,115,115,115,115,115,115,115,115,115,115,115,
goal:115,115,115,115,115,115,115,115,115,115,115,115,115,115,115,115,115,115,115,115,115,115,115,115,115,115,115,115,115,115,115,115,115,115,115,115,115,115,115,
size:19
[agent] id:23
path:172,140,139,107,75,74,73,72,71,70,69,69,69,69,69,69,69,69,69,69,69,69,69,69,69,69,69,69,69,69,69,69,69,69,69,69,69,69,69,
goal:69,69,69,69,69,69,69,69,69,69,69,69,69,69,69,69,69,69,69,69,69,69,69,69,69,69,69,69,69,69,69,69,69,69,69,69,69,69,69,
size:10
[agent] id:24
path:531,563,562,594,626,627,659,691,723,722,721,721,721,721,721,721,721,721,721,721,721,721,721,721,721,721,721,721,721,721,721,721,721,721,721,721,721,721,721,
goal:721,721,721,721,721,721,721,721,721,721,721,721,721,721,721,721,721,721,721,721,721,721,721,721,721,721,721,721,721,721,721,721,721,721,721,721,721,721,721,
size:10
[agent] id:25
path:633,632,600,599,567,535,503,503,503,503,503,503,503,503,503,503,503,503,503,503,503,503,503,503,503,503,503,503,503,503,503,503,503,503,503,503,503,503,503,
goal:503,503,503,503,503,503,503,503,503,503,503,503,503,503,503,503,503,503,503,503,503,503,503,503,503,503,503,503,503,503,503,503,503,503,503,503,503,503,503,
size:6
[agent] id:26
path:79,111,143,142,174,206,205,204,236,236,236,236,236,236,236,236,236,236,236,236,236,236,236,236,236,236,236,236,236,236,236,236,236,236,236,236,236,236,236,
goal:236,236,236,236,236,236,236,236,236,236,236,236,236,236,236,236,236,236,236,236,236,236,236,236,236,236,236,236,236,236,236,236,236,236,236,236,236,236,236,
size:8
[agent] id:27
path:651,619,620,621,589,557,525,493,461,429,397,396,364,332,300,268,269,270,271,239,207,206,206,206,206,206,206,206,206,206,206,206,206,206,206,206,206,206,206,
goal:206,206,206,206,206,206,206,206,206,206,206,206,206,206,206,206,206,206,206,206,206,206,206,206,206,206,206,206,206,206,206,206,206,206,206,206,206,206,206,
size:21
[agent] id:28
path:449,417,418,419,420,421,389,390,391,392,393,394,395,396,364,332,300,301,302,334,366,367,399,400,401,402,402,402,402,402,402,402,402,402,402,402,402,402,402,
goal:402,402,402,402,402,402,402,402,402,402,402,402,402,402,402,402,402,402,402,402,402,402,402,402,402,402,402,402,402,402,402,402,402,402,402,402,402,402,402,
size:25
[agent] id:29
path:942,941,909,877,845,844,812,811,810,809,808,807,806,805,804,803,771,739,738,737,737,737,737,737,737,737,737,737,737,737,737,737,737,737,737,737,737,737,737,
goal:737,737,737,737,737,737,737,737,737,737,737,737,737,737,737,737,737,737,737,737,737,737,737,737,737,737,737,737,737,737,737,737,737,737,737,737,737,737,737,
size:19
SolutionCost:567
