[setting] seed:13691
[solver] type:SASB-ECBS
[solver] w:2.000000
[solver] ID:0
[solver] Lowlevelnode:8427
[solver] Highlevelnode:27
[solver] ConflictCount:14
[solver] solved:1
[solver] elapsed:49
[solver] makespan:47
[problem] timesteplimit:15000
[problem] type:MAPF
[problem] agentnum:30
[graph] width:32
[graph] height:32
[graph] filename:./map/32by32_agents10_ex30.map
[task] id:8,start:0,end:0,service time:0,nodes:841,
[task] id:5,start:0,end:0,service time:0,nodes:231,
[task] id:2,start:0,end:0,service time:0,nodes:711,
[task] id:15,start:0,end:0,service time:0,nodes:700,
[task] id:17,start:0,end:0,service time:0,nodes:509,
[task] id:18,start:0,end:0,service time:0,nodes:126,
[task] id:19,start:0,end:0,service time:0,nodes:368,
[task] id:4,start:0,end:0,service time:0,nodes:1016,
[task] id:1,start:0,end:0,service time:0,nodes:78,
[task] id:14,start:0,end:0,service time:0,nodes:528,
[task] id:16,start:0,end:0,service time:0,nodes:686,
[task] id:20,start:0,end:0,service time:0,nodes:621,
[task] id:25,start:0,end:0,service time:0,nodes:483,
[task] id:7,start:0,end:0,service time:0,nodes:683,
[task] id:29,start:0,end:0,service time:0,nodes:13,
[task] id:0,start:0,end:0,service time:0,nodes:441,
[task] id:6,start:0,end:0,service time:0,nodes:236,
[task] id:28,start:0,end:0,service time:0,nodes:449,
[task] id:10,start:0,end:0,service time:0,nodes:140,
[task] id:12,start:0,end:0,service time:0,nodes:290,
[task] id:3,start:0,end:0,service time:0,nodes:837,
[task] id:21,start:0,end:0,service time:0,nodes:795,
[task] id:24,start:0,end:0,service time:0,nodes:1006,
[task] id:11,start:0,end:0,service time:0,nodes:156,
[task] id:13,start:0,end:0,service time:0,nodes:930,
[task] id:22,start:0,end:0,service time:0,nodes:213,
[task] id:27,start:0,end:0,service time:0,nodes:739,
[task] id:23,start:0,end:0,service time:0,nodes:860,
[task] id:9,start:0,end:0,service time:0,nodes:770,
[task] id:26,start:0,end:0,service time:0,nodes:985,
[agent] id:0
path:134,166,167,199,200,201,233,234,235,236,268,300,301,302,303,304,305,306,307,308,309,341,373,405,406,407,408,409,441,441,441,441,441,441,441,441,441,441,441,441,441,441,441,441,441,441,441,441,
goal:441,441,441,441,441,441,441,441,441,441,441,441,441,441,441,441,441,441,441,441,441,441,441,441,441,441,441,441,441,441,441,441,441,441,441,441,441,441,441,441,441,441,441,441,441,441,441,441,
size:28
[agent] id:1
path:526,527,528,529,497,465,433,401,369,337,305,273,241,209,177,145,113,81,80,79,78,78,78,78,78,78,78,78,78,78,78,78,78,78,78,78,78,78,78,78,78,78,78,78,78,78,78,78,
goal:78,78,78,78,78,78,78,78,78,78,78,78,78,78,78,78,78,78,78,78,78,78,78,78,78,78,78,78,78,78,78,78,78,78,78,78,78,78,78,78,78,78,78,78,78,78,78,78,
size:20
[agent] id:2
path:558,590,622,654,686,718,717,716,715,714,713,712,711,711,711,711,711,711,711,711,711,711,711,711,711,711,711,711,711,711,711,711,711,711,711,711,711,711,711,711,711,711,711,711,711,711,711,711,
goal:711,711,711,711,711,711,711,711,711,711,711,711,711,711,711,711,711,711,711,711,711,711,711,711,711,711,711,711,711,711,711,711,711,711,711,711,711,711,711,711,711,711,711,711,711,711,711,711,
size:12
[agent] id:3
path:1023,991,990,989,988,987,986,985,953,921,920,888,887,855,854,853,852,851,850,849,848,847,846,845,844,843,842,810,809,808,840,839,838,837,837,837,837,837,837,837,837,837,837,837,837,837,837,837,
goal:837,837,837,837,837,837,837,837,837,837,837,837,837,837,837,837,837,837,837,837,837,837,837,837,837,837,837,837,837,837,837,837,837,837,837,837,837,837,837,837,837,837,837,837,837,837,837,837,
size:33
[agent] id:4
path:814,846,878,879,880,881,882,883,884,885,886,918,950,982,983,1015,1016,1016,1016,1016,1016,1016,1016,1016,1016,1016,1016,1016,1016,1016,1016,1016,1016,1016,1016,1016,1016,1016,1016,1016,1016,1016,1016,1016,1016,1016,1016,1016,
goal:1016,1016,1016,1016,1016,1016,1016,1016,1016,1016,1016,1016,1016,1016,1016,1016,1016,1016,1016,1016,1016,1016,1016,1016,1016,1016,1016,1016,1016,1016,1016,1016,1016,1016,1016,1016,1016,1016,1016,1016,1016,1016,1016,1016,1016,1016,1016,1016,
size:16
[agent] id:5
path:424,392,391,359,358,326,294,262,230,231,231,231,231,231,231,231,231,231,231,231,231,231,231,231,231,231,231,231,231,231,231,231,231,231,231,231,231,231,231,231,231,231,231,231,231,231,231,231,
goal:231,231,231,231,231,231,231,231,231,231,231,231,231,231,231,231,231,231,231,231,231,231,231,231,231,231,231,231,231,231,231,231,231,231,231,231,231,231,231,231,231,231,231,231,231,231,231,231,
size:9
[agent] id:6
path:938,906,874,842,843,844,845,846,814,782,750,718,686,654,622,590,558,526,494,493,461,429,397,397,396,364,332,300,268,236,236,236,236,236,236,236,236,236,236,236,236,236,236,236,236,236,236,236,
goal:236,236,236,236,236,236,236,236,236,236,236,236,236,236,236,236,236,236,236,236,236,236,236,236,236,236,236,236,236,236,236,236,236,236,236,236,236,236,236,236,236,236,236,236,236,236,236,236,
size:29
[agent] id:7
path:925,893,861,860,859,858,857,825,793,792,760,728,696,664,663,662,661,660,659,658,657,656,655,654,653,652,651,683,683,683,683,683,683,683,683,683,683,683,683,683,683,683,683,683,683,683,683,683,
goal:683,683,683,683,683,683,683,683,683,683,683,683,683,683,683,683,683,683,683,683,683,683,683,683,683,683,683,683,683,683,683,683,683,683,683,683,683,683,683,683,683,683,683,683,683,683,683,683,
size:27
[agent] id:8
path:776,808,840,841,841,841,841,841,841,841,841,841,841,841,841,841,841,841,841,841,841,841,841,841,841,841,841,841,841,841,841,841,841,841,841,841,841,841,841,841,841,841,841,841,841,841,841,841,
goal:841,841,841,841,841,841,841,841,841,841,841,841,841,841,841,841,841,841,841,841,841,841,841,841,841,841,841,841,841,841,841,841,841,841,841,841,841,841,841,841,841,841,841,841,841,841,841,841,
size:3
[agent] id:9
path:22,21,20,52,84,83,115,114,146,178,210,242,274,306,305,337,369,401,402,434,466,498,530,562,561,593,592,591,623,655,654,653,652,651,650,682,681,680,679,678,710,709,708,707,706,738,770,770,
goal:770,770,770,770,770,770,770,770,770,770,770,770,770,770,770,770,770,770,770,770,770,770,770,770,770,770,770,770,770,770,770,770,770,770,770,770,770,770,770,770,770,770,770,770,770,770,770,770,
size:46
[agent] id:10
path:967,935,936,904,872,840,808,776,744,712,680,648,616,584,552,520,521,489,457,458,426,394,395,396,364,332,300,268,236,204,172,140,140,140,140,140,140,140,140,140,140,140,140,140,140,140,140,140,
goal:140,140,140,140,140,140,140,140,140,140,140,140,140,140,140,140,140,140,140,140,140,140,140,140,140,140,140,140,140,140,140,140,140,140,140,140,140,140,140,140,140,140,140,140,140,140,140,140,
size:31
[agent] id:11
path:779,747,715,683,651,619,620,621,589,557,525,526,527,528,529,497,465,433,401,369,337,305,273,241,209,210,211,212,213,181,182,183,184,185,186,187,155,156,156,156,156,156,156,156,156,156,156,156,
goal:156,156,156,156,156,156,156,156,156,156,156,156,156,156,156,156,156,156,156,156,156,156,156,156,156,156,156,156,156,156,156,156,156,156,156,156,156,156,156,156,156,156,156,156,156,156,156,156,
size:37
[agent] id:12
path:376,344,312,311,310,309,308,307,306,305,304,303,302,270,269,268,236,204,203,202,201,200,199,167,166,165,197,229,261,260,259,258,290,290,290,290,290,290,290,290,290,290,290,290,290,290,290,290,
goal:290,290,290,290,290,290,290,290,290,290,290,290,290,290,290,290,290,290,290,290,290,290,290,290,290,290,290,290,290,290,290,290,290,290,290,290,290,290,290,290,290,290,290,290,290,290,290,290,
size:32
[agent] id:13
path:406,438,470,469,501,533,565,597,629,661,693,692,691,690,689,688,687,686,718,717,716,715,747,779,811,810,809,808,807,806,805,804,836,835,867,899,931,930,930,930,930,930,930,930,930,930,930,930,
goal:930,930,930,930,930,930,930,930,930,930,930,930,930,930,930,930,930,930,930,930,930,930,930,930,930,930,930,930,930,930,930,930,930,930,930,930,930,930,930,930,930,930,930,930,930,930,930,930,
size:37
[agent] id:14
path:937,938,906,874,842,810,778,778,779,747,715,683,651,619,620,621,589,590,558,526,527,528,528,528,528,528,528,528,528,528,528,528,528,528,528,528,528,528,528,528,528,528,528,528,528,528,528,528,
goal:528,528,528,528,528,528,528,528,528,528,528,528,528,528,528,528,528,528,528,528,528,528,528,528,528,528,528,528,528,528,528,528,528,528,528,528,528,528,528,528,528,528,528,528,528,528,528,528,
size:21
[agent] id:15
path:656,657,658,659,660,661,662,663,695,696,697,698,699,700,700,700,700,700,700,700,700,700,700,700,700,700,700,700,700,700,700,700,700,700,700,700,700,700,700,700,700,700,700,700,700,700,700,700,
goal:700,700,700,700,700,700,700,700,700,700,700,700,700,700,700,700,700,700,700,700,700,700,700,700,700,700,700,700,700,700,700,700,700,700,700,700,700,700,700,700,700,700,700,700,700,700,700,700,
size:13
[agent] id:16
path:199,200,201,233,234,235,236,268,300,332,364,396,428,460,461,493,525,557,589,621,653,685,686,686,686,686,686,686,686,686,686,686,686,686,686,686,686,686,686,686,686,686,686,686,686,686,686,686,
goal:686,686,686,686,686,686,686,686,686,686,686,686,686,686,686,686,686,686,686,686,686,686,686,686,686,686,686,686,686,686,686,686,686,686,686,686,686,686,686,686,686,686,686,686,686,686,686,686,
size:22
[agent] id:17
path:727,695,663,631,599,567,535,536,537,538,539,507,508,509,509,509,509,509,509,509,509,509,509,509,509,509,509,509,509,509,509,509,509,509,509,509,509,509,509,509,509,509,509,509,509,509,509,509,
goal:509,509,509,509,509,509,509,509,509,509,509,509,509,509,509,509,509,509,509,509,509,509,509,509,509,509,509,509,509,509,509,509,509,509,509,509,509,509,509,509,509,509,509,509,509,509,509,509,
size:13
[agent] id:18
path:83,84,52,53,54,86,87,88,89,90,91,92,93,94,126,126,126,126,126,126,126,126,126,126,126,126,126,126,126,126,126,126,126,126,126,126,126,126,126,126,126,126,126,126,126,126,126,126,
goal:126,126,126,126,126,126,126,126,126,126,126,126,126,126,126,126,126,126,126,126,126,126,126,126,126,126,126,126,126,126,126,126,126,126,126,126,126,126,126,126,126,126,126,126,126,126,126,126,
size:14
[agent] id:19
path:720,688,656,655,623,591,559,527,528,529,497,465,433,401,369,368,368,368,368,368,368,368,368,368,368,368,368,368,368,368,368,368,368,368,368,368,368,368,368,368,368,368,368,368,368,368,368,368,
goal:368,368,368,368,368,368,368,368,368,368,368,368,368,368,368,368,368,368,368,368,368,368,368,368,368,368,368,368,368,368,368,368,368,368,368,368,368,368,368,368,368,368,368,368,368,368,368,368,
size:15
[agent] id:20
path:831,799,798,797,796,795,794,762,730,729,728,696,664,663,662,661,660,659,658,657,656,655,623,622,621,621,621,621,621,621,621,621,621,621,621,621,621,621,621,621,621,621,621,621,621,621,621,621,
goal:621,621,621,621,621,621,621,621,621,621,621,621,621,621,621,621,621,621,621,621,621,621,621,621,621,621,621,621,621,621,621,621,621,621,621,621,621,621,621,621,621,621,621,621,621,621,621,621,
size:24
[agent] id:21
path:26,58,90,122,121,153,185,217,216,248,280,312,344,376,408,409,441,473,472,504,536,537,569,570,602,634,635,667,699,731,730,762,794,795,795,795,795,795,795,795,795,795,795,795,795,795,795,795,
goal:795,795,795,795,795,795,795,795,795,795,795,795,795,795,795,795,795,795,795,795,795,795,795,795,795,795,795,795,795,795,795,795,795,795,795,795,795,795,795,795,795,795,795,795,795,795,795,795,
size:33
[agent] id:22
path:902,870,838,806,774,742,710,678,646,614,582,550,518,486,454,422,390,391,392,393,394,395,396,364,332,300,268,269,270,271,239,240,241,209,210,211,212,213,213,213,213,213,213,213,213,213,213,213,
goal:213,213,213,213,213,213,213,213,213,213,213,213,213,213,213,213,213,213,213,213,213,213,213,213,213,213,213,213,213,213,213,213,213,213,213,213,213,213,213,213,213,213,213,213,213,213,213,213,
size:37
[agent] id:23
path:12,44,45,77,78,110,142,143,144,176,177,209,210,242,274,306,307,308,309,341,373,405,437,469,501,533,565,597,629,661,693,725,757,758,759,791,823,824,825,857,858,859,860,860,860,860,860,860,
goal:860,860,860,860,860,860,860,860,860,860,860,860,860,860,860,860,860,860,860,860,860,860,860,860,860,860,860,860,860,860,860,860,860,860,860,860,860,860,860,860,860,860,860,860,860,860,860,860,
size:42
[agent] id:24
path:167,199,200,201,233,234,235,236,268,300,332,364,396,428,460,461,493,525,557,589,621,653,685,717,749,781,782,814,846,878,877,909,941,973,1005,1006,1006,1006,1006,1006,1006,1006,1006,1006,1006,1006,1006,1006,
goal:1006,1006,1006,1006,1006,1006,1006,1006,1006,1006,1006,1006,1006,1006,1006,1006,1006,1006,1006,1006,1006,1006,1006,1006,1006,1006,1006,1006,1006,1006,1006,1006,1006,1006,1006,1006,1006,1006,1006,1006,1006,1006,1006,1006,1006,1006,1006,1006,
size:35
[agent] id:25
path:1003,971,939,907,875,843,811,779,747,715,683,651,619,618,617,616,584,552,520,519,487,486,485,484,483,483,483,483,483,483,483,483,483,483,483,483,483,483,483,483,483,483,483,483,483,483,483,483,
goal:483,483,483,483,483,483,483,483,483,483,483,483,483,483,483,483,483,483,483,483,483,483,483,483,483,483,483,483,483,483,483,483,483,483,483,483,483,483,483,483,483,483,483,483,483,483,483,483,
size:24
[agent] id:26
path:328,296,264,263,231,199,200,201,202,203,204,205,206,207,239,271,303,304,305,306,307,308,309,341,373,405,437,469,501,533,565,597,629,661,693,725,757,758,759,791,823,855,887,919,920,952,984,985,
goal:985,985,985,985,985,985,985,985,985,985,985,985,985,985,985,985,985,985,985,985,985,985,985,985,985,985,985,985,985,985,985,985,985,985,985,985,985,985,985,985,985,985,985,985,985,985,985,985,
size:47
[agent] id:27
path:349,381,380,379,378,410,442,474,473,472,504,536,535,567,599,631,663,662,661,660,659,658,657,656,655,654,653,652,651,650,682,681,680,679,678,710,709,708,707,739,739,739,739,739,739,739,739,739,
goal:739,739,739,739,739,739,739,739,739,739,739,739,739,739,739,739,739,739,739,739,739,739,739,739,739,739,739,739,739,739,739,739,739,739,739,739,739,739,739,739,739,739,739,739,739,739,739,739,
size:39
[agent] id:28
path:539,538,537,536,535,534,533,565,564,563,562,561,560,559,558,557,556,555,554,522,521,520,519,487,486,454,453,452,451,450,449,449,449,449,449,449,449,449,449,449,449,449,449,449,449,449,449,449,
goal:449,449,449,449,449,449,449,449,449,449,449,449,449,449,449,449,449,449,449,449,449,449,449,449,449,449,449,449,449,449,449,449,449,449,449,449,449,449,449,449,449,449,449,449,449,449,449,449,
size:30
[agent] id:29
path:483,451,419,420,421,389,357,358,326,294,262,230,229,197,165,133,101,69,37,38,39,7,8,9,10,11,12,13,13,13,13,13,13,13,13,13,13,13,13,13,13,13,13,13,13,13,13,13,
goal:13,13,13,13,13,13,13,13,13,13,13,13,13,13,13,13,13,13,13,13,13,13,13,13,13,13,13,13,13,13,13,13,13,13,13,13,13,13,13,13,13,13,13,13,13,13,13,13,
size:27
SolutionCost:796
