[setting] seed:7551
[solver] type:SASB-ECBS
[solver] w:2.000000
[solver] ID:0
[solver] Lowlevelnode:9534
[solver] Highlevelnode:25
[solver] ConflictCount:13
[solver] solved:1
[solver] elapsed:56
[solver] makespan:48
[problem] timesteplimit:15000
[problem] type:MAPF
[problem] agentnum:30
[graph] width:32
[graph] height:32
[graph] filename:./map/32by32_agents10_ex30.map
[task] id:15,start:0,end:0,service time:0,nodes:612,
[task] id:3,start:0,end:0,service time:0,nodes:969,
[task] id:8,start:0,end:0,service time:0,nodes:628,
[task] id:22,start:0,end:0,service time:0,nodes:70,
[task] id:18,start:0,end:0,service time:0,nodes:812,
[task] id:12,start:0,end:0,service time:0,nodes:722,
[task] id:7,start:0,end:0,service time:0,nodes:982,
[task] id:4,start:0,end:0,service time:0,nodes:626,
[task] id:6,start:0,end:0,service time:0,nodes:474,
[task] id:9,start:0,end:0,service time:0,nodes:1005,
[task] id:0,start:0,end:0,service time:0,nodes:140,
[task] id:11,start:0,end:0,service time:0,nodes:918,
[task] id:29,start:0,end:0,service time:0,nodes:821,
[task] id:16,start:0,end:0,service time:0,nodes:604,
[task] id:17,start:0,end:0,service time:0,nodes:211,
[task] id:21,start:0,end:0,service time:0,nodes:349,
[task] id:24,start:0,end:0,service time:0,nodes:358,
[task] id:25,start:0,end:0,service time:0,nodes:134,
[task] id:1,start:0,end:0,service time:0,nodes:711,
[task] id:19,start:0,end:0,service time:0,nodes:837,
[task] id:23,start:0,end:0,service time:0,nodes:671,
[task] id:13,start:0,end:0,service time:0,nodes:678,
[task] id:2,start:0,end:0,service time:0,nodes:698,
[task] id:27,start:0,end:0,service time:0,nodes:978,
[task] id:28,start:0,end:0,service time:0,nodes:355,
[task] id:20,start:0,end:0,service time:0,nodes:133,
[task] id:5,start:0,end:0,service time:0,nodes:256,
[task] id:10,start:0,end:0,service time:0,nodes:571,
[task] id:14,start:0,end:0,service time:0,nodes:214,
[task] id:26,start:0,end:0,service time:0,nodes:28,
[agent] id:0
path:385,353,354,322,290,258,259,227,228,196,197,165,133,134,135,136,137,138,139,140,140,140,140,140,140,140,140,140,140,140,140,140,140,140,140,140,140,140,140,140,140,140,140,140,140,140,140,140,140,
goal:140,140,140,140,140,140,140,140,140,140,140,140,140,140,140,140,140,140,140,140,140,140,140,140,140,140,140,140,140,140,140,140,140,140,140,140,140,140,140,140,140,140,140,140,140,140,140,140,140,
size:19
[agent] id:1
path:11,10,42,74,106,138,137,169,168,167,199,231,263,262,294,326,358,390,422,421,453,485,517,549,550,582,614,646,678,710,711,711,711,711,711,711,711,711,711,711,711,711,711,711,711,711,711,711,711,
goal:711,711,711,711,711,711,711,711,711,711,711,711,711,711,711,711,711,711,711,711,711,711,711,711,711,711,711,711,711,711,711,711,711,711,711,711,711,711,711,711,711,711,711,711,711,711,711,711,711,
size:30
[agent] id:2
path:322,354,355,356,357,389,421,453,485,517,549,550,551,552,553,554,555,556,556,557,558,559,560,561,562,563,564,596,597,629,661,662,663,695,696,697,698,698,698,698,698,698,698,698,698,698,698,698,698,
goal:698,698,698,698,698,698,698,698,698,698,698,698,698,698,698,698,698,698,698,698,698,698,698,698,698,698,698,698,698,698,698,698,698,698,698,698,698,698,698,698,698,698,698,698,698,698,698,698,698,
size:36
[agent] id:3
path:913,945,944,943,942,974,973,972,971,970,969,969,969,969,969,969,969,969,969,969,969,969,969,969,969,969,969,969,969,969,969,969,969,969,969,969,969,969,969,969,969,969,969,969,969,969,969,969,969,
goal:969,969,969,969,969,969,969,969,969,969,969,969,969,969,969,969,969,969,969,969,969,969,969,969,969,969,969,969,969,969,969,969,969,969,969,969,969,969,969,969,969,969,969,969,969,969,969,969,969,
size:10
[agent] id:4
path:516,548,549,550,551,552,553,554,555,556,557,589,590,591,592,593,594,626,626,626,626,626,626,626,626,626,626,626,626,626,626,626,626,626,626,626,626,626,626,626,626,626,626,626,626,626,626,626,626,
goal:626,626,626,626,626,626,626,626,626,626,626,626,626,626,626,626,626,626,626,626,626,626,626,626,626,626,626,626,626,626,626,626,626,626,626,626,626,626,626,626,626,626,626,626,626,626,626,626,626,
size:17
[agent] id:5
path:571,539,538,537,536,535,567,566,565,564,563,531,530,529,528,527,526,494,493,461,429,397,396,395,394,393,392,391,390,389,357,356,355,323,322,290,258,257,256,256,256,256,256,256,256,256,256,256,256,
goal:256,256,256,256,256,256,256,256,256,256,256,256,256,256,256,256,256,256,256,256,256,256,256,256,256,256,256,256,256,256,256,256,256,256,256,256,256,256,256,256,256,256,256,256,256,256,256,256,256,
size:38
[agent] id:6
path:54,86,87,119,151,183,215,247,279,311,312,344,376,408,409,441,473,474,474,474,474,474,474,474,474,474,474,474,474,474,474,474,474,474,474,474,474,474,474,474,474,474,474,474,474,474,474,474,474,
goal:474,474,474,474,474,474,474,474,474,474,474,474,474,474,474,474,474,474,474,474,474,474,474,474,474,474,474,474,474,474,474,474,474,474,474,474,474,474,474,474,474,474,474,474,474,474,474,474,474,
size:17
[agent] id:7
path:692,724,724,725,757,758,759,791,823,855,887,919,918,950,982,982,982,982,982,982,982,982,982,982,982,982,982,982,982,982,982,982,982,982,982,982,982,982,982,982,982,982,982,982,982,982,982,982,982,
goal:982,982,982,982,982,982,982,982,982,982,982,982,982,982,982,982,982,982,982,982,982,982,982,982,982,982,982,982,982,982,982,982,982,982,982,982,982,982,982,982,982,982,982,982,982,982,982,982,982,
size:14
[agent] id:8
path:822,823,791,759,727,695,663,631,630,629,628,628,628,628,628,628,628,628,628,628,628,628,628,628,628,628,628,628,628,628,628,628,628,628,628,628,628,628,628,628,628,628,628,628,628,628,628,628,628,
goal:628,628,628,628,628,628,628,628,628,628,628,628,628,628,628,628,628,628,628,628,628,628,628,628,628,628,628,628,628,628,628,628,628,628,628,628,628,628,628,628,628,628,628,628,628,628,628,628,628,
size:10
[agent] id:9
path:647,679,711,743,775,807,839,871,872,904,936,937,938,970,1002,1003,1004,1005,1005,1005,1005,1005,1005,1005,1005,1005,1005,1005,1005,1005,1005,1005,1005,1005,1005,1005,1005,1005,1005,1005,1005,1005,1005,1005,1005,1005,1005,1005,1005,
goal:1005,1005,1005,1005,1005,1005,1005,1005,1005,1005,1005,1005,1005,1005,1005,1005,1005,1005,1005,1005,1005,1005,1005,1005,1005,1005,1005,1005,1005,1005,1005,1005,1005,1005,1005,1005,1005,1005,1005,1005,1005,1005,1005,1005,1005,1005,1005,1005,1005,
size:17
[agent] id:10
path:35,67,68,69,101,133,165,166,167,199,200,201,233,234,235,236,268,300,301,302,334,366,367,399,431,463,464,465,497,498,499,500,501,533,534,535,536,537,569,570,571,571,571,571,571,571,571,571,571,
goal:571,571,571,571,571,571,571,571,571,571,571,571,571,571,571,571,571,571,571,571,571,571,571,571,571,571,571,571,571,571,571,571,571,571,571,571,571,571,571,571,571,571,571,571,571,571,571,571,571,
size:40
[agent] id:11
path:837,838,839,840,841,842,874,875,876,877,878,879,880,881,882,883,884,885,886,918,918,918,918,918,918,918,918,918,918,918,918,918,918,918,918,918,918,918,918,918,918,918,918,918,918,918,918,918,918,
goal:918,918,918,918,918,918,918,918,918,918,918,918,918,918,918,918,918,918,918,918,918,918,918,918,918,918,918,918,918,918,918,918,918,918,918,918,918,918,918,918,918,918,918,918,918,918,918,918,918,
size:19
[agent] id:12
path:669,701,700,699,731,730,729,728,727,726,725,724,723,722,722,722,722,722,722,722,722,722,722,722,722,722,722,722,722,722,722,722,722,722,722,722,722,722,722,722,722,722,722,722,722,722,722,722,722,
goal:722,722,722,722,722,722,722,722,722,722,722,722,722,722,722,722,722,722,722,722,722,722,722,722,722,722,722,722,722,722,722,722,722,722,722,722,722,722,722,722,722,722,722,722,722,722,722,722,722,
size:13
[agent] id:13
path:119,151,183,215,247,279,311,310,342,374,406,438,470,469,501,533,565,597,629,661,660,659,658,657,656,655,654,653,652,651,683,682,681,680,679,678,678,678,678,678,678,678,678,678,678,678,678,678,678,
goal:678,678,678,678,678,678,678,678,678,678,678,678,678,678,678,678,678,678,678,678,678,678,678,678,678,678,678,678,678,678,678,678,678,678,678,678,678,678,678,678,678,678,678,678,678,678,678,678,678,
size:35
[agent] id:14
path:996,964,965,933,901,869,837,805,773,741,709,677,645,613,614,582,550,551,552,553,554,555,556,524,525,526,527,528,529,497,465,433,401,369,337,305,306,307,308,276,277,245,213,214,214,214,214,214,214,
goal:214,214,214,214,214,214,214,214,214,214,214,214,214,214,214,214,214,214,214,214,214,214,214,214,214,214,214,214,214,214,214,214,214,214,214,214,214,214,214,214,214,214,214,214,214,214,214,214,214,
size:43
[agent] id:15
path:642,610,611,612,612,612,612,612,612,612,612,612,612,612,612,612,612,612,612,612,612,612,612,612,612,612,612,612,612,612,612,612,612,612,612,612,612,612,612,612,612,612,612,612,612,612,612,612,612,
goal:612,612,612,612,612,612,612,612,612,612,612,612,612,612,612,612,612,612,612,612,612,612,612,612,612,612,612,612,612,612,612,612,612,612,612,612,612,612,612,612,612,612,612,612,612,612,612,612,612,
size:3
[agent] id:16
path:986,987,955,956,924,892,860,859,858,857,825,793,794,762,730,698,699,667,635,603,604,604,604,604,604,604,604,604,604,604,604,604,604,604,604,604,604,604,604,604,604,604,604,604,604,604,604,604,604,
goal:604,604,604,604,604,604,604,604,604,604,604,604,604,604,604,604,604,604,604,604,604,604,604,604,604,604,604,604,604,604,604,604,604,604,604,604,604,604,604,604,604,604,604,604,604,604,604,604,604,
size:20
[agent] id:17
path:758,726,725,693,661,629,597,565,533,501,469,437,405,373,341,309,277,245,213,212,211,211,211,211,211,211,211,211,211,211,211,211,211,211,211,211,211,211,211,211,211,211,211,211,211,211,211,211,211,
goal:211,211,211,211,211,211,211,211,211,211,211,211,211,211,211,211,211,211,211,211,211,211,211,211,211,211,211,211,211,211,211,211,211,211,211,211,211,211,211,211,211,211,211,211,211,211,211,211,211,
size:20
[agent] id:18
path:591,623,655,687,686,718,750,782,814,846,845,844,812,812,812,812,812,812,812,812,812,812,812,812,812,812,812,812,812,812,812,812,812,812,812,812,812,812,812,812,812,812,812,812,812,812,812,812,812,
goal:812,812,812,812,812,812,812,812,812,812,812,812,812,812,812,812,812,812,812,812,812,812,812,812,812,812,812,812,812,812,812,812,812,812,812,812,812,812,812,812,812,812,812,812,812,812,812,812,812,
size:12
[agent] id:19
path:636,635,634,633,632,631,630,662,661,693,692,691,690,689,688,687,686,718,750,782,814,846,845,844,843,842,841,840,839,838,837,837,837,837,837,837,837,837,837,837,837,837,837,837,837,837,837,837,837,
goal:837,837,837,837,837,837,837,837,837,837,837,837,837,837,837,837,837,837,837,837,837,837,837,837,837,837,837,837,837,837,837,837,837,837,837,837,837,837,837,837,837,837,837,837,837,837,837,837,837,
size:30
[agent] id:20
path:604,603,571,539,538,537,536,535,534,533,501,469,437,405,373,341,309,308,307,306,274,242,241,240,239,207,206,205,204,203,202,201,169,168,167,166,165,133,133,133,133,133,133,133,133,133,133,133,133,
goal:133,133,133,133,133,133,133,133,133,133,133,133,133,133,133,133,133,133,133,133,133,133,133,133,133,133,133,133,133,133,133,133,133,133,133,133,133,133,133,133,133,133,133,133,133,133,133,133,133,
size:37
[agent] id:21
path:112,144,176,177,209,241,273,305,306,307,308,309,310,311,312,344,345,377,378,379,347,348,349,349,349,349,349,349,349,349,349,349,349,349,349,349,349,349,349,349,349,349,349,349,349,349,349,349,349,
goal:349,349,349,349,349,349,349,349,349,349,349,349,349,349,349,349,349,349,349,349,349,349,349,349,349,349,349,349,349,349,349,349,349,349,349,349,349,349,349,349,349,349,349,349,349,349,349,349,349,
size:22
[agent] id:22
path:205,173,172,140,139,107,75,74,73,72,71,70,70,70,70,70,70,70,70,70,70,70,70,70,70,70,70,70,70,70,70,70,70,70,70,70,70,70,70,70,70,70,70,70,70,70,70,70,70,
goal:70,70,70,70,70,70,70,70,70,70,70,70,70,70,70,70,70,70,70,70,70,70,70,70,70,70,70,70,70,70,70,70,70,70,70,70,70,70,70,70,70,70,70,70,70,70,70,70,70,
size:11
[agent] id:23
path:361,393,394,426,458,459,460,461,493,525,526,558,559,560,561,562,563,564,596,597,629,630,631,632,633,634,635,667,668,669,670,671,671,671,671,671,671,671,671,671,671,671,671,671,671,671,671,671,671,
goal:671,671,671,671,671,671,671,671,671,671,671,671,671,671,671,671,671,671,671,671,671,671,671,671,671,671,671,671,671,671,671,671,671,671,671,671,671,671,671,671,671,671,671,671,671,671,671,671,671,
size:31
[agent] id:24
path:630,598,566,565,564,563,531,530,529,528,527,526,494,493,461,429,397,396,395,394,393,392,391,359,358,358,358,358,358,358,358,358,358,358,358,358,358,358,358,358,358,358,358,358,358,358,358,358,358,
goal:358,358,358,358,358,358,358,358,358,358,358,358,358,358,358,358,358,358,358,358,358,358,358,358,358,358,358,358,358,358,358,358,358,358,358,358,358,358,358,358,358,358,358,358,358,358,358,358,358,
size:24
[agent] id:25
path:152,184,216,216,215,214,213,212,211,243,242,241,240,239,207,206,174,173,172,171,139,138,137,136,135,134,134,134,134,134,134,134,134,134,134,134,134,134,134,134,134,134,134,134,134,134,134,134,134,
goal:134,134,134,134,134,134,134,134,134,134,134,134,134,134,134,134,134,134,134,134,134,134,134,134,134,134,134,134,134,134,134,134,134,134,134,134,134,134,134,134,134,134,134,134,134,134,134,134,134,
size:25
[agent] id:26
path:970,938,906,874,842,810,778,779,747,715,683,651,619,620,621,589,557,558,559,560,528,529,497,465,433,401,369,337,305,273,241,209,177,145,113,81,49,17,18,19,20,21,22,23,24,25,26,27,28,
goal:28,28,28,28,28,28,28,28,28,28,28,28,28,28,28,28,28,28,28,28,28,28,28,28,28,28,28,28,28,28,28,28,28,28,28,28,28,28,28,28,28,28,28,28,28,28,28,28,28,
size:48
[agent] id:27
path:167,199,200,201,233,234,235,236,268,300,332,364,396,428,460,461,493,525,557,589,621,653,685,717,749,781,782,814,846,878,879,911,943,944,945,946,978,978,978,978,978,978,978,978,978,978,978,978,978,
goal:978,978,978,978,978,978,978,978,978,978,978,978,978,978,978,978,978,978,978,978,978,978,978,978,978,978,978,978,978,978,978,978,978,978,978,978,978,978,978,978,978,978,978,978,978,978,978,978,978,
size:36
[agent] id:28
path:606,605,637,636,635,634,633,632,600,599,567,566,565,564,563,531,530,529,528,527,526,494,493,461,429,397,396,395,394,393,392,391,390,389,357,356,355,355,355,355,355,355,355,355,355,355,355,355,355,
goal:355,355,355,355,355,355,355,355,355,355,355,355,355,355,355,355,355,355,355,355,355,355,355,355,355,355,355,355,355,355,355,355,355,355,355,355,355,355,355,355,355,355,355,355,355,355,355,355,355,
size:36
[agent] id:29
path:680,712,713,714,715,716,717,749,781,782,814,846,847,848,849,850,851,852,853,821,821,821,821,821,821,821,821,821,821,821,821,821,821,821,821,821,821,821,821,821,821,821,821,821,821,821,821,821,821,
goal:821,821,821,821,821,821,821,821,821,821,821,821,821,821,821,821,821,821,821,821,821,821,821,821,821,821,821,821,821,821,821,821,821,821,821,821,821,821,821,821,821,821,821,821,821,821,821,821,821,
size:19
SolutionCost:732
