[setting] seed:19361
[solver] type:SASB-ECBS
[solver] w:2.000000
[solver] ID:0
[solver] Lowlevelnode:3830
[solver] Highlevelnode:21
[solver] ConflictCount:11
[solver] solved:1
[solver] elapsed:30
[solver] makespan:43
[problem] timesteplimit:15000
[problem] type:MAPF
[problem] agentnum:30
[graph] width:32
[graph] height:32
[graph] filename:./map/32by32_agents10_ex30.map
[task] id:26,start:0,end:0,service time:0,nodes:843,
[task] id:16,start:0,end:0,service time:0,nodes:915,
[task] id:9,start:0,end:0,service time:0,nodes:567,
[task] id:14,start:0,end:0,service time:0,nodes:406,
[task] id:27,start:0,end:0,service time:0,nodes:908,
[task] id:3,start:0,end:0,service time:0,nodes:368,
[task] id:6,start:0,end:0,service time:0,nodes:93,
[task] id:17,start:0,end:0,service time:0,nodes:142,
[task] id:29,start:0,end:0,service time:0,nodes:243,
[task] id:21,start:0,end:0,service time:0,nodes:909,
[task] id:24,start:0,end:0,service time:0,nodes:204,
[task] id:25,start:0,end:0,service time:0,nodes:330,
[task] id:2,start:0,end:0,service time:0,nodes:849,
[task] id:1,start:0,end:0,service time:0,nodes:36,
[task] id:19,start:0,end:0,service time:0,nodes:139,
[task] id:23,start:0,end:0,service time:0,nodes:485,
[task] id:5,start:0,end:0,service time:0,nodes:1012,
[task] id:15,start:0,end:0,service time:0,nodes:883,
[task] id:20,start:0,end:0,service time:0,nodes:316,
[task] id:10,start:0,end:0,service time:0,nodes:499,
[task] id:0,start:0,end:0,service time:0,nodes:107,
[task] id:11,start:0,end:0,service time:0,nodes:312,
[task] id:28,start:0,end:0,service time:0,nodes:845,
[task] id:12,start:0,end:0,service time:0,nodes:574,
[task] id:4,start:0,end:0,service time:0,nodes:824,
[task] id:7,start:0,end:0,service time:0,nodes:982,
[task] id:13,start:0,end:0,service time:0,nodes:837,
[task] id:18,start:0,end:0,service time:0,nodes:257,
[task] id:22,start:0,end:0,service time:0,nodes:206,
[task] id:8,start:0,end:0,service time:0,nodes:63,
[agent] id:0
path:544,512,480,448,416,384,352,320,288,256,257,258,259,227,228,196,197,165,133,134,135,103,104,105,106,107,107,107,107,107,107,107,107,107,107,107,107,107,107,107,107,107,107,107,
goal:107,107,107,107,107,107,107,107,107,107,107,107,107,107,107,107,107,107,107,107,107,107,107,107,107,107,107,107,107,107,107,107,107,107,107,107,107,107,107,107,107,107,107,107,
size:25
[agent] id:1
path:614,582,550,518,486,454,422,390,358,326,294,262,230,229,197,165,133,101,69,37,36,36,36,36,36,36,36,36,36,36,36,36,36,36,36,36,36,36,36,36,36,36,36,36,
goal:36,36,36,36,36,36,36,36,36,36,36,36,36,36,36,36,36,36,36,36,36,36,36,36,36,36,36,36,36,36,36,36,36,36,36,36,36,36,36,36,36,36,36,36,
size:20
[agent] id:2
path:706,738,770,802,803,804,805,806,807,808,809,810,811,812,844,845,846,847,848,849,849,849,849,849,849,849,849,849,849,849,849,849,849,849,849,849,849,849,849,849,849,849,849,849,
goal:849,849,849,849,849,849,849,849,849,849,849,849,849,849,849,849,849,849,849,849,849,849,849,849,849,849,849,849,849,849,849,849,849,849,849,849,849,849,849,849,849,849,849,849,
size:19
[agent] id:3
path:84,83,115,114,146,178,210,242,274,306,305,337,369,368,368,368,368,368,368,368,368,368,368,368,368,368,368,368,368,368,368,368,368,368,368,368,368,368,368,368,368,368,368,368,
goal:368,368,368,368,368,368,368,368,368,368,368,368,368,368,368,368,368,368,368,368,368,368,368,368,368,368,368,368,368,368,368,368,368,368,368,368,368,368,368,368,368,368,368,368,
size:13
[agent] id:4
path:205,206,207,239,271,303,304,336,368,400,432,464,465,497,529,561,593,594,626,658,690,722,723,724,725,757,758,759,791,823,824,824,824,824,824,824,824,824,824,824,824,824,824,824,
goal:824,824,824,824,824,824,824,824,824,824,824,824,824,824,824,824,824,824,824,824,824,824,824,824,824,824,824,824,824,824,824,824,824,824,824,824,824,824,824,824,824,824,824,824,
size:30
[agent] id:5
path:962,963,964,965,966,967,935,936,937,938,939,940,941,942,943,944,945,946,978,979,980,1012,1012,1012,1012,1012,1012,1012,1012,1012,1012,1012,1012,1012,1012,1012,1012,1012,1012,1012,1012,1012,1012,1012,
goal:1012,1012,1012,1012,1012,1012,1012,1012,1012,1012,1012,1012,1012,1012,1012,1012,1012,1012,1012,1012,1012,1012,1012,1012,1012,1012,1012,1012,1012,1012,1012,1012,1012,1012,1012,1012,1012,1012,1012,1012,1012,1012,1012,1012,
size:21
[agent] id:6
path:313,281,280,248,216,184,152,120,88,89,90,91,92,93,93,93,93,93,93,93,93,93,93,93,93,93,93,93,93,93,93,93,93,93,93,93,93,93,93,93,93,93,93,93,
goal:93,93,93,93,93,93,93,93,93,93,93,93,93,93,93,93,93,93,93,93,93,93,93,93,93,93,93,93,93,93,93,93,93,93,93,93,93,93,93,93,93,93,93,93,
size:13
[agent] id:7
path:150,182,214,213,245,277,309,341,373,405,437,469,501,533,565,597,629,661,693,725,757,758,759,791,823,855,887,919,918,950,982,982,982,982,982,982,982,982,982,982,982,982,982,982,
goal:982,982,982,982,982,982,982,982,982,982,982,982,982,982,982,982,982,982,982,982,982,982,982,982,982,982,982,982,982,982,982,982,982,982,982,982,982,982,982,982,982,982,982,982,
size:30
[agent] id:8
path:451,419,420,421,389,390,391,392,393,394,395,395,395,396,364,332,300,268,269,270,271,239,240,241,209,210,211,212,213,181,182,150,151,119,87,88,89,90,91,92,60,61,62,63,
goal:63,63,63,63,63,63,63,63,63,63,63,63,63,63,63,63,63,63,63,63,63,63,63,63,63,63,63,63,63,63,63,63,63,63,63,63,63,63,63,63,63,63,63,63,
size:43
[agent] id:9
path:465,497,529,561,562,563,564,565,566,567,567,567,567,567,567,567,567,567,567,567,567,567,567,567,567,567,567,567,567,567,567,567,567,567,567,567,567,567,567,567,567,567,567,567,
goal:567,567,567,567,567,567,567,567,567,567,567,567,567,567,567,567,567,567,567,567,567,567,567,567,567,567,567,567,567,567,567,567,567,567,567,567,567,567,567,567,567,567,567,567,
size:9
[agent] id:10
path:416,417,418,419,420,421,421,422,423,424,456,457,458,459,460,461,493,494,526,527,528,529,497,498,499,499,499,499,499,499,499,499,499,499,499,499,499,499,499,499,499,499,499,499,
goal:499,499,499,499,499,499,499,499,499,499,499,499,499,499,499,499,499,499,499,499,499,499,499,499,499,499,499,499,499,499,499,499,499,499,499,499,499,499,499,499,499,499,499,499,
size:24
[agent] id:11
path:915,883,851,819,818,786,754,722,690,658,626,594,562,530,498,466,434,435,436,437,405,373,341,309,310,311,312,312,312,312,312,312,312,312,312,312,312,312,312,312,312,312,312,312,
goal:312,312,312,312,312,312,312,312,312,312,312,312,312,312,312,312,312,312,312,312,312,312,312,312,312,312,312,312,312,312,312,312,312,312,312,312,312,312,312,312,312,312,312,312,
size:26
[agent] id:12
path:58,90,122,121,153,185,217,216,248,280,312,344,376,408,409,441,473,472,504,536,537,569,570,571,603,604,605,573,574,574,574,574,574,574,574,574,574,574,574,574,574,574,574,574,
goal:574,574,574,574,574,574,574,574,574,574,574,574,574,574,574,574,574,574,574,574,574,574,574,574,574,574,574,574,574,574,574,574,574,574,574,574,574,574,574,574,574,574,574,574,
size:28
[agent] id:13
path:1,33,65,66,67,68,69,101,133,165,197,229,261,293,294,326,358,390,422,454,486,518,550,582,614,646,678,710,742,774,806,838,837,837,837,837,837,837,837,837,837,837,837,837,
goal:837,837,837,837,837,837,837,837,837,837,837,837,837,837,837,837,837,837,837,837,837,837,837,837,837,837,837,837,837,837,837,837,837,837,837,837,837,837,837,837,837,837,837,837,
size:32
[agent] id:14
path:599,567,535,534,533,501,469,437,405,406,406,406,406,406,406,406,406,406,406,406,406,406,406,406,406,406,406,406,406,406,406,406,406,406,406,406,406,406,406,406,406,406,406,406,
goal:406,406,406,406,406,406,406,406,406,406,406,406,406,406,406,406,406,406,406,406,406,406,406,406,406,406,406,406,406,406,406,406,406,406,406,406,406,406,406,406,406,406,406,406,
size:9
[agent] id:15
path:409,441,473,472,504,536,535,567,599,631,663,695,727,759,791,823,855,887,886,885,884,883,883,883,883,883,883,883,883,883,883,883,883,883,883,883,883,883,883,883,883,883,883,883,
goal:883,883,883,883,883,883,883,883,883,883,883,883,883,883,883,883,883,883,883,883,883,883,883,883,883,883,883,883,883,883,883,883,883,883,883,883,883,883,883,883,883,883,883,883,
size:21
[agent] id:16
path:880,912,913,914,915,915,915,915,915,915,915,915,915,915,915,915,915,915,915,915,915,915,915,915,915,915,915,915,915,915,915,915,915,915,915,915,915,915,915,915,915,915,915,915,
goal:915,915,915,915,915,915,915,915,915,915,915,915,915,915,915,915,915,915,915,915,915,915,915,915,915,915,915,915,915,915,915,915,915,915,915,915,915,915,915,915,915,915,915,915,
size:4
[agent] id:17
path:311,279,247,215,214,213,212,211,210,178,146,145,144,143,142,142,142,142,142,142,142,142,142,142,142,142,142,142,142,142,142,142,142,142,142,142,142,142,142,142,142,142,142,142,
goal:142,142,142,142,142,142,142,142,142,142,142,142,142,142,142,142,142,142,142,142,142,142,142,142,142,142,142,142,142,142,142,142,142,142,142,142,142,142,142,142,142,142,142,142,
size:14
[agent] id:18
path:504,503,503,535,534,533,501,500,499,531,530,529,528,527,526,525,525,493,461,429,397,396,395,394,393,392,391,359,358,326,294,262,261,260,259,258,257,257,257,257,257,257,257,257,
goal:257,257,257,257,257,257,257,257,257,257,257,257,257,257,257,257,257,257,257,257,257,257,257,257,257,257,257,257,257,257,257,257,257,257,257,257,257,257,257,257,257,257,257,257,
size:36
[agent] id:19
path:686,654,622,590,558,526,494,493,461,429,397,396,364,332,300,268,236,204,172,140,139,139,139,139,139,139,139,139,139,139,139,139,139,139,139,139,139,139,139,139,139,139,139,139,
goal:139,139,139,139,139,139,139,139,139,139,139,139,139,139,139,139,139,139,139,139,139,139,139,139,139,139,139,139,139,139,139,139,139,139,139,139,139,139,139,139,139,139,139,139,
size:20
[agent] id:20
path:766,734,702,670,669,637,605,604,603,571,539,507,508,476,477,478,446,414,413,381,349,317,316,316,316,316,316,316,316,316,316,316,316,316,316,316,316,316,316,316,316,316,316,316,
goal:316,316,316,316,316,316,316,316,316,316,316,316,316,316,316,316,316,316,316,316,316,316,316,316,316,316,316,316,316,316,316,316,316,316,316,316,316,316,316,316,316,316,316,316,
size:22
[agent] id:21
path:662,661,693,725,724,723,755,754,786,818,850,882,881,880,879,878,877,909,909,909,909,909,909,909,909,909,909,909,909,909,909,909,909,909,909,909,909,909,909,909,909,909,909,909,
goal:909,909,909,909,909,909,909,909,909,909,909,909,909,909,909,909,909,909,909,909,909,909,909,909,909,909,909,909,909,909,909,909,909,909,909,909,909,909,909,909,909,909,909,909,
size:17
[agent] id:22
path:1020,988,956,924,892,860,859,858,857,825,793,792,760,728,696,664,632,600,599,598,566,534,533,501,469,437,405,373,341,309,308,307,306,274,242,241,240,239,207,206,206,206,206,206,
goal:206,206,206,206,206,206,206,206,206,206,206,206,206,206,206,206,206,206,206,206,206,206,206,206,206,206,206,206,206,206,206,206,206,206,206,206,206,206,206,206,206,206,206,206,
size:39
[agent] id:23
path:596,628,627,626,594,593,561,560,559,558,557,556,555,554,522,521,520,519,487,486,485,485,485,485,485,485,485,485,485,485,485,485,485,485,485,485,485,485,485,485,485,485,485,485,
goal:485,485,485,485,485,485,485,485,485,485,485,485,485,485,485,485,485,485,485,485,485,485,485,485,485,485,485,485,485,485,485,485,485,485,485,485,485,485,485,485,485,485,485,485,
size:20
[agent] id:24
path:718,686,654,622,590,558,526,494,493,461,429,397,396,364,332,300,268,236,204,204,204,204,204,204,204,204,204,204,204,204,204,204,204,204,204,204,204,204,204,204,204,204,204,204,
goal:204,204,204,204,204,204,204,204,204,204,204,204,204,204,204,204,204,204,204,204,204,204,204,204,204,204,204,204,204,204,204,204,204,204,204,204,204,204,204,204,204,204,204,204,
size:18
[agent] id:25
path:627,626,594,562,530,529,528,527,526,494,493,461,429,397,396,364,332,331,330,330,330,330,330,330,330,330,330,330,330,330,330,330,330,330,330,330,330,330,330,330,330,330,330,330,
goal:330,330,330,330,330,330,330,330,330,330,330,330,330,330,330,330,330,330,330,330,330,330,330,330,330,330,330,330,330,330,330,330,330,330,330,330,330,330,330,330,330,330,330,330,
size:18
[agent] id:26
path:810,842,843,843,843,843,843,843,843,843,843,843,843,843,843,843,843,843,843,843,843,843,843,843,843,843,843,843,843,843,843,843,843,843,843,843,843,843,843,843,843,843,843,843,
goal:843,843,843,843,843,843,843,843,843,843,843,843,843,843,843,843,843,843,843,843,843,843,843,843,843,843,843,843,843,843,843,843,843,843,843,843,843,843,843,843,843,843,843,843,
size:2
[agent] id:27
path:681,713,714,715,747,779,811,812,844,876,908,908,908,908,908,908,908,908,908,908,908,908,908,908,908,908,908,908,908,908,908,908,908,908,908,908,908,908,908,908,908,908,908,908,
goal:908,908,908,908,908,908,908,908,908,908,908,908,908,908,908,908,908,908,908,908,908,908,908,908,908,908,908,908,908,908,908,908,908,908,908,908,908,908,908,908,908,908,908,908,
size:10
[agent] id:28
path:277,309,308,307,306,305,337,369,401,433,465,497,529,561,593,592,591,623,655,687,686,718,750,782,814,846,845,845,845,845,845,845,845,845,845,845,845,845,845,845,845,845,845,845,
goal:845,845,845,845,845,845,845,845,845,845,845,845,845,845,845,845,845,845,845,845,845,845,845,845,845,845,845,845,845,845,845,845,845,845,845,845,845,845,845,845,845,845,845,845,
size:26
[agent] id:29
path:565,533,501,469,437,405,373,374,342,310,309,277,245,213,212,211,243,243,243,243,243,243,243,243,243,243,243,243,243,243,243,243,243,243,243,243,243,243,243,243,243,243,243,243,
goal:243,243,243,243,243,243,243,243,243,243,243,243,243,243,243,243,243,243,243,243,243,243,243,243,243,243,243,243,243,243,243,243,243,243,243,243,243,243,243,243,243,243,243,243,
size:16
SolutionCost:625
