[setting] seed:12470
[solver] type:SASB-ECBS
[solver] w:2.000000
[solver] ID:0
[solver] Lowlevelnode:4804
[solver] Highlevelnode:19
[solver] ConflictCount:10
[solver] solved:1
[solver] elapsed:56
[solver] makespan:43
[problem] timesteplimit:15000
[problem] type:MAPF
[problem] agentnum:30
[graph] width:32
[graph] height:32
[graph] filename:./map/32by32_agents10_ex30.map
[task] id:1,start:0,end:0,service time:0,nodes:838,
[task] id:20,start:0,end:0,service time:0,nodes:682,
[task] id:3,start:0,end:0,service time:0,nodes:604,
[task] id:10,start:0,end:0,service time:0,nodes:609,
[task] id:17,start:0,end:0,service time:0,nodes:560,
[task] id:21,start:0,end:0,service time:0,nodes:816,
[task] id:8,start:0,end:0,service time:0,nodes:786,
[task] id:16,start:0,end:0,service time:0,nodes:899,
[task] id:4,start:0,end:0,service time:0,nodes:539,
[task] id:27,start:0,end:0,service time:0,nodes:42,
[task] id:24,start:0,end:0,service time:0,nodes:484,
[task] id:6,start:0,end:0,service time:0,nodes:972,
[task] id:5,start:0,end:0,service time:0,nodes:163,
[task] id:22,start:0,end:0,service time:0,nodes:1016,
[task] id:2,start:0,end:0,service time:0,nodes:106,
[task] id:13,start:0,end:0,service time:0,nodes:423,
[task] id:25,start:0,end:0,service time:0,nodes:778,
[task] id:28,start:0,end:0,service time:0,nodes:918,
[task] id:19,start:0,end:0,service time:0,nodes:545,
[task] id:23,start:0,end:0,service time:0,nodes:985,
[task] id:26,start:0,end:0,service time:0,nodes:288,
[task] id:9,start:0,end:0,service time:0,nodes:808,
[task] id:29,start:0,end:0,service time:0,nodes:225,
[task] id:14,start:0,end:0,service time:0,nodes:575,
[task] id:12,start:0,end:0,service time:0,nodes:935,
[task] id:7,start:0,end:0,service time:0,nodes:956,
[task] id:0,start:0,end:0,service time:0,nodes:93,
[task] id:11,start:0,end:0,service time:0,nodes:4,
[task] id:15,start:0,end:0,service time:0,nodes:94,
[task] id:18,start:0,end:0,service time:0,nodes:793,
[agent] id:0
path:649,617,618,619,620,621,589,557,525,526,527,528,529,497,465,433,401,369,337,305,273,241,209,210,211,212,213,181,182,150,151,119,87,88,89,90,91,92,93,93,93,93,93,93,
goal:93,93,93,93,93,93,93,93,93,93,93,93,93,93,93,93,93,93,93,93,93,93,93,93,93,93,93,93,93,93,93,93,93,93,93,93,93,93,93,93,93,93,93,93,
size:38
[agent] id:1
path:841,840,839,838,838,838,838,838,838,838,838,838,838,838,838,838,838,838,838,838,838,838,838,838,838,838,838,838,838,838,838,838,838,838,838,838,838,838,838,838,838,838,838,838,
goal:838,838,838,838,838,838,838,838,838,838,838,838,838,838,838,838,838,838,838,838,838,838,838,838,838,838,838,838,838,838,838,838,838,838,838,838,838,838,838,838,838,838,838,838,
size:3
[agent] id:2
path:281,280,248,216,215,214,213,212,211,210,178,146,145,144,143,142,174,173,172,140,139,107,106,106,106,106,106,106,106,106,106,106,106,106,106,106,106,106,106,106,106,106,106,106,
goal:106,106,106,106,106,106,106,106,106,106,106,106,106,106,106,106,106,106,106,106,106,106,106,106,106,106,106,106,106,106,106,106,106,106,106,106,106,106,106,106,106,106,106,106,
size:22
[agent] id:3
path:734,702,670,669,637,605,604,604,604,604,604,604,604,604,604,604,604,604,604,604,604,604,604,604,604,604,604,604,604,604,604,604,604,604,604,604,604,604,604,604,604,604,604,604,
goal:604,604,604,604,604,604,604,604,604,604,604,604,604,604,604,604,604,604,604,604,604,604,604,604,604,604,604,604,604,604,604,604,604,604,604,604,604,604,604,604,604,604,604,604,
size:6
[agent] id:4
path:720,688,656,657,658,626,627,628,596,597,598,566,534,535,536,537,538,539,539,539,539,539,539,539,539,539,539,539,539,539,539,539,539,539,539,539,539,539,539,539,539,539,539,539,
goal:539,539,539,539,539,539,539,539,539,539,539,539,539,539,539,539,539,539,539,539,539,539,539,539,539,539,539,539,539,539,539,539,539,539,539,539,539,539,539,539,539,539,539,539,
size:17
[agent] id:5
path:490,458,426,394,393,392,391,359,358,326,294,262,261,260,259,258,257,225,193,161,162,163,163,163,163,163,163,163,163,163,163,163,163,163,163,163,163,163,163,163,163,163,163,163,
goal:163,163,163,163,163,163,163,163,163,163,163,163,163,163,163,163,163,163,163,163,163,163,163,163,163,163,163,163,163,163,163,163,163,163,163,163,163,163,163,163,163,163,163,163,
size:21
[agent] id:6
path:643,644,676,708,709,741,773,805,837,869,870,902,934,935,936,937,969,970,971,972,972,972,972,972,972,972,972,972,972,972,972,972,972,972,972,972,972,972,972,972,972,972,972,972,
goal:972,972,972,972,972,972,972,972,972,972,972,972,972,972,972,972,972,972,972,972,972,972,972,972,972,972,972,972,972,972,972,972,972,972,972,972,972,972,972,972,972,972,972,972,
size:19
[agent] id:7
path:547,579,611,643,644,645,646,647,648,649,650,651,652,653,685,686,687,688,720,721,722,723,724,725,757,758,759,791,823,824,825,857,858,859,860,892,924,956,956,956,956,956,956,956,
goal:956,956,956,956,956,956,956,956,956,956,956,956,956,956,956,956,956,956,956,956,956,956,956,956,956,956,956,956,956,956,956,956,956,956,956,956,956,956,956,956,956,956,956,956,
size:37
[agent] id:8
path:858,857,825,824,823,822,821,853,852,851,819,818,786,786,786,786,786,786,786,786,786,786,786,786,786,786,786,786,786,786,786,786,786,786,786,786,786,786,786,786,786,786,786,786,
goal:786,786,786,786,786,786,786,786,786,786,786,786,786,786,786,786,786,786,786,786,786,786,786,786,786,786,786,786,786,786,786,786,786,786,786,786,786,786,786,786,786,786,786,786,
size:12
[agent] id:9
path:474,473,472,504,536,535,567,599,631,663,662,661,660,659,658,657,656,655,687,686,718,717,716,715,747,779,811,810,809,808,808,808,808,808,808,808,808,808,808,808,808,808,808,808,
goal:808,808,808,808,808,808,808,808,808,808,808,808,808,808,808,808,808,808,808,808,808,808,808,808,808,808,808,808,808,808,808,808,808,808,808,808,808,808,808,808,808,808,808,808,
size:29
[agent] id:10
path:804,803,771,739,707,706,705,673,641,609,609,609,609,609,609,609,609,609,609,609,609,609,609,609,609,609,609,609,609,609,609,609,609,609,609,609,609,609,609,609,609,609,609,609,
goal:609,609,609,609,609,609,609,609,609,609,609,609,609,609,609,609,609,609,609,609,609,609,609,609,609,609,609,609,609,609,609,609,609,609,609,609,609,609,609,609,609,609,609,609,
size:9
[agent] id:11
path:864,896,928,929,930,898,866,867,835,803,771,739,707,708,676,644,612,613,614,582,550,518,486,454,422,390,358,326,294,262,230,229,197,165,133,101,69,37,5,4,4,4,4,4,
goal:4,4,4,4,4,4,4,4,4,4,4,4,4,4,4,4,4,4,4,4,4,4,4,4,4,4,4,4,4,4,4,4,4,4,4,4,4,4,4,4,4,4,4,4,
size:39
[agent] id:12
path:311,310,342,374,406,438,470,469,501,533,565,597,629,661,693,692,691,690,689,688,687,686,718,750,782,814,846,878,877,909,941,940,939,938,937,936,935,935,935,935,935,935,935,935,
goal:935,935,935,935,935,935,935,935,935,935,935,935,935,935,935,935,935,935,935,935,935,935,935,935,935,935,935,935,935,935,935,935,935,935,935,935,935,935,935,935,935,935,935,935,
size:36
[agent] id:13
path:879,847,846,814,782,750,718,686,654,622,590,558,526,494,493,461,460,459,458,457,456,424,423,423,423,423,423,423,423,423,423,423,423,423,423,423,423,423,423,423,423,423,423,423,
goal:423,423,423,423,423,423,423,423,423,423,423,423,423,423,423,423,423,423,423,423,423,423,423,423,423,423,423,423,423,423,423,423,423,423,423,423,423,423,423,423,423,423,423,423,
size:22
[agent] id:14
path:93,92,91,123,155,187,219,218,217,216,248,280,312,344,376,408,409,441,473,472,504,536,537,569,570,602,603,635,636,637,605,573,574,575,575,575,575,575,575,575,575,575,575,575,
goal:575,575,575,575,575,575,575,575,575,575,575,575,575,575,575,575,575,575,575,575,575,575,575,575,575,575,575,575,575,575,575,575,575,575,575,575,575,575,575,575,575,575,575,575,
size:33
[agent] id:15
path:945,913,881,849,850,818,786,754,722,690,658,626,594,562,530,498,466,434,435,436,437,405,373,341,309,277,245,213,181,182,183,184,185,186,187,188,189,190,158,126,94,94,94,94,
goal:94,94,94,94,94,94,94,94,94,94,94,94,94,94,94,94,94,94,94,94,94,94,94,94,94,94,94,94,94,94,94,94,94,94,94,94,94,94,94,94,94,94,94,94,
size:40
[agent] id:16
path:779,811,843,842,841,840,872,871,870,902,901,900,899,899,899,899,899,899,899,899,899,899,899,899,899,899,899,899,899,899,899,899,899,899,899,899,899,899,899,899,899,899,899,899,
goal:899,899,899,899,899,899,899,899,899,899,899,899,899,899,899,899,899,899,899,899,899,899,899,899,899,899,899,899,899,899,899,899,899,899,899,899,899,899,899,899,899,899,899,899,
size:12
[agent] id:17
path:536,535,567,566,565,564,563,562,561,560,560,560,560,560,560,560,560,560,560,560,560,560,560,560,560,560,560,560,560,560,560,560,560,560,560,560,560,560,560,560,560,560,560,560,
goal:560,560,560,560,560,560,560,560,560,560,560,560,560,560,560,560,560,560,560,560,560,560,560,560,560,560,560,560,560,560,560,560,560,560,560,560,560,560,560,560,560,560,560,560,
size:9
[agent] id:18
path:192,193,225,257,258,290,322,354,355,356,357,389,421,453,485,517,549,550,582,583,615,647,648,649,650,651,652,653,685,686,687,688,720,721,722,723,724,725,757,758,759,791,792,793,
goal:793,793,793,793,793,793,793,793,793,793,793,793,793,793,793,793,793,793,793,793,793,793,793,793,793,793,793,793,793,793,793,793,793,793,793,793,793,793,793,793,793,793,793,793,
size:43
[agent] id:19
path:243,242,274,306,305,304,303,302,301,300,332,364,396,428,460,459,458,490,522,521,520,519,518,517,516,515,514,513,545,545,545,545,545,545,545,545,545,545,545,545,545,545,545,545,
goal:545,545,545,545,545,545,545,545,545,545,545,545,545,545,545,545,545,545,545,545,545,545,545,545,545,545,545,545,545,545,545,545,545,545,545,545,545,545,545,545,545,545,545,545,
size:28
[agent] id:20
path:743,711,679,680,681,682,682,682,682,682,682,682,682,682,682,682,682,682,682,682,682,682,682,682,682,682,682,682,682,682,682,682,682,682,682,682,682,682,682,682,682,682,682,682,
goal:682,682,682,682,682,682,682,682,682,682,682,682,682,682,682,682,682,682,682,682,682,682,682,682,682,682,682,682,682,682,682,682,682,682,682,682,682,682,682,682,682,682,682,682,
size:5
[agent] id:21
path:652,653,685,717,749,781,782,814,846,847,848,816,816,816,816,816,816,816,816,816,816,816,816,816,816,816,816,816,816,816,816,816,816,816,816,816,816,816,816,816,816,816,816,816,
goal:816,816,816,816,816,816,816,816,816,816,816,816,816,816,816,816,816,816,816,816,816,816,816,816,816,816,816,816,816,816,816,816,816,816,816,816,816,816,816,816,816,816,816,816,
size:11
[agent] id:22
path:540,539,571,603,635,667,699,731,730,762,794,793,825,824,823,855,887,919,920,952,984,1016,1016,1016,1016,1016,1016,1016,1016,1016,1016,1016,1016,1016,1016,1016,1016,1016,1016,1016,1016,1016,1016,1016,
goal:1016,1016,1016,1016,1016,1016,1016,1016,1016,1016,1016,1016,1016,1016,1016,1016,1016,1016,1016,1016,1016,1016,1016,1016,1016,1016,1016,1016,1016,1016,1016,1016,1016,1016,1016,1016,1016,1016,1016,1016,1016,1016,1016,1016,
size:21
[agent] id:23
path:316,348,380,379,378,410,442,474,473,472,504,536,535,567,599,631,663,695,727,759,791,823,855,887,919,920,952,984,985,985,985,985,985,985,985,985,985,985,985,985,985,985,985,985,
goal:985,985,985,985,985,985,985,985,985,985,985,985,985,985,985,985,985,985,985,985,985,985,985,985,985,985,985,985,985,985,985,985,985,985,985,985,985,985,985,985,985,985,985,985,
size:28
[agent] id:24
path:203,235,236,268,300,332,364,396,395,394,393,392,424,423,422,454,486,485,484,484,484,484,484,484,484,484,484,484,484,484,484,484,484,484,484,484,484,484,484,484,484,484,484,484,
goal:484,484,484,484,484,484,484,484,484,484,484,484,484,484,484,484,484,484,484,484,484,484,484,484,484,484,484,484,484,484,484,484,484,484,484,484,484,484,484,484,484,484,484,484,
size:18
[agent] id:25
path:384,416,448,480,512,544,576,577,609,610,642,643,644,676,677,709,741,773,805,806,807,808,809,810,778,778,778,778,778,778,778,778,778,778,778,778,778,778,778,778,778,778,778,778,
goal:778,778,778,778,778,778,778,778,778,778,778,778,778,778,778,778,778,778,778,778,778,778,778,778,778,778,778,778,778,778,778,778,778,778,778,778,778,778,778,778,778,778,778,778,
size:24
[agent] id:26
path:434,402,401,369,337,305,304,303,302,301,300,268,236,235,234,233,201,200,199,231,263,262,261,260,259,258,257,256,288,288,288,288,288,288,288,288,288,288,288,288,288,288,288,288,
goal:288,288,288,288,288,288,288,288,288,288,288,288,288,288,288,288,288,288,288,288,288,288,288,288,288,288,288,288,288,288,288,288,288,288,288,288,288,288,288,288,288,288,288,288,
size:28
[agent] id:27
path:55,54,53,52,51,50,49,48,80,79,78,77,45,44,12,11,10,42,42,42,42,42,42,42,42,42,42,42,42,42,42,42,42,42,42,42,42,42,42,42,42,42,42,42,
goal:42,42,42,42,42,42,42,42,42,42,42,42,42,42,42,42,42,42,42,42,42,42,42,42,42,42,42,42,42,42,42,42,42,42,42,42,42,42,42,42,42,42,42,42,
size:17
[agent] id:28
path:929,930,898,899,900,901,902,934,935,936,937,938,939,940,941,942,943,911,912,913,914,915,883,884,885,886,918,918,918,918,918,918,918,918,918,918,918,918,918,918,918,918,918,918,
goal:918,918,918,918,918,918,918,918,918,918,918,918,918,918,918,918,918,918,918,918,918,918,918,918,918,918,918,918,918,918,918,918,918,918,918,918,918,918,918,918,918,918,918,918,
size:26
[agent] id:29
path:23,55,54,53,52,84,83,115,114,146,145,144,143,142,174,206,205,204,203,202,201,200,199,231,230,229,228,227,259,258,257,225,225,225,225,225,225,225,225,225,225,225,225,225,
goal:225,225,225,225,225,225,225,225,225,225,225,225,225,225,225,225,225,225,225,225,225,225,225,225,225,225,225,225,225,225,225,225,225,225,225,225,225,225,225,225,225,225,225,225,
size:31
SolutionCost:684
