[setting] seed:14285
[solver] type:SASB-ECBS
[solver] w:2.000000
[solver] ID:0
[solver] Lowlevelnode:9264
[solver] Highlevelnode:17
[solver] ConflictCount:9
[solver] solved:1
[solver] elapsed:76
[solver] makespan:44
[problem] timesteplimit:15000
[problem] type:MAPF
[problem] agentnum:30
[graph] width:32
[graph] height:32
[graph] filename:./map/32by32_agents10_ex30.map
[task] id:10,start:0,end:0,service time:0,nodes:37,
[task] id:24,start:0,end:0,service time:0,nodes:168,
[task] id:28,start:0,end:0,service time:0,nodes:563,
[task] id:12,start:0,end:0,service time:0,nodes:846,
[task] id:7,start:0,end:0,service time:0,nodes:699,
[task] id:15,start:0,end:0,service time:0,nodes:940,
[task] id:29,start:0,end:0,service time:0,nodes:525,
[task] id:0,start:0,end:0,service time:0,nodes:709,
[task] id:17,start:0,end:0,service time:0,nodes:809,
[task] id:26,start:0,end:0,service time:0,nodes:722,
[task] id:5,start:0,end:0,service time:0,nodes:407,
[task] id:25,start:0,end:0,service time:0,nodes:52,
[task] id:2,start:0,end:0,service time:0,nodes:255,
[task] id:20,start:0,end:0,service time:0,nodes:30,
[task] id:21,start:0,end:0,service time:0,nodes:661,
[task] id:14,start:0,end:0,service time:0,nodes:302,
[task] id:27,start:0,end:0,service time:0,nodes:663,
[task] id:18,start:0,end:0,service time:0,nodes:603,
[task] id:1,start:0,end:0,service time:0,nodes:715,
[task] id:9,start:0,end:0,service time:0,nodes:881,
[task] id:16,start:0,end:0,service time:0,nodes:121,
[task] id:3,start:0,end:0,service time:0,nodes:965,
[task] id:4,start:0,end:0,service time:0,nodes:738,
[task] id:6,start:0,end:0,service time:0,nodes:185,
[task] id:8,start:0,end:0,service time:0,nodes:705,
[task] id:22,start:0,end:0,service time:0,nodes:153,
[task] id:19,start:0,end:0,service time:0,nodes:51,
[task] id:23,start:0,end:0,service time:0,nodes:872,
[task] id:11,start:0,end:0,service time:0,nodes:328,
[task] id:13,start:0,end:0,service time:0,nodes:896,
[agent] id:0
path:392,424,423,422,454,486,518,550,582,614,646,678,710,709,709,709,709,709,709,709,709,709,709,709,709,709,709,709,709,709,709,709,709,709,709,709,709,709,709,709,709,709,709,709,709,
goal:709,709,709,709,709,709,709,709,709,709,709,709,709,709,709,709,709,709,709,709,709,709,709,709,709,709,709,709,709,709,709,709,709,709,709,709,709,709,709,709,709,709,709,709,709,
size:13
[agent] id:1
path:133,165,197,229,261,293,294,326,358,390,422,454,486,518,550,582,614,646,678,710,711,712,713,714,715,715,715,715,715,715,715,715,715,715,715,715,715,715,715,715,715,715,715,715,715,
goal:715,715,715,715,715,715,715,715,715,715,715,715,715,715,715,715,715,715,715,715,715,715,715,715,715,715,715,715,715,715,715,715,715,715,715,715,715,715,715,715,715,715,715,715,715,
size:24
[agent] id:2
path:240,241,242,243,211,212,213,214,215,216,217,218,219,187,188,189,221,222,223,255,255,255,255,255,255,255,255,255,255,255,255,255,255,255,255,255,255,255,255,255,255,255,255,255,255,
goal:255,255,255,255,255,255,255,255,255,255,255,255,255,255,255,255,255,255,255,255,255,255,255,255,255,255,255,255,255,255,255,255,255,255,255,255,255,255,255,255,255,255,255,255,255,
size:19
[agent] id:3
path:859,858,857,825,824,823,855,887,886,885,884,883,882,881,880,879,878,877,909,908,907,939,938,937,936,935,967,966,965,965,965,965,965,965,965,965,965,965,965,965,965,965,965,965,965,
goal:965,965,965,965,965,965,965,965,965,965,965,965,965,965,965,965,965,965,965,965,965,965,965,965,965,965,965,965,965,965,965,965,965,965,965,965,965,965,965,965,965,965,965,965,965,
size:28
[agent] id:4
path:336,304,303,302,301,300,332,364,396,428,460,459,458,490,522,554,553,552,584,616,648,680,679,678,677,676,708,707,739,738,738,738,738,738,738,738,738,738,738,738,738,738,738,738,738,
goal:738,738,738,738,738,738,738,738,738,738,738,738,738,738,738,738,738,738,738,738,738,738,738,738,738,738,738,738,738,738,738,738,738,738,738,738,738,738,738,738,738,738,738,738,738,
size:29
[agent] id:5
path:142,174,206,207,239,271,303,304,305,306,307,308,309,341,373,405,406,407,407,407,407,407,407,407,407,407,407,407,407,407,407,407,407,407,407,407,407,407,407,407,407,407,407,407,407,
goal:407,407,407,407,407,407,407,407,407,407,407,407,407,407,407,407,407,407,407,407,407,407,407,407,407,407,407,407,407,407,407,407,407,407,407,407,407,407,407,407,407,407,407,407,407,
size:17
[agent] id:6
path:485,486,487,519,520,521,522,554,555,556,557,558,526,527,528,529,497,465,433,401,369,337,305,273,241,209,210,211,212,213,181,182,183,184,185,185,185,185,185,185,185,185,185,185,185,
goal:185,185,185,185,185,185,185,185,185,185,185,185,185,185,185,185,185,185,185,185,185,185,185,185,185,185,185,185,185,185,185,185,185,185,185,185,185,185,185,185,185,185,185,185,185,
size:34
[agent] id:7
path:660,661,662,663,695,696,697,698,699,699,699,699,699,699,699,699,699,699,699,699,699,699,699,699,699,699,699,699,699,699,699,699,699,699,699,699,699,699,699,699,699,699,699,699,699,
goal:699,699,699,699,699,699,699,699,699,699,699,699,699,699,699,699,699,699,699,699,699,699,699,699,699,699,699,699,699,699,699,699,699,699,699,699,699,699,699,699,699,699,699,699,699,
size:8
[agent] id:8
path:830,798,797,796,795,794,762,730,729,728,727,726,725,693,692,691,690,689,688,687,686,685,653,652,651,683,682,681,680,679,678,677,676,708,707,706,705,705,705,705,705,705,705,705,705,
goal:705,705,705,705,705,705,705,705,705,705,705,705,705,705,705,705,705,705,705,705,705,705,705,705,705,705,705,705,705,705,705,705,705,705,705,705,705,705,705,705,705,705,705,705,705,
size:36
[agent] id:9
path:421,453,485,517,549,550,582,614,646,678,710,742,774,806,838,839,840,841,842,874,875,876,877,878,879,880,881,881,881,881,881,881,881,881,881,881,881,881,881,881,881,881,881,881,881,
goal:881,881,881,881,881,881,881,881,881,881,881,881,881,881,881,881,881,881,881,881,881,881,881,881,881,881,881,881,881,881,881,881,881,881,881,881,881,881,881,881,881,881,881,881,881,
size:26
[agent] id:10
path:35,36,37,37,37,37,37,37,37,37,37,37,37,37,37,37,37,37,37,37,37,37,37,37,37,37,37,37,37,37,37,37,37,37,37,37,37,37,37,37,37,37,37,37,37,
goal:37,37,37,37,37,37,37,37,37,37,37,37,37,37,37,37,37,37,37,37,37,37,37,37,37,37,37,37,37,37,37,37,37,37,37,37,37,37,37,37,37,37,37,37,37,
size:2
[agent] id:11
path:888,887,855,823,791,759,727,695,663,631,630,629,628,627,626,594,562,530,529,528,527,526,494,493,461,429,397,396,395,394,393,392,391,359,358,326,294,262,263,264,296,328,328,328,328,
goal:328,328,328,328,328,328,328,328,328,328,328,328,328,328,328,328,328,328,328,328,328,328,328,328,328,328,328,328,328,328,328,328,328,328,328,328,328,328,328,328,328,328,328,328,328,
size:41
[agent] id:12
path:883,851,850,849,848,847,846,846,846,846,846,846,846,846,846,846,846,846,846,846,846,846,846,846,846,846,846,846,846,846,846,846,846,846,846,846,846,846,846,846,846,846,846,846,846,
goal:846,846,846,846,846,846,846,846,846,846,846,846,846,846,846,846,846,846,846,846,846,846,846,846,846,846,846,846,846,846,846,846,846,846,846,846,846,846,846,846,846,846,846,846,846,
size:6
[agent] id:13
path:80,112,144,143,142,174,206,205,204,236,268,300,332,364,396,428,460,459,458,490,522,554,553,552,584,616,648,680,712,744,776,808,840,872,871,870,902,901,900,899,898,930,929,928,896,
goal:896,896,896,896,896,896,896,896,896,896,896,896,896,896,896,896,896,896,896,896,896,896,896,896,896,896,896,896,896,896,896,896,896,896,896,896,896,896,896,896,896,896,896,896,896,
size:44
[agent] id:14
path:845,846,814,782,750,718,686,654,622,590,558,526,494,493,461,429,397,396,364,332,300,301,302,302,302,302,302,302,302,302,302,302,302,302,302,302,302,302,302,302,302,302,302,302,302,
goal:302,302,302,302,302,302,302,302,302,302,302,302,302,302,302,302,302,302,302,302,302,302,302,302,302,302,302,302,302,302,302,302,302,302,302,302,302,302,302,302,302,302,302,302,302,
size:22
[agent] id:15
path:850,882,914,946,945,944,943,942,941,940,940,940,940,940,940,940,940,940,940,940,940,940,940,940,940,940,940,940,940,940,940,940,940,940,940,940,940,940,940,940,940,940,940,940,940,
goal:940,940,940,940,940,940,940,940,940,940,940,940,940,940,940,940,940,940,940,940,940,940,940,940,940,940,940,940,940,940,940,940,940,940,940,940,940,940,940,940,940,940,940,940,940,
size:9
[agent] id:16
path:655,623,591,559,527,528,529,497,465,433,401,369,337,305,273,241,209,210,211,212,213,181,182,150,151,119,120,121,121,121,121,121,121,121,121,121,121,121,121,121,121,121,121,121,121,
goal:121,121,121,121,121,121,121,121,121,121,121,121,121,121,121,121,121,121,121,121,121,121,121,121,121,121,121,121,121,121,121,121,121,121,121,121,121,121,121,121,121,121,121,121,121,
size:27
[agent] id:17
path:659,691,690,689,688,687,687,686,718,717,716,715,747,779,811,810,809,809,809,809,809,809,809,809,809,809,809,809,809,809,809,809,809,809,809,809,809,809,809,809,809,809,809,809,809,
goal:809,809,809,809,809,809,809,809,809,809,809,809,809,809,809,809,809,809,809,809,809,809,809,809,809,809,809,809,809,809,809,809,809,809,809,809,809,809,809,809,809,809,809,809,809,
size:16
[agent] id:18
path:90,122,121,153,185,217,216,248,280,312,344,376,408,409,441,473,472,504,536,537,569,570,602,603,603,603,603,603,603,603,603,603,603,603,603,603,603,603,603,603,603,603,603,603,603,
goal:603,603,603,603,603,603,603,603,603,603,603,603,603,603,603,603,603,603,603,603,603,603,603,603,603,603,603,603,603,603,603,603,603,603,603,603,603,603,603,603,603,603,603,603,603,
size:23
[agent] id:19
path:737,705,673,641,609,577,545,513,514,482,450,418,419,420,421,389,357,358,326,294,262,230,231,199,200,201,202,203,171,172,173,174,142,110,78,79,80,48,49,50,51,51,51,51,51,
goal:51,51,51,51,51,51,51,51,51,51,51,51,51,51,51,51,51,51,51,51,51,51,51,51,51,51,51,51,51,51,51,51,51,51,51,51,51,51,51,51,51,51,51,51,51,
size:40
[agent] id:20
path:307,308,276,277,245,213,181,182,150,151,119,87,55,23,24,25,26,27,28,29,30,30,30,30,30,30,30,30,30,30,30,30,30,30,30,30,30,30,30,30,30,30,30,30,30,
goal:30,30,30,30,30,30,30,30,30,30,30,30,30,30,30,30,30,30,30,30,30,30,30,30,30,30,30,30,30,30,30,30,30,30,30,30,30,30,30,30,30,30,30,30,30,
size:20
[agent] id:21
path:839,807,775,743,711,679,647,648,649,650,651,652,653,654,655,656,657,658,659,660,661,661,661,661,661,661,661,661,661,661,661,661,661,661,661,661,661,661,661,661,661,661,661,661,661,
goal:661,661,661,661,661,661,661,661,661,661,661,661,661,661,661,661,661,661,661,661,661,661,661,661,661,661,661,661,661,661,661,661,661,661,661,661,661,661,661,661,661,661,661,661,661,
size:20
[agent] id:22
path:484,485,486,487,519,520,521,522,554,555,556,557,558,526,527,528,529,497,465,433,401,369,337,305,273,241,209,210,211,212,213,181,182,150,151,152,153,153,153,153,153,153,153,153,153,
goal:153,153,153,153,153,153,153,153,153,153,153,153,153,153,153,153,153,153,153,153,153,153,153,153,153,153,153,153,153,153,153,153,153,153,153,153,153,153,153,153,153,153,153,153,153,
size:36
[agent] id:23
path:318,317,349,381,380,379,378,410,442,474,473,472,504,536,535,567,599,631,630,629,628,660,659,658,657,656,655,654,653,652,651,683,682,714,713,745,744,776,808,840,872,872,872,872,872,
goal:872,872,872,872,872,872,872,872,872,872,872,872,872,872,872,872,872,872,872,872,872,872,872,872,872,872,872,872,872,872,872,872,872,872,872,872,872,872,872,872,872,872,872,872,872,
size:40
[agent] id:24
path:201,169,168,168,168,168,168,168,168,168,168,168,168,168,168,168,168,168,168,168,168,168,168,168,168,168,168,168,168,168,168,168,168,168,168,168,168,168,168,168,168,168,168,168,168,
goal:168,168,168,168,168,168,168,168,168,168,168,168,168,168,168,168,168,168,168,168,168,168,168,168,168,168,168,168,168,168,168,168,168,168,168,168,168,168,168,168,168,168,168,168,168,
size:2
[agent] id:25
path:168,136,137,138,139,140,172,173,174,142,110,78,79,80,48,49,50,51,52,52,52,52,52,52,52,52,52,52,52,52,52,52,52,52,52,52,52,52,52,52,52,52,52,52,52,
goal:52,52,52,52,52,52,52,52,52,52,52,52,52,52,52,52,52,52,52,52,52,52,52,52,52,52,52,52,52,52,52,52,52,52,52,52,52,52,52,52,52,52,52,52,52,
size:18
[agent] id:26
path:644,645,646,647,648,649,650,651,652,653,685,686,687,688,720,721,722,722,722,722,722,722,722,722,722,722,722,722,722,722,722,722,722,722,722,722,722,722,722,722,722,722,722,722,722,
goal:722,722,722,722,722,722,722,722,722,722,722,722,722,722,722,722,722,722,722,722,722,722,722,722,722,722,722,722,722,722,722,722,722,722,722,722,722,722,722,722,722,722,722,722,722,
size:16
[agent] id:27
path:188,187,219,218,217,216,248,280,312,344,376,408,409,441,473,472,504,536,535,567,599,631,663,663,663,663,663,663,663,663,663,663,663,663,663,663,663,663,663,663,663,663,663,663,663,
goal:663,663,663,663,663,663,663,663,663,663,663,663,663,663,663,663,663,663,663,663,663,663,663,663,663,663,663,663,663,663,663,663,663,663,663,663,663,663,663,663,663,663,663,663,663,
size:22
[agent] id:28
path:657,658,626,594,562,563,563,563,563,563,563,563,563,563,563,563,563,563,563,563,563,563,563,563,563,563,563,563,563,563,563,563,563,563,563,563,563,563,563,563,563,563,563,563,563,
goal:563,563,563,563,563,563,563,563,563,563,563,563,563,563,563,563,563,563,563,563,563,563,563,563,563,563,563,563,563,563,563,563,563,563,563,563,563,563,563,563,563,563,563,563,563,
size:5
[agent] id:29
path:235,236,268,300,332,364,396,428,460,461,493,525,525,525,525,525,525,525,525,525,525,525,525,525,525,525,525,525,525,525,525,525,525,525,525,525,525,525,525,525,525,525,525,525,525,
goal:525,525,525,525,525,525,525,525,525,525,525,525,525,525,525,525,525,525,525,525,525,525,525,525,525,525,525,525,525,525,525,525,525,525,525,525,525,525,525,525,525,525,525,525,525,
size:11
SolutionCost:654
