[setting] seed:8735
[solver] type:SASB-ECBS
[solver] w:2.000000
[solver] ID:0
[solver] Lowlevelnode:14714
[solver] Highlevelnode:27
[solver] ConflictCount:14
[solver] solved:1
[solver] elapsed:94
[solver] makespan:43
[problem] timesteplimit:15000
[problem] type:MAPF
[problem] agentnum:30
[graph] width:32
[graph] height:32
[graph] filename:./map/32by32_agents10_ex30.map
[task] id:9,start:0,end:0,service time:0,nodes:383,
[task] id:25,start:0,end:0,service time:0,nodes:635,
[task] id:1,start:0,end:0,service time:0,nodes:872,
[task] id:10,start:0,end:0,service time:0,nodes:808,
[task] id:18,start:0,end:0,service time:0,nodes:855,
[task] id:24,start:0,end:0,service time:0,nodes:604,
[task] id:23,start:0,end:0,service time:0,nodes:693,
[task] id:19,start:0,end:0,service time:0,nodes:78,
[task] id:20,start:0,end:0,service time:0,nodes:752,
[task] id:15,start:0,end:0,service time:0,nodes:236,
[task] id:14,start:0,end:0,service time:0,nodes:697,
[task] id:4,start:0,end:0,service time:0,nodes:274,
[task] id:16,start:0,end:0,service time:0,nodes:866,
[task] id:3,start:0,end:0,service time:0,nodes:571,
[task] id:13,start:0,end:0,service time:0,nodes:40,
[task] id:28,start:0,end:0,service time:0,nodes:549,
[task] id:2,start:0,end:0,service time:0,nodes:271,
[task] id:12,start:0,end:0,service time:0,nodes:489,
[task] id:22,start:0,end:0,service time:0,nodes:92,
[task] id:29,start:0,end:0,service time:0,nodes:405,
[task] id:0,start:0,end:0,service time:0,nodes:2,
[task] id:6,start:0,end:0,service time:0,nodes:775,
[task] id:5,start:0,end:0,service time:0,nodes:537,
[task] id:7,start:0,end:0,service time:0,nodes:207,
[task] id:11,start:0,end:0,service time:0,nodes:984,
[task] id:21,start:0,end:0,service time:0,nodes:547,
[task] id:8,start:0,end:0,service time:0,nodes:750,
[task] id:27,start:0,end:0,service time:0,nodes:508,
[task] id:17,start:0,end:0,service time:0,nodes:791,
[task] id:26,start:0,end:0,service time:0,nodes:574,
[agent] id:0
path:23,22,21,20,19,18,17,49,48,80,79,78,77,45,13,12,11,10,9,8,7,39,38,37,5,4,3,2,2,2,2,2,2,2,2,2,2,2,2,2,2,2,2,2,
goal:2,2,2,2,2,2,2,2,2,2,2,2,2,2,2,2,2,2,2,2,2,2,2,2,2,2,2,2,2,2,2,2,2,2,2,2,2,2,2,2,2,2,2,2,
size:27
[agent] id:1
path:745,744,776,808,840,872,872,872,872,872,872,872,872,872,872,872,872,872,872,872,872,872,872,872,872,872,872,872,872,872,872,872,872,872,872,872,872,872,872,872,872,872,872,872,
goal:872,872,872,872,872,872,872,872,872,872,872,872,872,872,872,872,872,872,872,872,872,872,872,872,872,872,872,872,872,872,872,872,872,872,872,872,872,872,872,872,872,872,872,872,
size:5
[agent] id:2
path:729,697,696,664,663,631,630,598,566,565,564,563,531,499,467,435,403,402,401,369,337,305,304,303,271,271,271,271,271,271,271,271,271,271,271,271,271,271,271,271,271,271,271,271,
goal:271,271,271,271,271,271,271,271,271,271,271,271,271,271,271,271,271,271,271,271,271,271,271,271,271,271,271,271,271,271,271,271,271,271,271,271,271,271,271,271,271,271,271,271,
size:24
[agent] id:3
path:241,273,305,337,369,401,433,465,497,498,499,500,501,533,534,535,536,537,569,570,571,571,571,571,571,571,571,571,571,571,571,571,571,571,571,571,571,571,571,571,571,571,571,571,
goal:571,571,571,571,571,571,571,571,571,571,571,571,571,571,571,571,571,571,571,571,571,571,571,571,571,571,571,571,571,571,571,571,571,571,571,571,571,571,571,571,571,571,571,571,
size:20
[agent] id:4
path:718,686,654,622,590,558,526,527,528,529,497,465,433,401,369,337,305,273,274,274,274,274,274,274,274,274,274,274,274,274,274,274,274,274,274,274,274,274,274,274,274,274,274,274,
goal:274,274,274,274,274,274,274,274,274,274,274,274,274,274,274,274,274,274,274,274,274,274,274,274,274,274,274,274,274,274,274,274,274,274,274,274,274,274,274,274,274,274,274,274,
size:18
[agent] id:5
path:707,708,676,644,612,613,614,582,550,551,552,553,554,555,556,557,558,559,560,561,562,563,564,565,533,534,535,536,537,537,537,537,537,537,537,537,537,537,537,537,537,537,537,537,
goal:537,537,537,537,537,537,537,537,537,537,537,537,537,537,537,537,537,537,537,537,537,537,537,537,537,537,537,537,537,537,537,537,537,537,537,537,537,537,537,537,537,537,537,537,
size:28
[agent] id:6
path:472,504,536,535,567,599,631,663,662,661,693,692,691,690,689,688,687,686,718,717,716,715,714,713,745,744,776,775,775,775,775,775,775,775,775,775,775,775,775,775,775,775,775,775,
goal:775,775,775,775,775,775,775,775,775,775,775,775,775,775,775,775,775,775,775,775,775,775,775,775,775,775,775,775,775,775,775,775,775,775,775,775,775,775,775,775,775,775,775,775,
size:27
[agent] id:7
path:887,855,823,791,759,727,726,725,693,692,691,659,627,626,594,562,530,498,466,434,402,401,369,337,305,273,241,240,239,207,207,207,207,207,207,207,207,207,207,207,207,207,207,207,
goal:207,207,207,207,207,207,207,207,207,207,207,207,207,207,207,207,207,207,207,207,207,207,207,207,207,207,207,207,207,207,207,207,207,207,207,207,207,207,207,207,207,207,207,207,
size:29
[agent] id:8
path:58,90,122,121,153,185,217,216,248,280,312,344,376,408,407,439,438,470,469,501,533,565,597,629,661,660,692,691,690,689,688,687,686,718,750,750,750,750,750,750,750,750,750,750,
goal:750,750,750,750,750,750,750,750,750,750,750,750,750,750,750,750,750,750,750,750,750,750,750,750,750,750,750,750,750,750,750,750,750,750,750,750,750,750,750,750,750,750,750,750,
size:34
[agent] id:9
path:351,383,383,383,383,383,383,383,383,383,383,383,383,383,383,383,383,383,383,383,383,383,383,383,383,383,383,383,383,383,383,383,383,383,383,383,383,383,383,383,383,383,383,383,
goal:383,383,383,383,383,383,383,383,383,383,383,383,383,383,383,383,383,383,383,383,383,383,383,383,383,383,383,383,383,383,383,383,383,383,383,383,383,383,383,383,383,383,383,383,
size:1
[agent] id:10
path:616,648,680,712,744,776,808,808,808,808,808,808,808,808,808,808,808,808,808,808,808,808,808,808,808,808,808,808,808,808,808,808,808,808,808,808,808,808,808,808,808,808,808,808,
goal:808,808,808,808,808,808,808,808,808,808,808,808,808,808,808,808,808,808,808,808,808,808,808,808,808,808,808,808,808,808,808,808,808,808,808,808,808,808,808,808,808,808,808,808,
size:6
[agent] id:11
path:274,306,307,308,309,341,373,405,437,469,501,533,565,597,629,661,662,663,695,727,759,791,823,822,854,886,918,950,982,983,984,984,984,984,984,984,984,984,984,984,984,984,984,984,
goal:984,984,984,984,984,984,984,984,984,984,984,984,984,984,984,984,984,984,984,984,984,984,984,984,984,984,984,984,984,984,984,984,984,984,984,984,984,984,984,984,984,984,984,984,
size:30
[agent] id:12
path:978,946,914,882,850,818,786,754,722,690,658,626,594,593,592,591,590,558,557,556,555,554,522,490,489,489,489,489,489,489,489,489,489,489,489,489,489,489,489,489,489,489,489,489,
goal:489,489,489,489,489,489,489,489,489,489,489,489,489,489,489,489,489,489,489,489,489,489,489,489,489,489,489,489,489,489,489,489,489,489,489,489,489,489,489,489,489,489,489,489,
size:24
[agent] id:13
path:583,551,519,487,486,454,422,390,358,326,294,262,230,231,199,167,135,103,71,39,40,40,40,40,40,40,40,40,40,40,40,40,40,40,40,40,40,40,40,40,40,40,40,40,
goal:40,40,40,40,40,40,40,40,40,40,40,40,40,40,40,40,40,40,40,40,40,40,40,40,40,40,40,40,40,40,40,40,40,40,40,40,40,40,40,40,40,40,40,40,
size:20
[agent] id:14
path:464,465,497,529,561,593,594,626,658,659,660,660,661,662,663,695,696,697,697,697,697,697,697,697,697,697,697,697,697,697,697,697,697,697,697,697,697,697,697,697,697,697,697,697,
goal:697,697,697,697,697,697,697,697,697,697,697,697,697,697,697,697,697,697,697,697,697,697,697,697,697,697,697,697,697,697,697,697,697,697,697,697,697,697,697,697,697,697,697,697,
size:17
[agent] id:15
path:322,290,258,259,227,228,229,230,231,199,200,201,233,234,235,236,236,236,236,236,236,236,236,236,236,236,236,236,236,236,236,236,236,236,236,236,236,236,236,236,236,236,236,236,
goal:236,236,236,236,236,236,236,236,236,236,236,236,236,236,236,236,236,236,236,236,236,236,236,236,236,236,236,236,236,236,236,236,236,236,236,236,236,236,236,236,236,236,236,236,
size:15
[agent] id:16
path:418,450,482,514,513,545,577,609,641,673,705,737,738,770,802,803,835,867,866,866,866,866,866,866,866,866,866,866,866,866,866,866,866,866,866,866,866,866,866,866,866,866,866,866,
goal:866,866,866,866,866,866,866,866,866,866,866,866,866,866,866,866,866,866,866,866,866,866,866,866,866,866,866,866,866,866,866,866,866,866,866,866,866,866,866,866,866,866,866,866,
size:18
[agent] id:17
path:37,69,101,133,165,166,167,199,200,201,233,234,235,236,268,300,332,364,396,428,460,461,493,525,557,589,621,653,654,655,656,657,689,721,722,723,724,725,757,758,759,791,791,791,
goal:791,791,791,791,791,791,791,791,791,791,791,791,791,791,791,791,791,791,791,791,791,791,791,791,791,791,791,791,791,791,791,791,791,791,791,791,791,791,791,791,791,791,791,791,
size:41
[agent] id:18
path:948,949,950,918,886,854,855,855,855,855,855,855,855,855,855,855,855,855,855,855,855,855,855,855,855,855,855,855,855,855,855,855,855,855,855,855,855,855,855,855,855,855,855,855,
goal:855,855,855,855,855,855,855,855,855,855,855,855,855,855,855,855,855,855,855,855,855,855,855,855,855,855,855,855,855,855,855,855,855,855,855,855,855,855,855,855,855,855,855,855,
size:6
[agent] id:19
path:230,231,199,200,201,202,203,171,172,173,174,142,110,78,78,78,78,78,78,78,78,78,78,78,78,78,78,78,78,78,78,78,78,78,78,78,78,78,78,78,78,78,78,78,
goal:78,78,78,78,78,78,78,78,78,78,78,78,78,78,78,78,78,78,78,78,78,78,78,78,78,78,78,78,78,78,78,78,78,78,78,78,78,78,78,78,78,78,78,78,
size:13
[agent] id:20
path:743,711,712,713,714,715,716,717,685,686,687,688,720,752,752,752,752,752,752,752,752,752,752,752,752,752,752,752,752,752,752,752,752,752,752,752,752,752,752,752,752,752,752,752,
goal:752,752,752,752,752,752,752,752,752,752,752,752,752,752,752,752,752,752,752,752,752,752,752,752,752,752,752,752,752,752,752,752,752,752,752,752,752,752,752,752,752,752,752,752,
size:13
[agent] id:21
path:474,473,472,504,536,535,534,534,533,533,565,564,563,563,562,561,560,528,527,559,558,557,556,555,554,553,552,551,550,518,517,516,548,547,547,547,547,547,547,547,547,547,547,547,
goal:547,547,547,547,547,547,547,547,547,547,547,547,547,547,547,547,547,547,547,547,547,547,547,547,547,547,547,547,547,547,547,547,547,547,547,547,547,547,547,547,547,547,547,547,
size:33
[agent] id:22
path:235,203,171,172,173,174,142,110,111,112,80,48,49,50,51,52,53,54,86,87,88,89,90,91,92,92,92,92,92,92,92,92,92,92,92,92,92,92,92,92,92,92,92,92,
goal:92,92,92,92,92,92,92,92,92,92,92,92,92,92,92,92,92,92,92,92,92,92,92,92,92,92,92,92,92,92,92,92,92,92,92,92,92,92,92,92,92,92,92,92,
size:24
[agent] id:23
path:408,407,439,438,470,469,501,533,565,597,629,661,693,693,693,693,693,693,693,693,693,693,693,693,693,693,693,693,693,693,693,693,693,693,693,693,693,693,693,693,693,693,693,693,
goal:693,693,693,693,693,693,693,693,693,693,693,693,693,693,693,693,693,693,693,693,693,693,693,693,693,693,693,693,693,693,693,693,693,693,693,693,693,693,693,693,693,693,693,693,
size:12
[agent] id:24
path:727,695,663,631,632,633,634,602,603,604,604,604,604,604,604,604,604,604,604,604,604,604,604,604,604,604,604,604,604,604,604,604,604,604,604,604,604,604,604,604,604,604,604,604,
goal:604,604,604,604,604,604,604,604,604,604,604,604,604,604,604,604,604,604,604,604,604,604,604,604,604,604,604,604,604,604,604,604,604,604,604,604,604,604,604,604,604,604,604,604,
size:9
[agent] id:25
path:539,571,603,635,635,635,635,635,635,635,635,635,635,635,635,635,635,635,635,635,635,635,635,635,635,635,635,635,635,635,635,635,635,635,635,635,635,635,635,635,635,635,635,635,
goal:635,635,635,635,635,635,635,635,635,635,635,635,635,635,635,635,635,635,635,635,635,635,635,635,635,635,635,635,635,635,635,635,635,635,635,635,635,635,635,635,635,635,635,635,
size:3
[agent] id:26
path:960,928,929,930,898,866,867,835,836,837,838,839,840,841,842,843,844,845,846,847,848,849,850,818,786,754,722,723,724,725,726,727,728,729,730,698,699,667,668,636,637,605,573,574,
goal:574,574,574,574,574,574,574,574,574,574,574,574,574,574,574,574,574,574,574,574,574,574,574,574,574,574,574,574,574,574,574,574,574,574,574,574,574,574,574,574,574,574,574,574,
size:43
[agent] id:27
path:8,40,72,104,136,168,200,201,233,234,235,236,268,300,301,302,303,304,305,306,307,308,309,341,373,374,375,376,377,378,379,380,412,413,414,446,478,477,509,508,508,508,508,508,
goal:508,508,508,508,508,508,508,508,508,508,508,508,508,508,508,508,508,508,508,508,508,508,508,508,508,508,508,508,508,508,508,508,508,508,508,508,508,508,508,508,508,508,508,508,
size:39
[agent] id:28
path:136,168,167,199,231,263,262,294,262,261,293,293,294,326,358,390,422,454,486,518,550,549,549,549,549,549,549,549,549,549,549,549,549,549,549,549,549,549,549,549,549,549,549,549,
goal:549,549,549,549,549,549,549,549,549,549,549,549,549,549,549,549,549,549,549,549,549,549,549,549,549,549,549,549,549,549,549,549,549,549,549,549,549,549,549,549,549,549,549,549,
size:21
[agent] id:29
path:452,420,421,422,423,424,456,457,458,459,460,461,493,494,526,527,528,529,497,465,433,434,435,436,437,405,405,405,405,405,405,405,405,405,405,405,405,405,405,405,405,405,405,405,
goal:405,405,405,405,405,405,405,405,405,405,405,405,405,405,405,405,405,405,405,405,405,405,405,405,405,405,405,405,405,405,405,405,405,405,405,405,405,405,405,405,405,405,405,405,
size:25
SolutionCost:625
