[setting] seed:9208
[solver] type:SASB-ECBS
[solver] w:2.000000
[solver] ID:0
[solver] Lowlevelnode:10786
[solver] Highlevelnode:23
[solver] ConflictCount:12
[solver] solved:1
[solver] elapsed:57
[solver] makespan:49
[problem] timesteplimit:15000
[problem] type:MAPF
[problem] agentnum:30
[graph] width:32
[graph] height:32
[graph] filename:./map/32by32_agents10_ex30.map
[task] id:27,start:0,end:0,service time:0,nodes:302,
[task] id:24,start:0,end:0,service time:0,nodes:914,
[task] id:7,start:0,end:0,service time:0,nodes:341,
[task] id:12,start:0,end:0,service time:0,nodes:558,
[task] id:2,start:0,end:0,service time:0,nodes:540,
[task] id:16,start:0,end:0,service time:0,nodes:137,
[task] id:1,start:0,end:0,service time:0,nodes:407,
[task] id:0,start:0,end:0,service time:0,nodes:1005,
[task] id:5,start:0,end:0,service time:0,nodes:894,
[task] id:15,start:0,end:0,service time:0,nodes:536,
[task] id:17,start:0,end:0,service time:0,nodes:526,
[task] id:10,start:0,end:0,service time:0,nodes:86,
[task] id:19,start:0,end:0,service time:0,nodes:573,
[task] id:6,start:0,end:0,service time:0,nodes:967,
[task] id:3,start:0,end:0,service time:0,nodes:877,
[task] id:9,start:0,end:0,service time:0,nodes:939,
[task] id:26,start:0,end:0,service time:0,nodes:417,
[task] id:8,start:0,end:0,service time:0,nodes:30,
[task] id:13,start:0,end:0,service time:0,nodes:663,
[task] id:18,start:0,end:0,service time:0,nodes:434,
[task] id:23,start:0,end:0,service time:0,nodes:188,
[task] id:28,start:0,end:0,service time:0,nodes:563,
[task] id:29,start:0,end:0,service time:0,nodes:561,
[task] id:11,start:0,end:0,service time:0,nodes:633,
[task] id:14,start:0,end:0,service time:0,nodes:1004,
[task] id:22,start:0,end:0,service time:0,nodes:67,
[task] id:25,start:0,end:0,service time:0,nodes:673,
[task] id:20,start:0,end:0,service time:0,nodes:1021,
[task] id:4,start:0,end:0,service time:0,nodes:191,
[task] id:21,start:0,end:0,service time:0,nodes:800,
[agent] id:0
path:930,962,963,964,965,966,967,935,936,937,969,970,1002,1003,1004,1005,1005,1005,1005,1005,1005,1005,1005,1005,1005,1005,1005,1005,1005,1005,1005,1005,1005,1005,1005,1005,1005,1005,1005,1005,1005,1005,1005,1005,1005,1005,1005,1005,1005,1005,
goal:1005,1005,1005,1005,1005,1005,1005,1005,1005,1005,1005,1005,1005,1005,1005,1005,1005,1005,1005,1005,1005,1005,1005,1005,1005,1005,1005,1005,1005,1005,1005,1005,1005,1005,1005,1005,1005,1005,1005,1005,1005,1005,1005,1005,1005,1005,1005,1005,1005,1005,
size:15
[agent] id:1
path:559,560,561,562,530,498,466,434,435,436,437,405,406,406,407,407,407,407,407,407,407,407,407,407,407,407,407,407,407,407,407,407,407,407,407,407,407,407,407,407,407,407,407,407,407,407,407,407,407,407,
goal:407,407,407,407,407,407,407,407,407,407,407,407,407,407,407,407,407,407,407,407,407,407,407,407,407,407,407,407,407,407,407,407,407,407,407,407,407,407,407,407,407,407,407,407,407,407,407,407,407,407,
size:14
[agent] id:2
path:467,499,500,501,533,534,535,536,537,538,539,540,540,540,540,540,540,540,540,540,540,540,540,540,540,540,540,540,540,540,540,540,540,540,540,540,540,540,540,540,540,540,540,540,540,540,540,540,540,540,
goal:540,540,540,540,540,540,540,540,540,540,540,540,540,540,540,540,540,540,540,540,540,540,540,540,540,540,540,540,540,540,540,540,540,540,540,540,540,540,540,540,540,540,540,540,540,540,540,540,540,540,
size:11
[agent] id:3
path:300,332,364,396,428,460,461,493,525,557,589,621,653,685,717,749,781,782,814,846,878,877,877,877,877,877,877,877,877,877,877,877,877,877,877,877,877,877,877,877,877,877,877,877,877,877,877,877,877,877,
goal:877,877,877,877,877,877,877,877,877,877,877,877,877,877,877,877,877,877,877,877,877,877,877,877,877,877,877,877,877,877,877,877,877,877,877,877,877,877,877,877,877,877,877,877,877,877,877,877,877,877,
size:21
[agent] id:4
path:643,644,645,646,647,648,649,650,651,652,653,654,622,590,591,559,560,528,529,497,465,433,434,435,436,437,405,373,374,375,376,377,378,379,347,315,316,317,285,286,287,255,223,191,191,191,191,191,191,191,
goal:191,191,191,191,191,191,191,191,191,191,191,191,191,191,191,191,191,191,191,191,191,191,191,191,191,191,191,191,191,191,191,191,191,191,191,191,191,191,191,191,191,191,191,191,191,191,191,191,191,191,
size:43
[agent] id:5
path:662,663,695,727,759,791,792,824,825,857,858,859,860,892,893,894,894,894,894,894,894,894,894,894,894,894,894,894,894,894,894,894,894,894,894,894,894,894,894,894,894,894,894,894,894,894,894,894,894,894,
goal:894,894,894,894,894,894,894,894,894,894,894,894,894,894,894,894,894,894,894,894,894,894,894,894,894,894,894,894,894,894,894,894,894,894,894,894,894,894,894,894,894,894,894,894,894,894,894,894,894,894,
size:15
[agent] id:6
path:544,576,577,609,641,673,705,737,738,770,802,803,835,867,899,931,963,964,965,966,967,967,967,967,967,967,967,967,967,967,967,967,967,967,967,967,967,967,967,967,967,967,967,967,967,967,967,967,967,967,
goal:967,967,967,967,967,967,967,967,967,967,967,967,967,967,967,967,967,967,967,967,967,967,967,967,967,967,967,967,967,967,967,967,967,967,967,967,967,967,967,967,967,967,967,967,967,967,967,967,967,967,
size:20
[agent] id:7
path:337,305,306,306,274,306,307,308,308,309,341,341,341,341,341,341,341,341,341,341,341,341,341,341,341,341,341,341,341,341,341,341,341,341,341,341,341,341,341,341,341,341,341,341,341,341,341,341,341,341,
goal:341,341,341,341,341,341,341,341,341,341,341,341,341,341,341,341,341,341,341,341,341,341,341,341,341,341,341,341,341,341,341,341,341,341,341,341,341,341,341,341,341,341,341,341,341,341,341,341,341,341,
size:10
[agent] id:8
path:504,472,473,441,409,377,378,379,347,315,316,317,285,286,287,255,223,191,159,127,95,63,31,30,30,30,30,30,30,30,30,30,30,30,30,30,30,30,30,30,30,30,30,30,30,30,30,30,30,30,
goal:30,30,30,30,30,30,30,30,30,30,30,30,30,30,30,30,30,30,30,30,30,30,30,30,30,30,30,30,30,30,30,30,30,30,30,30,30,30,30,30,30,30,30,30,30,30,30,30,30,30,
size:23
[agent] id:9
path:729,728,760,792,824,823,855,887,886,885,884,883,882,881,913,945,944,943,942,941,940,939,939,939,939,939,939,939,939,939,939,939,939,939,939,939,939,939,939,939,939,939,939,939,939,939,939,939,939,939,
goal:939,939,939,939,939,939,939,939,939,939,939,939,939,939,939,939,939,939,939,939,939,939,939,939,939,939,939,939,939,939,939,939,939,939,939,939,939,939,939,939,939,939,939,939,939,939,939,939,939,939,
size:21
[agent] id:10
path:534,533,501,469,437,405,373,341,309,277,245,213,181,182,150,151,119,87,86,86,86,86,86,86,86,86,86,86,86,86,86,86,86,86,86,86,86,86,86,86,86,86,86,86,86,86,86,86,86,86,
goal:86,86,86,86,86,86,86,86,86,86,86,86,86,86,86,86,86,86,86,86,86,86,86,86,86,86,86,86,86,86,86,86,86,86,86,86,86,86,86,86,86,86,86,86,86,86,86,86,86,86,
size:18
[agent] id:11
path:168,200,201,233,234,235,236,268,300,332,364,396,428,460,461,493,525,557,589,590,591,592,593,594,626,627,628,629,630,631,632,633,633,633,633,633,633,633,633,633,633,633,633,633,633,633,633,633,633,633,
goal:633,633,633,633,633,633,633,633,633,633,633,633,633,633,633,633,633,633,633,633,633,633,633,633,633,633,633,633,633,633,633,633,633,633,633,633,633,633,633,633,633,633,633,633,633,633,633,633,633,633,
size:31
[agent] id:12
path:785,753,721,689,657,656,655,623,591,559,558,558,558,558,558,558,558,558,558,558,558,558,558,558,558,558,558,558,558,558,558,558,558,558,558,558,558,558,558,558,558,558,558,558,558,558,558,558,558,558,
goal:558,558,558,558,558,558,558,558,558,558,558,558,558,558,558,558,558,558,558,558,558,558,558,558,558,558,558,558,558,558,558,558,558,558,558,558,558,558,558,558,558,558,558,558,558,558,558,558,558,558,
size:10
[agent] id:13
path:516,548,549,550,582,614,646,647,648,649,650,651,652,653,654,655,656,657,658,659,660,661,662,663,663,663,663,663,663,663,663,663,663,663,663,663,663,663,663,663,663,663,663,663,663,663,663,663,663,663,
goal:663,663,663,663,663,663,663,663,663,663,663,663,663,663,663,663,663,663,663,663,663,663,663,663,663,663,663,663,663,663,663,663,663,663,663,663,663,663,663,663,663,663,663,663,663,663,663,663,663,663,
size:23
[agent] id:14
path:575,607,639,671,703,735,734,766,798,797,796,795,794,793,825,824,823,855,887,886,885,884,883,882,881,913,945,944,943,942,974,973,972,1004,1004,1004,1004,1004,1004,1004,1004,1004,1004,1004,1004,1004,1004,1004,1004,1004,
goal:1004,1004,1004,1004,1004,1004,1004,1004,1004,1004,1004,1004,1004,1004,1004,1004,1004,1004,1004,1004,1004,1004,1004,1004,1004,1004,1004,1004,1004,1004,1004,1004,1004,1004,1004,1004,1004,1004,1004,1004,1004,1004,1004,1004,1004,1004,1004,1004,1004,1004,
size:33
[agent] id:15
path:949,950,918,886,854,822,823,791,759,727,695,663,631,599,567,535,536,536,536,536,536,536,536,536,536,536,536,536,536,536,536,536,536,536,536,536,536,536,536,536,536,536,536,536,536,536,536,536,536,536,
goal:536,536,536,536,536,536,536,536,536,536,536,536,536,536,536,536,536,536,536,536,536,536,536,536,536,536,536,536,536,536,536,536,536,536,536,536,536,536,536,536,536,536,536,536,536,536,536,536,536,536,
size:16
[agent] id:16
path:96,64,65,66,67,68,69,101,133,134,135,136,137,137,137,137,137,137,137,137,137,137,137,137,137,137,137,137,137,137,137,137,137,137,137,137,137,137,137,137,137,137,137,137,137,137,137,137,137,137,
goal:137,137,137,137,137,137,137,137,137,137,137,137,137,137,137,137,137,137,137,137,137,137,137,137,137,137,137,137,137,137,137,137,137,137,137,137,137,137,137,137,137,137,137,137,137,137,137,137,137,137,
size:12
[agent] id:17
path:697,696,664,632,600,599,567,566,565,564,563,531,530,529,528,527,526,526,526,526,526,526,526,526,526,526,526,526,526,526,526,526,526,526,526,526,526,526,526,526,526,526,526,526,526,526,526,526,526,526,
goal:526,526,526,526,526,526,526,526,526,526,526,526,526,526,526,526,526,526,526,526,526,526,526,526,526,526,526,526,526,526,526,526,526,526,526,526,526,526,526,526,526,526,526,526,526,526,526,526,526,526,
size:16
[agent] id:18
path:292,260,228,229,230,231,199,200,201,233,234,235,236,268,269,270,271,303,304,336,368,400,432,433,434,434,434,434,434,434,434,434,434,434,434,434,434,434,434,434,434,434,434,434,434,434,434,434,434,434,
goal:434,434,434,434,434,434,434,434,434,434,434,434,434,434,434,434,434,434,434,434,434,434,434,434,434,434,434,434,434,434,434,434,434,434,434,434,434,434,434,434,434,434,434,434,434,434,434,434,434,434,
size:24
[agent] id:19
path:818,786,754,722,690,658,626,627,628,629,630,631,632,633,634,602,603,604,605,573,573,573,573,573,573,573,573,573,573,573,573,573,573,573,573,573,573,573,573,573,573,573,573,573,573,573,573,573,573,573,
goal:573,573,573,573,573,573,573,573,573,573,573,573,573,573,573,573,573,573,573,573,573,573,573,573,573,573,573,573,573,573,573,573,573,573,573,573,573,573,573,573,573,573,573,573,573,573,573,573,573,573,
size:19
[agent] id:20
path:331,299,300,301,302,334,366,367,399,431,463,464,465,497,529,561,593,594,626,658,690,722,754,786,818,850,882,883,884,885,886,918,950,982,983,984,985,986,987,1019,1020,1021,1021,1021,1021,1021,1021,1021,1021,1021,
goal:1021,1021,1021,1021,1021,1021,1021,1021,1021,1021,1021,1021,1021,1021,1021,1021,1021,1021,1021,1021,1021,1021,1021,1021,1021,1021,1021,1021,1021,1021,1021,1021,1021,1021,1021,1021,1021,1021,1021,1021,1021,1021,1021,1021,1021,1021,1021,1021,1021,1021,
size:41
[agent] id:21
path:57,89,121,153,185,217,216,248,280,312,344,376,408,407,439,438,470,469,501,533,565,597,629,661,693,692,691,690,689,688,687,686,718,717,716,715,747,779,811,810,809,808,807,806,805,804,803,802,801,800,
goal:800,800,800,800,800,800,800,800,800,800,800,800,800,800,800,800,800,800,800,800,800,800,800,800,800,800,800,800,800,800,800,800,800,800,800,800,800,800,800,800,800,800,800,800,800,800,800,800,800,800,
size:49
[agent] id:22
path:63,95,94,93,92,91,90,89,88,87,86,54,53,52,84,83,82,81,80,79,78,77,45,44,12,11,10,42,74,73,72,71,70,69,68,67,67,67,67,67,67,67,67,67,67,67,67,67,67,67,
goal:67,67,67,67,67,67,67,67,67,67,67,67,67,67,67,67,67,67,67,67,67,67,67,67,67,67,67,67,67,67,67,67,67,67,67,67,67,67,67,67,67,67,67,67,67,67,67,67,67,67,
size:35
[agent] id:23
path:260,228,229,230,231,199,200,201,202,203,204,205,206,207,239,240,241,209,210,211,212,213,181,182,183,184,185,186,187,188,188,188,188,188,188,188,188,188,188,188,188,188,188,188,188,188,188,188,188,188,
goal:188,188,188,188,188,188,188,188,188,188,188,188,188,188,188,188,188,188,188,188,188,188,188,188,188,188,188,188,188,188,188,188,188,188,188,188,188,188,188,188,188,188,188,188,188,188,188,188,188,188,
size:29
[agent] id:24
path:952,920,919,918,886,885,884,883,915,914,914,914,914,914,914,914,914,914,914,914,914,914,914,914,914,914,914,914,914,914,914,914,914,914,914,914,914,914,914,914,914,914,914,914,914,914,914,914,914,914,
goal:914,914,914,914,914,914,914,914,914,914,914,914,914,914,914,914,914,914,914,914,914,914,914,914,914,914,914,914,914,914,914,914,914,914,914,914,914,914,914,914,914,914,914,914,914,914,914,914,914,914,
size:9
[agent] id:25
path:214,213,212,211,243,242,274,306,305,337,369,401,433,465,497,529,561,593,592,591,623,655,654,653,652,651,650,649,648,647,646,645,644,643,642,641,673,673,673,673,673,673,673,673,673,673,673,673,673,673,
goal:673,673,673,673,673,673,673,673,673,673,673,673,673,673,673,673,673,673,673,673,673,673,673,673,673,673,673,673,673,673,673,673,673,673,673,673,673,673,673,673,673,673,673,673,673,673,673,673,673,673,
size:36
[agent] id:26
path:433,465,497,529,528,527,526,494,493,461,460,459,458,457,456,424,423,422,421,420,419,418,417,417,417,417,417,417,417,417,417,417,417,417,417,417,417,417,417,417,417,417,417,417,417,417,417,417,417,417,
goal:417,417,417,417,417,417,417,417,417,417,417,417,417,417,417,417,417,417,417,417,417,417,417,417,417,417,417,417,417,417,417,417,417,417,417,417,417,417,417,417,417,417,417,417,417,417,417,417,417,417,
size:22
[agent] id:27
path:341,309,308,307,306,305,304,303,302,302,302,302,302,302,302,302,302,302,302,302,302,302,302,302,302,302,302,302,302,302,302,302,302,302,302,302,302,302,302,302,302,302,302,302,302,302,302,302,302,302,
goal:302,302,302,302,302,302,302,302,302,302,302,302,302,302,302,302,302,302,302,302,302,302,302,302,302,302,302,302,302,302,302,302,302,302,302,302,302,302,302,302,302,302,302,302,302,302,302,302,302,302,
size:8
[agent] id:28
path:132,133,134,135,136,137,138,139,171,172,173,174,174,206,207,239,240,241,273,305,337,369,401,402,403,435,467,499,531,563,563,563,563,563,563,563,563,563,563,563,563,563,563,563,563,563,563,563,563,563,
goal:563,563,563,563,563,563,563,563,563,563,563,563,563,563,563,563,563,563,563,563,563,563,563,563,563,563,563,563,563,563,563,563,563,563,563,563,563,563,563,563,563,563,563,563,563,563,563,563,563,563,
size:29
[agent] id:29
path:993,961,929,930,898,866,867,835,803,771,739,707,708,676,644,612,613,614,615,616,617,618,619,620,621,589,590,591,559,560,561,561,561,561,561,561,561,561,561,561,561,561,561,561,561,561,561,561,561,561,
goal:561,561,561,561,561,561,561,561,561,561,561,561,561,561,561,561,561,561,561,561,561,561,561,561,561,561,561,561,561,561,561,561,561,561,561,561,561,561,561,561,561,561,561,561,561,561,561,561,561,561,
size:30
SolutionCost:683
