[setting] seed:2970
[solver] type:SASB-ECBS
[solver] w:2.000000
[solver] ID:0
[solver] Lowlevelnode:3322
[solver] Highlevelnode:19
[solver] ConflictCount:10
[solver] solved:1
[solver] elapsed:39
[solver] makespan:38
[problem] timesteplimit:15000
[problem] type:MAPF
[problem] agentnum:30
[graph] width:32
[graph] height:32
[graph] filename:./map/32by32_agents10_ex30.map
[task] id:17,start:0,end:0,service time:0,nodes:416,
[task] id:29,start:0,end:0,service time:0,nodes:961,
[task] id:24,start:0,end:0,service time:0,nodes:199,
[task] id:6,start:0,end:0,service time:0,nodes:56,
[task] id:3,start:0,end:0,service time:0,nodes:762,
[task] id:18,start:0,end:0,service time:0,nodes:750,
[task] id:27,start:0,end:0,service time:0,nodes:93,
[task] id:0,start:0,end:0,service time:0,nodes:230,
[task] id:8,start:0,end:0,service time:0,nodes:305,
[task] id:28,start:0,end:0,service time:0,nodes:499,
[task] id:12,start:0,end:0,service time:0,nodes:64,
[task] id:16,start:0,end:0,service time:0,nodes:796,
[task] id:10,start:0,end:0,service time:0,nodes:531,
[task] id:11,start:0,end:0,service time:0,nodes:288,
[task] id:13,start:0,end:0,service time:0,nodes:556,
[task] id:7,start:0,end:0,service time:0,nodes:794,
[task] id:20,start:0,end:0,service time:0,nodes:256,
[task] id:25,start:0,end:0,service time:0,nodes:729,
[task] id:19,start:0,end:0,service time:0,nodes:203,
[task] id:1,start:0,end:0,service time:0,nodes:221,
[task] id:4,start:0,end:0,service time:0,nodes:74,
[task] id:22,start:0,end:0,service time:0,nodes:867,
[task] id:26,start:0,end:0,service time:0,nodes:803,
[task] id:2,start:0,end:0,service time:0,nodes:660,
[task] id:21,start:0,end:0,service time:0,nodes:847,
[task] id:5,start:0,end:0,service time:0,nodes:607,
[task] id:9,start:0,end:0,service time:0,nodes:283,
[task] id:14,start:0,end:0,service time:0,nodes:222,
[task] id:15,start:0,end:0,service time:0,nodes:819,
[task] id:23,start:0,end:0,service time:0,nodes:53,
[agent] id:0
path:682,650,618,617,616,584,552,520,519,487,486,454,422,390,358,326,294,262,230,230,230,230,230,230,230,230,230,230,230,230,230,230,230,230,230,230,230,230,230,
goal:230,230,230,230,230,230,230,230,230,230,230,230,230,230,230,230,230,230,230,230,230,230,230,230,230,230,230,230,230,230,230,230,230,230,230,230,230,230,230,
size:18
[agent] id:1
path:657,658,626,594,562,530,498,466,434,435,436,437,405,373,341,309,277,245,213,214,215,216,217,218,219,187,188,189,221,221,221,221,221,221,221,221,221,221,221,
goal:221,221,221,221,221,221,221,221,221,221,221,221,221,221,221,221,221,221,221,221,221,221,221,221,221,221,221,221,221,221,221,221,221,221,221,221,221,221,221,
size:28
[agent] id:2
path:8,40,72,104,136,168,200,201,233,234,235,236,268,300,301,302,334,366,367,399,431,463,464,465,497,529,561,593,594,626,658,659,660,660,660,660,660,660,660,
goal:660,660,660,660,660,660,660,660,660,660,660,660,660,660,660,660,660,660,660,660,660,660,660,660,660,660,660,660,660,660,660,660,660,660,660,660,660,660,660,
size:32
[agent] id:3
path:478,477,509,508,540,539,571,603,635,667,699,731,730,762,762,762,762,762,762,762,762,762,762,762,762,762,762,762,762,762,762,762,762,762,762,762,762,762,762,
goal:762,762,762,762,762,762,762,762,762,762,762,762,762,762,762,762,762,762,762,762,762,762,762,762,762,762,762,762,762,762,762,762,762,762,762,762,762,762,762,
size:13
[agent] id:4
path:776,744,712,680,648,616,584,552,520,521,489,457,458,426,394,395,396,364,332,300,268,236,204,172,140,139,107,75,74,74,74,74,74,74,74,74,74,74,74,
goal:74,74,74,74,74,74,74,74,74,74,74,74,74,74,74,74,74,74,74,74,74,74,74,74,74,74,74,74,74,74,74,74,74,74,74,74,74,74,74,
size:28
[agent] id:5
path:770,738,706,707,708,676,644,645,646,647,648,649,650,651,652,653,654,655,656,657,658,626,627,628,629,630,631,632,633,634,602,603,604,605,606,607,607,607,607,
goal:607,607,607,607,607,607,607,607,607,607,607,607,607,607,607,607,607,607,607,607,607,607,607,607,607,607,607,607,607,607,607,607,607,607,607,607,607,607,607,
size:35
[agent] id:6
path:209,177,145,113,81,49,50,51,52,53,54,55,56,56,56,56,56,56,56,56,56,56,56,56,56,56,56,56,56,56,56,56,56,56,56,56,56,56,56,
goal:56,56,56,56,56,56,56,56,56,56,56,56,56,56,56,56,56,56,56,56,56,56,56,56,56,56,56,56,56,56,56,56,56,56,56,56,56,56,56,
size:12
[agent] id:7
path:870,838,839,840,841,842,843,844,845,846,847,848,849,850,851,852,853,821,822,823,791,792,793,794,794,794,794,794,794,794,794,794,794,794,794,794,794,794,794,
goal:794,794,794,794,794,794,794,794,794,794,794,794,794,794,794,794,794,794,794,794,794,794,794,794,794,794,794,794,794,794,794,794,794,794,794,794,794,794,794,
size:23
[agent] id:8
path:726,725,693,661,629,597,565,533,501,469,437,405,373,341,309,308,307,306,305,305,305,305,305,305,305,305,305,305,305,305,305,305,305,305,305,305,305,305,305,
goal:305,305,305,305,305,305,305,305,305,305,305,305,305,305,305,305,305,305,305,305,305,305,305,305,305,305,305,305,305,305,305,305,305,305,305,305,305,305,305,
size:18
[agent] id:9
path:610,578,579,547,548,549,550,551,552,553,554,555,556,524,525,526,527,528,529,497,465,433,434,435,436,437,405,373,374,375,376,377,378,379,347,315,283,283,283,
goal:283,283,283,283,283,283,283,283,283,283,283,283,283,283,283,283,283,283,283,283,283,283,283,283,283,283,283,283,283,283,283,283,283,283,283,283,283,283,283,
size:36
[agent] id:10
path:75,107,139,171,203,235,236,268,300,332,364,396,428,460,461,493,525,526,527,528,529,530,531,531,531,531,531,531,531,531,531,531,531,531,531,531,531,531,531,
goal:531,531,531,531,531,531,531,531,531,531,531,531,531,531,531,531,531,531,531,531,531,531,531,531,531,531,531,531,531,531,531,531,531,531,531,531,531,531,531,
size:22
[agent] id:11
path:835,803,771,739,707,706,705,673,641,609,577,545,513,512,480,448,449,417,385,353,352,320,288,288,288,288,288,288,288,288,288,288,288,288,288,288,288,288,288,
goal:288,288,288,288,288,288,288,288,288,288,288,288,288,288,288,288,288,288,288,288,288,288,288,288,288,288,288,288,288,288,288,288,288,288,288,288,288,288,288,
size:22
[agent] id:12
path:452,420,421,389,357,358,326,294,262,230,229,197,165,133,101,69,68,67,66,65,64,64,64,64,64,64,64,64,64,64,64,64,64,64,64,64,64,64,64,
goal:64,64,64,64,64,64,64,64,64,64,64,64,64,64,64,64,64,64,64,64,64,64,64,64,64,64,64,64,64,64,64,64,64,64,64,64,64,64,64,
size:20
[agent] id:13
path:134,166,167,199,200,201,233,234,235,236,268,300,332,364,396,428,460,460,461,493,525,557,556,556,556,556,556,556,556,556,556,556,556,556,556,556,556,556,556,
goal:556,556,556,556,556,556,556,556,556,556,556,556,556,556,556,556,556,556,556,556,556,556,556,556,556,556,556,556,556,556,556,556,556,556,556,556,556,556,556,
size:22
[agent] id:14
path:683,651,619,620,621,589,557,525,526,527,528,529,497,465,466,434,435,436,437,405,373,341,309,277,245,213,181,182,183,184,185,186,187,188,189,190,222,222,222,
goal:222,222,222,222,222,222,222,222,222,222,222,222,222,222,222,222,222,222,222,222,222,222,222,222,222,222,222,222,222,222,222,222,222,222,222,222,222,222,222,
size:36
[agent] id:15
path:132,133,165,197,229,261,293,293,294,326,358,390,391,423,424,456,457,458,459,460,461,493,525,557,589,621,653,654,655,687,688,720,752,753,785,786,818,819,819,
goal:819,819,819,819,819,819,819,819,819,819,819,819,819,819,819,819,819,819,819,819,819,819,819,819,819,819,819,819,819,819,819,819,819,819,819,819,819,819,819,
size:37
[agent] id:16
path:652,653,685,686,687,688,720,721,722,723,724,725,757,758,759,791,792,793,794,795,796,796,796,796,796,796,796,796,796,796,796,796,796,796,796,796,796,796,796,
goal:796,796,796,796,796,796,796,796,796,796,796,796,796,796,796,796,796,796,796,796,796,796,796,796,796,796,796,796,796,796,796,796,796,796,796,796,796,796,796,
size:20
[agent] id:17
path:640,641,609,577,545,513,512,480,448,416,416,416,416,416,416,416,416,416,416,416,416,416,416,416,416,416,416,416,416,416,416,416,416,416,416,416,416,416,416,
goal:416,416,416,416,416,416,416,416,416,416,416,416,416,416,416,416,416,416,416,416,416,416,416,416,416,416,416,416,416,416,416,416,416,416,416,416,416,416,416,
size:9
[agent] id:18
path:836,837,838,839,840,841,842,843,844,845,846,814,782,750,750,750,750,750,750,750,750,750,750,750,750,750,750,750,750,750,750,750,750,750,750,750,750,750,750,
goal:750,750,750,750,750,750,750,750,750,750,750,750,750,750,750,750,750,750,750,750,750,750,750,750,750,750,750,750,750,750,750,750,750,750,750,750,750,750,750,
size:13
[agent] id:19
path:912,880,848,847,846,814,782,750,718,686,654,622,590,558,526,494,493,461,429,397,396,364,332,300,268,236,204,203,203,203,203,203,203,203,203,203,203,203,203,
goal:203,203,203,203,203,203,203,203,203,203,203,203,203,203,203,203,203,203,203,203,203,203,203,203,203,203,203,203,203,203,203,203,203,203,203,203,203,203,203,
size:27
[agent] id:20
path:210,242,241,240,239,207,206,205,204,203,202,201,200,168,167,166,165,197,229,261,260,259,258,257,256,256,256,256,256,256,256,256,256,256,256,256,256,256,256,
goal:256,256,256,256,256,256,256,256,256,256,256,256,256,256,256,256,256,256,256,256,256,256,256,256,256,256,256,256,256,256,256,256,256,256,256,256,256,256,256,
size:24
[agent] id:21
path:54,86,87,119,151,183,215,247,279,311,310,342,374,406,438,470,469,501,533,565,597,629,661,693,725,724,723,755,754,786,818,850,849,848,847,847,847,847,847,
goal:847,847,847,847,847,847,847,847,847,847,847,847,847,847,847,847,847,847,847,847,847,847,847,847,847,847,847,847,847,847,847,847,847,847,847,847,847,847,847,
size:34
[agent] id:22
path:858,857,825,824,823,855,854,853,852,851,850,849,881,880,848,847,846,845,844,843,842,841,840,839,838,837,836,835,867,867,867,867,867,867,867,867,867,867,867,
goal:867,867,867,867,867,867,867,867,867,867,867,867,867,867,867,867,867,867,867,867,867,867,867,867,867,867,867,867,867,867,867,867,867,867,867,867,867,867,867,
size:28
[agent] id:23
path:1017,985,953,921,920,888,887,855,823,791,759,727,695,663,631,599,567,535,534,533,501,469,437,405,373,341,309,277,245,213,181,182,150,151,119,87,55,54,53,
goal:53,53,53,53,53,53,53,53,53,53,53,53,53,53,53,53,53,53,53,53,53,53,53,53,53,53,53,53,53,53,53,53,53,53,53,53,53,53,53,
size:38
[agent] id:24
path:271,239,207,206,205,204,203,202,201,200,199,199,199,199,199,199,199,199,199,199,199,199,199,199,199,199,199,199,199,199,199,199,199,199,199,199,199,199,199,
goal:199,199,199,199,199,199,199,199,199,199,199,199,199,199,199,199,199,199,199,199,199,199,199,199,199,199,199,199,199,199,199,199,199,199,199,199,199,199,199,
size:10
[agent] id:25
path:805,773,741,709,710,711,712,713,714,715,716,717,718,686,687,688,720,721,722,723,724,725,726,727,728,729,729,729,729,729,729,729,729,729,729,729,729,729,729,
goal:729,729,729,729,729,729,729,729,729,729,729,729,729,729,729,729,729,729,729,729,729,729,729,729,729,729,729,729,729,729,729,729,729,729,729,729,729,729,729,
size:25
[agent] id:26
path:369,401,433,465,497,529,561,593,592,591,623,655,654,653,685,717,716,715,747,779,811,810,809,808,807,806,805,804,803,803,803,803,803,803,803,803,803,803,803,
goal:803,803,803,803,803,803,803,803,803,803,803,803,803,803,803,803,803,803,803,803,803,803,803,803,803,803,803,803,803,803,803,803,803,803,803,803,803,803,803,
size:28
[agent] id:27
path:241,209,210,211,212,213,181,182,150,151,119,87,88,89,90,91,92,93,93,93,93,93,93,93,93,93,93,93,93,93,93,93,93,93,93,93,93,93,93,
goal:93,93,93,93,93,93,93,93,93,93,93,93,93,93,93,93,93,93,93,93,93,93,93,93,93,93,93,93,93,93,93,93,93,93,93,93,93,93,93,
size:17
[agent] id:28
path:84,83,115,114,146,178,210,242,274,306,305,337,369,401,433,465,497,498,499,499,499,499,499,499,499,499,499,499,499,499,499,499,499,499,499,499,499,499,499,
goal:499,499,499,499,499,499,499,499,499,499,499,499,499,499,499,499,499,499,499,499,499,499,499,499,499,499,499,499,499,499,499,499,499,499,499,499,499,499,499,
size:18
[agent] id:29
path:801,802,803,835,867,899,931,963,962,961,961,961,961,961,961,961,961,961,961,961,961,961,961,961,961,961,961,961,961,961,961,961,961,961,961,961,961,961,961,
goal:961,961,961,961,961,961,961,961,961,961,961,961,961,961,961,961,961,961,961,961,961,961,961,961,961,961,961,961,961,961,961,961,961,961,961,961,961,961,961,
size:9
SolutionCost:702
