[setting] seed:5012
[solver] type:SASB-ECBS
[solver] w:2.000000
[solver] ID:0
[solver] Lowlevelnode:12091
[solver] Highlevelnode:27
[solver] ConflictCount:14
[solver] solved:1
[solver] elapsed:65
[solver] makespan:47
[problem] timesteplimit:15000
[problem] type:MAPF
[problem] agentnum:30
[graph] width:32
[graph] height:32
[graph] filename:./map/32by32_agents10_ex30.map
[task] id:10,start:0,end:0,service time:0,nodes:67,
[task] id:12,start:0,end:0,service time:0,nodes:504,
[task] id:13,start:0,end:0,service time:0,nodes:77,
[task] id:0,start:0,end:0,service time:0,nodes:882,
[task] id:27,start:0,end:0,service time:0,nodes:341,
[task] id:25,start:0,end:0,service time:0,nodes:530,
[task] id:5,start:0,end:0,service time:0,nodes:544,
[task] id:29,start:0,end:0,service time:0,nodes:337,
[task] id:2,start:0,end:0,service time:0,nodes:713,
[task] id:7,start:0,end:0,service time:0,nodes:72,
[task] id:22,start:0,end:0,service time:0,nodes:759,
[task] id:23,start:0,end:0,service time:0,nodes:266,
[task] id:16,start:0,end:0,service time:0,nodes:613,
[task] id:18,start:0,end:0,service time:0,nodes:857,
[task] id:1,start:0,end:0,service time:0,nodes:326,
[task] id:4,start:0,end:0,service time:0,nodes:120,
[task] id:6,start:0,end:0,service time:0,nodes:57,
[task] id:11,start:0,end:0,service time:0,nodes:316,
[task] id:28,start:0,end:0,service time:0,nodes:806,
[task] id:21,start:0,end:0,service time:0,nodes:58,
[task] id:3,start:0,end:0,service time:0,nodes:227,
[task] id:26,start:0,end:0,service time:0,nodes:520,
[task] id:14,start:0,end:0,service time:0,nodes:473,
[task] id:17,start:0,end:0,service time:0,nodes:952,
[task] id:24,start:0,end:0,service time:0,nodes:14,
[task] id:20,start:0,end:0,service time:0,nodes:87,
[task] id:9,start:0,end:0,service time:0,nodes:322,
[task] id:15,start:0,end:0,service time:0,nodes:945,
[task] id:8,start:0,end:0,service time:0,nodes:65,
[task] id:19,start:0,end:0,service time:0,nodes:872,
[agent] id:0
path:991,990,989,988,987,986,985,953,921,920,888,887,886,885,884,883,882,882,882,882,882,882,882,882,882,882,882,882,882,882,882,882,882,882,882,882,882,882,882,882,882,882,882,882,882,882,882,882,
goal:882,882,882,882,882,882,882,882,882,882,882,882,882,882,882,882,882,882,882,882,882,882,882,882,882,882,882,882,882,882,882,882,882,882,882,882,882,882,882,882,882,882,882,882,882,882,882,882,
size:16
[agent] id:1
path:86,54,53,52,84,83,115,114,113,112,111,110,110,142,174,206,205,204,203,202,201,200,199,231,263,262,294,326,326,326,326,326,326,326,326,326,326,326,326,326,326,326,326,326,326,326,326,326,
goal:326,326,326,326,326,326,326,326,326,326,326,326,326,326,326,326,326,326,326,326,326,326,326,326,326,326,326,326,326,326,326,326,326,326,326,326,326,326,326,326,326,326,326,326,326,326,326,326,
size:27
[agent] id:2
path:336,368,400,432,464,465,497,529,561,593,592,591,623,655,687,686,718,717,716,715,714,713,713,713,713,713,713,713,713,713,713,713,713,713,713,713,713,713,713,713,713,713,713,713,713,713,713,713,
goal:713,713,713,713,713,713,713,713,713,713,713,713,713,713,713,713,713,713,713,713,713,713,713,713,713,713,713,713,713,713,713,713,713,713,713,713,713,713,713,713,713,713,713,713,713,713,713,713,
size:21
[agent] id:3
path:722,690,658,626,594,593,592,560,528,527,526,494,493,461,429,397,396,395,394,393,392,391,359,358,357,356,355,323,322,290,258,259,227,227,227,227,227,227,227,227,227,227,227,227,227,227,227,227,
goal:227,227,227,227,227,227,227,227,227,227,227,227,227,227,227,227,227,227,227,227,227,227,227,227,227,227,227,227,227,227,227,227,227,227,227,227,227,227,227,227,227,227,227,227,227,227,227,227,
size:32
[agent] id:4
path:850,818,786,754,722,690,658,626,594,562,530,498,466,434,435,436,437,405,373,374,342,310,311,279,247,215,183,151,119,120,120,120,120,120,120,120,120,120,120,120,120,120,120,120,120,120,120,120,
goal:120,120,120,120,120,120,120,120,120,120,120,120,120,120,120,120,120,120,120,120,120,120,120,120,120,120,120,120,120,120,120,120,120,120,120,120,120,120,120,120,120,120,120,120,120,120,120,120,
size:29
[agent] id:5
path:168,200,199,231,263,262,294,326,358,390,422,454,486,518,517,516,515,514,513,545,544,544,544,544,544,544,544,544,544,544,544,544,544,544,544,544,544,544,544,544,544,544,544,544,544,544,544,544,
goal:544,544,544,544,544,544,544,544,544,544,544,544,544,544,544,544,544,544,544,544,544,544,544,544,544,544,544,544,544,544,544,544,544,544,544,544,544,544,544,544,544,544,544,544,544,544,544,544,
size:20
[agent] id:6
path:622,590,558,526,527,528,529,530,498,466,434,435,436,437,405,373,374,342,310,311,279,247,215,183,151,119,87,55,56,57,57,57,57,57,57,57,57,57,57,57,57,57,57,57,57,57,57,57,
goal:57,57,57,57,57,57,57,57,57,57,57,57,57,57,57,57,57,57,57,57,57,57,57,57,57,57,57,57,57,57,57,57,57,57,57,57,57,57,57,57,57,57,57,57,57,57,57,57,
size:29
[agent] id:7
path:150,182,181,213,212,211,210,178,146,145,144,143,142,174,173,172,140,139,107,75,74,73,72,72,72,72,72,72,72,72,72,72,72,72,72,72,72,72,72,72,72,72,72,72,72,72,72,72,
goal:72,72,72,72,72,72,72,72,72,72,72,72,72,72,72,72,72,72,72,72,72,72,72,72,72,72,72,72,72,72,72,72,72,72,72,72,72,72,72,72,72,72,72,72,72,72,72,72,
size:22
[agent] id:8
path:283,315,347,379,378,377,345,313,312,311,310,309,308,307,306,274,242,241,240,239,207,206,174,173,172,140,139,107,106,105,104,103,71,70,69,68,36,35,3,2,1,33,65,65,65,65,65,65,
goal:65,65,65,65,65,65,65,65,65,65,65,65,65,65,65,65,65,65,65,65,65,65,65,65,65,65,65,65,65,65,65,65,65,65,65,65,65,65,65,65,65,65,65,65,65,65,65,65,
size:42
[agent] id:9
path:1012,980,979,978,946,914,882,850,818,786,754,722,690,658,657,656,655,623,591,559,527,526,494,493,461,429,397,396,395,394,393,392,391,359,358,357,356,355,323,322,322,322,322,322,322,322,322,322,
goal:322,322,322,322,322,322,322,322,322,322,322,322,322,322,322,322,322,322,322,322,322,322,322,322,322,322,322,322,322,322,322,322,322,322,322,322,322,322,322,322,322,322,322,322,322,322,322,322,
size:39
[agent] id:10
path:65,66,67,67,67,67,67,67,67,67,67,67,67,67,67,67,67,67,67,67,67,67,67,67,67,67,67,67,67,67,67,67,67,67,67,67,67,67,67,67,67,67,67,67,67,67,67,67,
goal:67,67,67,67,67,67,67,67,67,67,67,67,67,67,67,67,67,67,67,67,67,67,67,67,67,67,67,67,67,67,67,67,67,67,67,67,67,67,67,67,67,67,67,67,67,67,67,67,
size:2
[agent] id:11
path:847,848,849,850,818,786,754,722,690,658,626,594,562,530,498,466,434,435,436,437,405,373,374,375,376,377,378,379,347,315,316,316,316,316,316,316,316,316,316,316,316,316,316,316,316,316,316,316,
goal:316,316,316,316,316,316,316,316,316,316,316,316,316,316,316,316,316,316,316,316,316,316,316,316,316,316,316,316,316,316,316,316,316,316,316,316,316,316,316,316,316,316,316,316,316,316,316,316,
size:30
[agent] id:12
path:465,497,498,499,500,501,533,534,535,503,504,504,504,504,504,504,504,504,504,504,504,504,504,504,504,504,504,504,504,504,504,504,504,504,504,504,504,504,504,504,504,504,504,504,504,504,504,504,
goal:504,504,504,504,504,504,504,504,504,504,504,504,504,504,504,504,504,504,504,504,504,504,504,504,504,504,504,504,504,504,504,504,504,504,504,504,504,504,504,504,504,504,504,504,504,504,504,504,
size:10
[agent] id:13
path:182,181,213,212,211,210,178,146,114,82,81,80,79,78,77,77,77,77,77,77,77,77,77,77,77,77,77,77,77,77,77,77,77,77,77,77,77,77,77,77,77,77,77,77,77,77,77,77,
goal:77,77,77,77,77,77,77,77,77,77,77,77,77,77,77,77,77,77,77,77,77,77,77,77,77,77,77,77,77,77,77,77,77,77,77,77,77,77,77,77,77,77,77,77,77,77,77,77,
size:14
[agent] id:14
path:906,874,842,810,778,779,747,715,683,651,619,620,621,589,557,558,559,560,561,529,497,498,499,500,501,469,437,405,406,407,408,409,441,473,473,473,473,473,473,473,473,473,473,473,473,473,473,473,
goal:473,473,473,473,473,473,473,473,473,473,473,473,473,473,473,473,473,473,473,473,473,473,473,473,473,473,473,473,473,473,473,473,473,473,473,473,473,473,473,473,473,473,473,473,473,473,473,473,
size:33
[agent] id:15
path:95,127,159,191,223,255,287,286,318,317,349,381,380,379,378,410,409,408,407,439,438,470,469,501,533,565,597,629,661,693,725,724,723,755,754,786,818,850,849,881,913,945,945,945,945,945,945,945,
goal:945,945,945,945,945,945,945,945,945,945,945,945,945,945,945,945,945,945,945,945,945,945,945,945,945,945,945,945,945,945,945,945,945,945,945,945,945,945,945,945,945,945,945,945,945,945,945,945,
size:41
[agent] id:16
path:667,635,634,633,632,664,663,662,661,660,659,658,657,656,655,623,622,621,620,619,618,617,616,615,614,613,613,613,613,613,613,613,613,613,613,613,613,613,613,613,613,613,613,613,613,613,613,613,
goal:613,613,613,613,613,613,613,613,613,613,613,613,613,613,613,613,613,613,613,613,613,613,613,613,613,613,613,613,613,613,613,613,613,613,613,613,613,613,613,613,613,613,613,613,613,613,613,613,
size:25
[agent] id:17
path:206,207,239,271,303,304,336,368,400,432,464,465,497,529,561,593,594,626,658,690,722,754,786,818,850,851,883,884,885,886,918,919,920,952,952,952,952,952,952,952,952,952,952,952,952,952,952,952,
goal:952,952,952,952,952,952,952,952,952,952,952,952,952,952,952,952,952,952,952,952,952,952,952,952,952,952,952,952,952,952,952,952,952,952,952,952,952,952,952,952,952,952,952,952,952,952,952,952,
size:33
[agent] id:18
path:965,933,901,869,837,838,839,840,841,842,843,844,845,846,847,848,849,850,851,852,853,854,855,823,824,825,857,857,857,857,857,857,857,857,857,857,857,857,857,857,857,857,857,857,857,857,857,857,
goal:857,857,857,857,857,857,857,857,857,857,857,857,857,857,857,857,857,857,857,857,857,857,857,857,857,857,857,857,857,857,857,857,857,857,857,857,857,857,857,857,857,857,857,857,857,857,857,857,
size:26
[agent] id:19
path:61,93,92,91,123,155,187,219,218,217,216,248,280,312,344,376,408,407,439,438,470,469,501,533,565,597,629,661,693,725,724,723,755,754,786,818,850,849,848,847,846,845,844,843,842,841,840,872,
goal:872,872,872,872,872,872,872,872,872,872,872,872,872,872,872,872,872,872,872,872,872,872,872,872,872,872,872,872,872,872,872,872,872,872,872,872,872,872,872,872,872,872,872,872,872,872,872,872,
size:47
[agent] id:20
path:841,809,810,778,779,747,715,683,651,619,620,621,589,557,558,559,560,561,562,563,531,499,467,435,436,437,405,373,374,342,310,311,279,247,215,183,151,119,87,87,87,87,87,87,87,87,87,87,
goal:87,87,87,87,87,87,87,87,87,87,87,87,87,87,87,87,87,87,87,87,87,87,87,87,87,87,87,87,87,87,87,87,87,87,87,87,87,87,87,87,87,87,87,87,87,87,87,87,
size:38
[agent] id:21
path:589,557,557,558,559,560,561,562,530,498,466,434,435,436,437,405,373,374,342,310,311,279,247,215,183,151,119,87,88,89,90,58,58,58,58,58,58,58,58,58,58,58,58,58,58,58,58,58,
goal:58,58,58,58,58,58,58,58,58,58,58,58,58,58,58,58,58,58,58,58,58,58,58,58,58,58,58,58,58,58,58,58,58,58,58,58,58,58,58,58,58,58,58,58,58,58,58,58,
size:31
[agent] id:22
path:902,870,838,839,840,841,842,843,844,845,846,847,848,849,850,851,852,853,821,822,823,791,759,759,759,759,759,759,759,759,759,759,759,759,759,759,759,759,759,759,759,759,759,759,759,759,759,759,
goal:759,759,759,759,759,759,759,759,759,759,759,759,759,759,759,759,759,759,759,759,759,759,759,759,759,759,759,759,759,759,759,759,759,759,759,759,759,759,759,759,759,759,759,759,759,759,759,759,
size:22
[agent] id:23
path:690,658,626,594,562,530,498,466,434,402,401,369,337,305,304,303,271,270,269,268,236,235,234,266,266,266,266,266,266,266,266,266,266,266,266,266,266,266,266,266,266,266,266,266,266,266,266,266,
goal:266,266,266,266,266,266,266,266,266,266,266,266,266,266,266,266,266,266,266,266,266,266,266,266,266,266,266,266,266,266,266,266,266,266,266,266,266,266,266,266,266,266,266,266,266,266,266,266,
size:23
[agent] id:24
path:911,879,847,846,814,782,750,718,686,654,622,590,558,526,494,493,461,429,397,396,364,332,300,268,236,204,172,140,139,107,75,74,42,10,11,12,13,14,14,14,14,14,14,14,14,14,14,14,
goal:14,14,14,14,14,14,14,14,14,14,14,14,14,14,14,14,14,14,14,14,14,14,14,14,14,14,14,14,14,14,14,14,14,14,14,14,14,14,14,14,14,14,14,14,14,14,14,14,
size:37
[agent] id:25
path:610,578,579,547,548,549,550,551,552,553,554,555,556,524,525,526,527,528,529,530,530,530,530,530,530,530,530,530,530,530,530,530,530,530,530,530,530,530,530,530,530,530,530,530,530,530,530,530,
goal:530,530,530,530,530,530,530,530,530,530,530,530,530,530,530,530,530,530,530,530,530,530,530,530,530,530,530,530,530,530,530,530,530,530,530,530,530,530,530,530,530,530,530,530,530,530,530,530,
size:19
[agent] id:26
path:893,861,860,859,858,857,825,793,792,760,728,696,664,632,600,599,567,566,565,564,563,562,561,560,559,558,557,556,555,554,522,521,520,520,520,520,520,520,520,520,520,520,520,520,520,520,520,520,
goal:520,520,520,520,520,520,520,520,520,520,520,520,520,520,520,520,520,520,520,520,520,520,520,520,520,520,520,520,520,520,520,520,520,520,520,520,520,520,520,520,520,520,520,520,520,520,520,520,
size:32
[agent] id:27
path:159,191,190,189,188,187,219,218,217,216,248,280,312,311,310,342,341,341,341,341,341,341,341,341,341,341,341,341,341,341,341,341,341,341,341,341,341,341,341,341,341,341,341,341,341,341,341,341,
goal:341,341,341,341,341,341,341,341,341,341,341,341,341,341,341,341,341,341,341,341,341,341,341,341,341,341,341,341,341,341,341,341,341,341,341,341,341,341,341,341,341,341,341,341,341,341,341,341,
size:16
[agent] id:28
path:605,637,636,635,634,633,632,664,663,662,661,693,692,691,690,689,688,687,686,718,717,716,715,747,779,811,810,809,808,807,806,806,806,806,806,806,806,806,806,806,806,806,806,806,806,806,806,806,
goal:806,806,806,806,806,806,806,806,806,806,806,806,806,806,806,806,806,806,806,806,806,806,806,806,806,806,806,806,806,806,806,806,806,806,806,806,806,806,806,806,806,806,806,806,806,806,806,806,
size:30
[agent] id:29
path:517,485,453,421,389,390,391,392,393,394,395,396,364,332,300,301,302,303,304,336,337,337,337,337,337,337,337,337,337,337,337,337,337,337,337,337,337,337,337,337,337,337,337,337,337,337,337,337,
goal:337,337,337,337,337,337,337,337,337,337,337,337,337,337,337,337,337,337,337,337,337,337,337,337,337,337,337,337,337,337,337,337,337,337,337,337,337,337,337,337,337,337,337,337,337,337,337,337,
size:20
SolutionCost:806
