[setting] seed:17990
[solver] type:SASB-ECBS
[solver] w:2.000000
[solver] ID:0
[solver] Lowlevelnode:4482
[solver] Highlevelnode:23
[solver] ConflictCount:12
[solver] solved:1
[solver] elapsed:39
[solver] makespan:55
[problem] timesteplimit:15000
[problem] type:MAPF
[problem] agentnum:30
[graph] width:32
[graph] height:32
[graph] filename:./map/32by32_agents10_ex30.map
[task] id:24,start:0,end:0,service time:0,nodes:133,
[task] id:22,start:0,end:0,service time:0,nodes:448,
[task] id:29,start:0,end:0,service time:0,nodes:334,
[task] id:26,start:0,end:0,service time:0,nodes:524,
[task] id:27,start:0,end:0,service time:0,nodes:438,
[task] id:15,start:0,end:0,service time:0,nodes:683,
[task] id:16,start:0,end:0,service time:0,nodes:408,
[task] id:19,start:0,end:0,service time:0,nodes:412,
[task] id:11,start:0,end:0,service time:0,nodes:852,
[task] id:4,start:0,end:0,service time:0,nodes:661,
[task] id:17,start:0,end:0,service time:0,nodes:561,
[task] id:3,start:0,end:0,service time:0,nodes:279,
[task] id:13,start:0,end:0,service time:0,nodes:794,
[task] id:21,start:0,end:0,service time:0,nodes:730,
[task] id:28,start:0,end:0,service time:0,nodes:629,
[task] id:8,start:0,end:0,service time:0,nodes:509,
[task] id:25,start:0,end:0,service time:0,nodes:904,
[task] id:1,start:0,end:0,service time:0,nodes:822,
[task] id:12,start:0,end:0,service time:0,nodes:534,
[task] id:5,start:0,end:0,service time:0,nodes:542,
[task] id:10,start:0,end:0,service time:0,nodes:662,
[task] id:18,start:0,end:0,service time:0,nodes:1012,
[task] id:2,start:0,end:0,service time:0,nodes:1017,
[task] id:7,start:0,end:0,service time:0,nodes:635,
[task] id:9,start:0,end:0,service time:0,nodes:3,
[task] id:23,start:0,end:0,service time:0,nodes:914,
[task] id:14,start:0,end:0,service time:0,nodes:841,
[task] id:20,start:0,end:0,service time:0,nodes:446,
[task] id:6,start:0,end:0,service time:0,nodes:17,
[task] id:0,start:0,end:0,service time:0,nodes:30,
[agent] id:0
path:1000,999,967,935,936,904,872,840,808,776,744,712,680,648,616,584,552,520,521,489,457,458,426,394,395,396,364,332,300,268,236,204,172,173,174,142,110,78,79,80,48,49,17,18,19,20,21,22,23,24,25,26,27,28,29,30,
goal:30,30,30,30,30,30,30,30,30,30,30,30,30,30,30,30,30,30,30,30,30,30,30,30,30,30,30,30,30,30,30,30,30,30,30,30,30,30,30,30,30,30,30,30,30,30,30,30,30,30,30,30,30,30,30,30,
size:55
[agent] id:1
path:709,741,773,805,806,807,808,809,841,842,843,844,845,846,847,848,849,850,851,883,884,885,853,821,822,822,822,822,822,822,822,822,822,822,822,822,822,822,822,822,822,822,822,822,822,822,822,822,822,822,822,822,822,822,822,822,
goal:822,822,822,822,822,822,822,822,822,822,822,822,822,822,822,822,822,822,822,822,822,822,822,822,822,822,822,822,822,822,822,822,822,822,822,822,822,822,822,822,822,822,822,822,822,822,822,822,822,822,822,822,822,822,822,822,
size:24
[agent] id:2
path:248,280,312,344,376,408,409,441,473,472,504,536,535,567,599,631,663,695,727,759,791,823,855,887,919,920,952,984,1016,1017,1017,1017,1017,1017,1017,1017,1017,1017,1017,1017,1017,1017,1017,1017,1017,1017,1017,1017,1017,1017,1017,1017,1017,1017,1017,1017,
goal:1017,1017,1017,1017,1017,1017,1017,1017,1017,1017,1017,1017,1017,1017,1017,1017,1017,1017,1017,1017,1017,1017,1017,1017,1017,1017,1017,1017,1017,1017,1017,1017,1017,1017,1017,1017,1017,1017,1017,1017,1017,1017,1017,1017,1017,1017,1017,1017,1017,1017,1017,1017,1017,1017,1017,1017,
size:29
[agent] id:3
path:757,725,693,661,629,597,565,533,501,469,437,405,373,341,309,310,311,279,279,279,279,279,279,279,279,279,279,279,279,279,279,279,279,279,279,279,279,279,279,279,279,279,279,279,279,279,279,279,279,279,279,279,279,279,279,279,
goal:279,279,279,279,279,279,279,279,279,279,279,279,279,279,279,279,279,279,279,279,279,279,279,279,279,279,279,279,279,279,279,279,279,279,279,279,279,279,279,279,279,279,279,279,279,279,279,279,279,279,279,279,279,279,279,279,
size:17
[agent] id:4
path:713,681,649,650,651,652,653,654,655,656,657,658,659,660,661,661,661,661,661,661,661,661,661,661,661,661,661,661,661,661,661,661,661,661,661,661,661,661,661,661,661,661,661,661,661,661,661,661,661,661,661,661,661,661,661,661,
goal:661,661,661,661,661,661,661,661,661,661,661,661,661,661,661,661,661,661,661,661,661,661,661,661,661,661,661,661,661,661,661,661,661,661,661,661,661,661,661,661,661,661,661,661,661,661,661,661,661,661,661,661,661,661,661,661,
size:14
[agent] id:5
path:119,151,183,215,247,279,311,312,344,376,408,409,441,473,472,504,536,537,538,539,571,603,604,605,573,574,542,542,542,542,542,542,542,542,542,542,542,542,542,542,542,542,542,542,542,542,542,542,542,542,542,542,542,542,542,542,
goal:542,542,542,542,542,542,542,542,542,542,542,542,542,542,542,542,542,542,542,542,542,542,542,542,542,542,542,542,542,542,542,542,542,542,542,542,542,542,542,542,542,542,542,542,542,542,542,542,542,542,542,542,542,542,542,542,
size:26
[agent] id:6
path:864,896,928,929,930,898,866,867,835,803,771,739,707,708,676,644,612,613,614,582,550,518,486,454,422,390,358,326,294,262,230,231,199,200,201,202,203,171,172,173,174,142,110,78,79,80,48,49,17,17,17,17,17,17,17,17,
goal:17,17,17,17,17,17,17,17,17,17,17,17,17,17,17,17,17,17,17,17,17,17,17,17,17,17,17,17,17,17,17,17,17,17,17,17,17,17,17,17,17,17,17,17,17,17,17,17,17,17,17,17,17,17,17,17,
size:48
[agent] id:7
path:78,110,142,174,206,207,239,271,303,304,336,368,400,432,464,465,497,529,530,562,563,564,564,565,566,567,599,631,632,633,634,635,635,635,635,635,635,635,635,635,635,635,635,635,635,635,635,635,635,635,635,635,635,635,635,635,
goal:635,635,635,635,635,635,635,635,635,635,635,635,635,635,635,635,635,635,635,635,635,635,635,635,635,635,635,635,635,635,635,635,635,635,635,635,635,635,635,635,635,635,635,635,635,635,635,635,635,635,635,635,635,635,635,635,
size:31
[agent] id:8
path:752,720,688,656,657,658,626,594,562,563,564,565,533,534,535,536,537,538,539,507,508,509,509,509,509,509,509,509,509,509,509,509,509,509,509,509,509,509,509,509,509,509,509,509,509,509,509,509,509,509,509,509,509,509,509,509,
goal:509,509,509,509,509,509,509,509,509,509,509,509,509,509,509,509,509,509,509,509,509,509,509,509,509,509,509,509,509,509,509,509,509,509,509,509,509,509,509,509,509,509,509,509,509,509,509,509,509,509,509,509,509,509,509,509,
size:21
[agent] id:9
path:561,529,497,465,433,401,369,337,305,273,241,240,239,207,206,174,173,172,140,139,107,75,74,42,41,40,39,38,37,5,4,3,3,3,3,3,3,3,3,3,3,3,3,3,3,3,3,3,3,3,3,3,3,3,3,3,
goal:3,3,3,3,3,3,3,3,3,3,3,3,3,3,3,3,3,3,3,3,3,3,3,3,3,3,3,3,3,3,3,3,3,3,3,3,3,3,3,3,3,3,3,3,3,3,3,3,3,3,3,3,3,3,3,3,
size:31
[agent] id:10
path:18,50,82,114,146,178,210,242,274,306,307,308,309,310,342,374,406,405,437,469,501,533,565,597,598,598,630,662,662,662,662,662,662,662,662,662,662,662,662,662,662,662,662,662,662,662,662,662,662,662,662,662,662,662,662,662,
goal:662,662,662,662,662,662,662,662,662,662,662,662,662,662,662,662,662,662,662,662,662,662,662,662,662,662,662,662,662,662,662,662,662,662,662,662,662,662,662,662,662,662,662,662,662,662,662,662,662,662,662,662,662,662,662,662,
size:27
[agent] id:11
path:716,717,749,781,782,814,846,847,848,849,850,851,852,852,852,852,852,852,852,852,852,852,852,852,852,852,852,852,852,852,852,852,852,852,852,852,852,852,852,852,852,852,852,852,852,852,852,852,852,852,852,852,852,852,852,852,
goal:852,852,852,852,852,852,852,852,852,852,852,852,852,852,852,852,852,852,852,852,852,852,852,852,852,852,852,852,852,852,852,852,852,852,852,852,852,852,852,852,852,852,852,852,852,852,852,852,852,852,852,852,852,852,852,852,
size:12
[agent] id:12
path:62,94,126,158,190,222,223,255,287,286,318,317,349,381,380,379,378,410,442,474,473,472,504,536,535,534,534,534,534,534,534,534,534,534,534,534,534,534,534,534,534,534,534,534,534,534,534,534,534,534,534,534,534,534,534,534,
goal:534,534,534,534,534,534,534,534,534,534,534,534,534,534,534,534,534,534,534,534,534,534,534,534,534,534,534,534,534,534,534,534,534,534,534,534,534,534,534,534,534,534,534,534,534,534,534,534,534,534,534,534,534,534,534,534,
size:25
[agent] id:13
path:717,718,686,687,688,720,721,722,723,724,725,757,758,759,791,792,793,794,794,794,794,794,794,794,794,794,794,794,794,794,794,794,794,794,794,794,794,794,794,794,794,794,794,794,794,794,794,794,794,794,794,794,794,794,794,794,
goal:794,794,794,794,794,794,794,794,794,794,794,794,794,794,794,794,794,794,794,794,794,794,794,794,794,794,794,794,794,794,794,794,794,794,794,794,794,794,794,794,794,794,794,794,794,794,794,794,794,794,794,794,794,794,794,794,
size:17
[agent] id:14
path:287,286,318,317,349,381,380,379,378,410,442,474,473,472,504,503,535,567,599,631,663,695,727,726,725,724,723,755,754,786,818,850,849,848,847,846,845,844,843,842,841,841,841,841,841,841,841,841,841,841,841,841,841,841,841,841,
goal:841,841,841,841,841,841,841,841,841,841,841,841,841,841,841,841,841,841,841,841,841,841,841,841,841,841,841,841,841,841,841,841,841,841,841,841,841,841,841,841,841,841,841,841,841,841,841,841,841,841,841,841,841,841,841,841,
size:40
[agent] id:15
path:816,848,847,846,845,844,812,811,779,747,715,683,683,683,683,683,683,683,683,683,683,683,683,683,683,683,683,683,683,683,683,683,683,683,683,683,683,683,683,683,683,683,683,683,683,683,683,683,683,683,683,683,683,683,683,683,
goal:683,683,683,683,683,683,683,683,683,683,683,683,683,683,683,683,683,683,683,683,683,683,683,683,683,683,683,683,683,683,683,683,683,683,683,683,683,683,683,683,683,683,683,683,683,683,683,683,683,683,683,683,683,683,683,683,
size:11
[agent] id:16
path:562,530,498,466,434,435,436,437,438,406,407,408,408,408,408,408,408,408,408,408,408,408,408,408,408,408,408,408,408,408,408,408,408,408,408,408,408,408,408,408,408,408,408,408,408,408,408,408,408,408,408,408,408,408,408,408,
goal:408,408,408,408,408,408,408,408,408,408,408,408,408,408,408,408,408,408,408,408,408,408,408,408,408,408,408,408,408,408,408,408,408,408,408,408,408,408,408,408,408,408,408,408,408,408,408,408,408,408,408,408,408,408,408,408,
size:11
[agent] id:17
path:181,213,245,277,309,341,373,405,437,436,468,500,499,531,563,562,561,561,561,561,561,561,561,561,561,561,561,561,561,561,561,561,561,561,561,561,561,561,561,561,561,561,561,561,561,561,561,561,561,561,561,561,561,561,561,561,
goal:561,561,561,561,561,561,561,561,561,561,561,561,561,561,561,561,561,561,561,561,561,561,561,561,561,561,561,561,561,561,561,561,561,561,561,561,561,561,561,561,561,561,561,561,561,561,561,561,561,561,561,561,561,561,561,561,
size:16
[agent] id:18
path:706,738,770,802,803,835,867,899,900,901,933,934,935,936,937,938,939,940,941,942,943,944,945,946,978,979,980,1012,1012,1012,1012,1012,1012,1012,1012,1012,1012,1012,1012,1012,1012,1012,1012,1012,1012,1012,1012,1012,1012,1012,1012,1012,1012,1012,1012,1012,
goal:1012,1012,1012,1012,1012,1012,1012,1012,1012,1012,1012,1012,1012,1012,1012,1012,1012,1012,1012,1012,1012,1012,1012,1012,1012,1012,1012,1012,1012,1012,1012,1012,1012,1012,1012,1012,1012,1012,1012,1012,1012,1012,1012,1012,1012,1012,1012,1012,1012,1012,1012,1012,1012,1012,1012,1012,
size:27
[agent] id:19
path:570,538,539,507,508,476,477,478,446,414,413,412,412,412,412,412,412,412,412,412,412,412,412,412,412,412,412,412,412,412,412,412,412,412,412,412,412,412,412,412,412,412,412,412,412,412,412,412,412,412,412,412,412,412,412,412,
goal:412,412,412,412,412,412,412,412,412,412,412,412,412,412,412,412,412,412,412,412,412,412,412,412,412,412,412,412,412,412,412,412,412,412,412,412,412,412,412,412,412,412,412,412,412,412,412,412,412,412,412,412,412,412,412,412,
size:11
[agent] id:20
path:928,929,930,898,899,900,901,869,837,805,773,741,709,677,645,613,614,615,616,617,618,619,620,621,589,590,591,592,593,594,562,563,564,565,566,567,535,536,537,538,539,507,508,476,477,478,446,446,446,446,446,446,446,446,446,446,
goal:446,446,446,446,446,446,446,446,446,446,446,446,446,446,446,446,446,446,446,446,446,446,446,446,446,446,446,446,446,446,446,446,446,446,446,446,446,446,446,446,446,446,446,446,446,446,446,446,446,446,446,446,446,446,446,446,
size:46
[agent] id:21
path:526,558,590,622,654,686,687,688,720,721,722,723,724,725,726,727,728,729,730,730,730,730,730,730,730,730,730,730,730,730,730,730,730,730,730,730,730,730,730,730,730,730,730,730,730,730,730,730,730,730,730,730,730,730,730,730,
goal:730,730,730,730,730,730,730,730,730,730,730,730,730,730,730,730,730,730,730,730,730,730,730,730,730,730,730,730,730,730,730,730,730,730,730,730,730,730,730,730,730,730,730,730,730,730,730,730,730,730,730,730,730,730,730,730,
size:18
[agent] id:22
path:514,482,450,449,448,448,448,448,448,448,448,448,448,448,448,448,448,448,448,448,448,448,448,448,448,448,448,448,448,448,448,448,448,448,448,448,448,448,448,448,448,448,448,448,448,448,448,448,448,448,448,448,448,448,448,448,
goal:448,448,448,448,448,448,448,448,448,448,448,448,448,448,448,448,448,448,448,448,448,448,448,448,448,448,448,448,448,448,448,448,448,448,448,448,448,448,448,448,448,448,448,448,448,448,448,448,448,448,448,448,448,448,448,448,
size:4
[agent] id:23
path:320,352,384,416,417,449,450,482,514,515,547,579,611,643,644,645,677,709,741,773,805,837,838,839,840,841,842,874,875,876,877,878,879,911,912,913,914,914,914,914,914,914,914,914,914,914,914,914,914,914,914,914,914,914,914,914,
goal:914,914,914,914,914,914,914,914,914,914,914,914,914,914,914,914,914,914,914,914,914,914,914,914,914,914,914,914,914,914,914,914,914,914,914,914,914,914,914,914,914,914,914,914,914,914,914,914,914,914,914,914,914,914,914,914,
size:36
[agent] id:24
path:196,197,165,133,133,133,133,133,133,133,133,133,133,133,133,133,133,133,133,133,133,133,133,133,133,133,133,133,133,133,133,133,133,133,133,133,133,133,133,133,133,133,133,133,133,133,133,133,133,133,133,133,133,133,133,133,
goal:133,133,133,133,133,133,133,133,133,133,133,133,133,133,133,133,133,133,133,133,133,133,133,133,133,133,133,133,133,133,133,133,133,133,133,133,133,133,133,133,133,133,133,133,133,133,133,133,133,133,133,133,133,133,133,133,
size:3
[agent] id:25
path:791,823,855,854,853,852,851,850,849,881,880,879,878,877,845,844,843,842,841,840,872,904,904,904,904,904,904,904,904,904,904,904,904,904,904,904,904,904,904,904,904,904,904,904,904,904,904,904,904,904,904,904,904,904,904,904,
goal:904,904,904,904,904,904,904,904,904,904,904,904,904,904,904,904,904,904,904,904,904,904,904,904,904,904,904,904,904,904,904,904,904,904,904,904,904,904,904,904,904,904,904,904,904,904,904,904,904,904,904,904,904,904,904,904,
size:21
[agent] id:26
path:485,517,518,519,520,521,522,554,555,556,524,524,524,524,524,524,524,524,524,524,524,524,524,524,524,524,524,524,524,524,524,524,524,524,524,524,524,524,524,524,524,524,524,524,524,524,524,524,524,524,524,524,524,524,524,524,
goal:524,524,524,524,524,524,524,524,524,524,524,524,524,524,524,524,524,524,524,524,524,524,524,524,524,524,524,524,524,524,524,524,524,524,524,524,524,524,524,524,524,524,524,524,524,524,524,524,524,524,524,524,524,524,524,524,
size:10
[agent] id:27
path:211,212,213,245,277,309,341,373,405,437,438,438,438,438,438,438,438,438,438,438,438,438,438,438,438,438,438,438,438,438,438,438,438,438,438,438,438,438,438,438,438,438,438,438,438,438,438,438,438,438,438,438,438,438,438,438,
goal:438,438,438,438,438,438,438,438,438,438,438,438,438,438,438,438,438,438,438,438,438,438,438,438,438,438,438,438,438,438,438,438,438,438,438,438,438,438,438,438,438,438,438,438,438,438,438,438,438,438,438,438,438,438,438,438,
size:10
[agent] id:28
path:270,302,334,366,367,399,431,463,464,465,497,529,561,593,594,626,627,628,629,629,629,629,629,629,629,629,629,629,629,629,629,629,629,629,629,629,629,629,629,629,629,629,629,629,629,629,629,629,629,629,629,629,629,629,629,629,
goal:629,629,629,629,629,629,629,629,629,629,629,629,629,629,629,629,629,629,629,629,629,629,629,629,629,629,629,629,629,629,629,629,629,629,629,629,629,629,629,629,629,629,629,629,629,629,629,629,629,629,629,629,629,629,629,629,
size:18
[agent] id:29
path:145,177,209,241,273,305,304,303,302,334,334,334,334,334,334,334,334,334,334,334,334,334,334,334,334,334,334,334,334,334,334,334,334,334,334,334,334,334,334,334,334,334,334,334,334,334,334,334,334,334,334,334,334,334,334,334,
goal:334,334,334,334,334,334,334,334,334,334,334,334,334,334,334,334,334,334,334,334,334,334,334,334,334,334,334,334,334,334,334,334,334,334,334,334,334,334,334,334,334,334,334,334,334,334,334,334,334,334,334,334,334,334,334,334,
size:9
SolutionCost:668
