[setting] seed:30409
[solver] type:SASB-ECBS
[solver] w:2.000000
[solver] ID:0
[solver] Lowlevelnode:64575
[solver] Highlevelnode:19
[solver] ConflictCount:10
[solver] solved:1
[solver] elapsed:372
[solver] makespan:44
[problem] timesteplimit:15000
[problem] type:MAPF
[problem] agentnum:30
[graph] width:32
[graph] height:32
[graph] filename:./map/32by32_agents10_ex30.map
[task] id:1,start:0,end:0,service time:0,nodes:126,
[task] id:17,start:0,end:0,service time:0,nodes:911,
[task] id:5,start:0,end:0,service time:0,nodes:548,
[task] id:25,start:0,end:0,service time:0,nodes:53,
[task] id:9,start:0,end:0,service time:0,nodes:919,
[task] id:19,start:0,end:0,service time:0,nodes:364,
[task] id:26,start:0,end:0,service time:0,nodes:964,
[task] id:21,start:0,end:0,service time:0,nodes:618,
[task] id:14,start:0,end:0,service time:0,nodes:86,
[task] id:23,start:0,end:0,service time:0,nodes:687,
[task] id:2,start:0,end:0,service time:0,nodes:394,
[task] id:7,start:0,end:0,service time:0,nodes:400,
[task] id:15,start:0,end:0,service time:0,nodes:839,
[task] id:27,start:0,end:0,service time:0,nodes:699,
[task] id:18,start:0,end:0,service time:0,nodes:526,
[task] id:10,start:0,end:0,service time:0,nodes:921,
[task] id:29,start:0,end:0,service time:0,nodes:503,
[task] id:20,start:0,end:0,service time:0,nodes:428,
[task] id:0,start:0,end:0,service time:0,nodes:664,
[task] id:12,start:0,end:0,service time:0,nodes:663,
[task] id:13,start:0,end:0,service time:0,nodes:717,
[task] id:24,start:0,end:0,service time:0,nodes:533,
[task] id:4,start:0,end:0,service time:0,nodes:801,
[task] id:28,start:0,end:0,service time:0,nodes:71,
[task] id:3,start:0,end:0,service time:0,nodes:489,
[task] id:8,start:0,end:0,service time:0,nodes:556,
[task] id:22,start:0,end:0,service time:0,nodes:949,
[task] id:16,start:0,end:0,service time:0,nodes:706,
[task] id:6,start:0,end:0,service time:0,nodes:922,
[task] id:30,start:0,end:0,service time:0,nodes:921,
[task] id:11,start:0,end:0,service time:0,nodes:859,
[agent] id:0
path:610,642,643,644,645,646,647,648,649,650,651,652,653,654,655,656,657,658,659,660,661,662,663,664,664,664,664,664,664,664,664,664,664,664,664,664,664,664,664,664,664,664,664,664,664,
goal:664,664,664,664,664,664,664,664,664,664,664,664,664,664,664,664,664,664,664,664,664,664,664,664,664,664,664,664,664,664,664,664,664,664,664,664,664,664,664,664,664,664,664,664,664,
size:23
[agent] id:1
path:159,127,126,126,126,126,126,126,126,126,126,126,126,126,126,126,126,126,126,126,126,126,126,126,126,126,126,126,126,126,126,126,126,126,126,126,126,126,126,126,126,126,126,126,126,
goal:126,126,126,126,126,126,126,126,126,126,126,126,126,126,126,126,126,126,126,126,126,126,126,126,126,126,126,126,126,126,126,126,126,126,126,126,126,126,126,126,126,126,126,126,126,
size:2
[agent] id:2
path:749,717,685,653,621,589,557,525,493,461,429,397,396,395,394,394,394,394,394,394,394,394,394,394,394,394,394,394,394,394,394,394,394,394,394,394,394,394,394,394,394,394,394,394,394,
goal:394,394,394,394,394,394,394,394,394,394,394,394,394,394,394,394,394,394,394,394,394,394,394,394,394,394,394,394,394,394,394,394,394,394,394,394,394,394,394,394,394,394,394,394,394,
size:14
[agent] id:3
path:860,859,858,857,825,793,792,760,728,696,664,632,600,599,567,566,565,564,563,562,561,560,559,558,557,556,555,554,522,490,489,489,489,489,489,489,489,489,489,489,489,489,489,489,489,
goal:489,489,489,489,489,489,489,489,489,489,489,489,489,489,489,489,489,489,489,489,489,489,489,489,489,489,489,489,489,489,489,489,489,489,489,489,489,489,489,489,489,489,489,489,489,
size:30
[agent] id:4
path:103,135,167,199,231,263,262,294,326,358,390,422,454,486,518,550,582,614,646,678,710,742,774,806,805,804,803,802,801,801,801,801,801,801,801,801,801,801,801,801,801,801,801,801,801,
goal:801,801,801,801,801,801,801,801,801,801,801,801,801,801,801,801,801,801,801,801,801,801,801,801,801,801,801,801,801,801,801,801,801,801,801,801,801,801,801,801,801,801,801,801,801,
size:28
[agent] id:5
path:577,578,579,547,548,548,548,548,548,548,548,548,548,548,548,548,548,548,548,548,548,548,548,548,548,548,548,548,548,548,548,548,548,548,548,548,548,548,548,548,548,548,548,548,548,
goal:548,548,548,548,548,548,548,548,548,548,548,548,548,548,548,548,548,548,548,548,548,548,548,548,548,548,548,548,548,548,548,548,548,548,548,548,548,548,548,548,548,548,548,548,548,
size:4
[agent] id:6
path:201,233,234,235,236,268,300,301,302,334,366,367,399,431,463,464,465,497,529,561,593,594,626,658,690,722,754,786,818,850,882,883,884,885,886,887,888,920,921,922,922,922,922,922,922,
goal:922,922,922,922,922,922,922,922,922,922,922,922,922,922,922,922,922,922,922,922,922,922,922,922,922,922,922,922,922,922,922,922,922,922,922,922,922,922,922,922,922,922,922,922,922,
size:39
[agent] id:7
path:107,139,171,203,235,236,268,300,301,302,334,366,367,399,400,400,400,400,400,400,400,400,400,400,400,400,400,400,400,400,400,400,400,400,400,400,400,400,400,400,400,400,400,400,400,
goal:400,400,400,400,400,400,400,400,400,400,400,400,400,400,400,400,400,400,400,400,400,400,400,400,400,400,400,400,400,400,400,400,400,400,400,400,400,400,400,400,400,400,400,400,400,
size:14
[agent] id:8
path:927,895,863,831,799,798,766,734,702,670,669,637,636,635,634,633,632,600,599,567,566,565,564,563,562,561,560,559,558,557,556,556,556,556,556,556,556,556,556,556,556,556,556,556,556,
goal:556,556,556,556,556,556,556,556,556,556,556,556,556,556,556,556,556,556,556,556,556,556,556,556,556,556,556,556,556,556,556,556,556,556,556,556,556,556,556,556,556,556,556,556,556,
size:30
[agent] id:9
path:821,853,885,886,918,919,919,919,919,919,919,919,919,919,919,919,919,919,919,919,919,919,919,919,919,919,919,919,919,919,919,919,919,919,919,919,919,919,919,919,919,919,919,919,919,
goal:919,919,919,919,919,919,919,919,919,919,919,919,919,919,919,919,919,919,919,919,919,919,919,919,919,919,919,919,919,919,919,919,919,919,919,919,919,919,919,919,919,919,919,919,919,
size:5
[agent] id:10
path:592,593,594,626,658,690,722,754,786,818,850,882,883,884,885,886,887,888,920,921,921,921,921,921,921,921,921,921,921,921,921,921,921,921,921,921,921,921,953,953,921,921,921,921,921,
goal:921,921,921,921,921,921,921,921,921,921,921,921,921,921,921,921,921,921,921,921,921,921,921,921,921,921,921,921,921,921,921,921,921,921,921,921,921,921,921,921,921,921,921,921,921,
size:40
[agent] id:11
path:134,166,166,167,199,200,201,233,234,235,236,268,300,301,302,334,366,367,399,431,463,464,465,497,529,530,562,594,626,658,690,722,723,724,725,757,758,759,791,823,824,825,857,858,859,
goal:859,859,859,859,859,859,859,859,859,859,859,859,859,859,859,859,859,859,859,859,859,859,859,859,859,859,859,859,859,859,859,859,859,859,859,859,859,859,859,859,859,859,859,859,859,
size:44
[agent] id:12
path:871,839,807,775,743,711,679,647,648,649,650,651,652,653,654,655,656,657,658,659,660,661,662,663,663,663,663,663,663,663,663,663,663,663,663,663,663,663,663,663,663,663,663,663,663,
goal:663,663,663,663,663,663,663,663,663,663,663,663,663,663,663,663,663,663,663,663,663,663,663,663,663,663,663,663,663,663,663,663,663,663,663,663,663,663,663,663,663,663,663,663,663,
size:23
[agent] id:13
path:1021,989,988,987,986,985,953,921,920,888,887,855,854,853,852,851,850,849,848,847,846,814,782,750,718,717,717,717,717,717,717,717,717,717,717,717,717,717,717,717,717,717,717,717,717,
goal:717,717,717,717,717,717,717,717,717,717,717,717,717,717,717,717,717,717,717,717,717,717,717,717,717,717,717,717,717,717,717,717,717,717,717,717,717,717,717,717,717,717,717,717,717,
size:25
[agent] id:14
path:82,50,51,52,20,21,22,54,55,87,86,86,86,86,86,86,86,86,86,86,86,86,86,86,86,86,86,86,86,86,86,86,86,86,86,86,86,86,86,86,86,86,86,86,86,
goal:86,86,86,86,86,86,86,86,86,86,86,86,86,86,86,86,86,86,86,86,86,86,86,86,86,86,86,86,86,86,86,86,86,86,86,86,86,86,86,86,86,86,86,86,86,
size:10
[agent] id:15
path:623,655,687,686,718,717,716,715,714,713,745,744,776,808,807,839,839,839,839,839,839,839,839,839,839,839,839,839,839,839,839,839,839,839,839,839,839,839,839,839,839,839,839,839,839,
goal:839,839,839,839,839,839,839,839,839,839,839,839,839,839,839,839,839,839,839,839,839,839,839,839,839,839,839,839,839,839,839,839,839,839,839,839,839,839,839,839,839,839,839,839,839,
size:15
[agent] id:16
path:990,990,989,988,987,986,985,953,921,920,888,887,855,854,853,852,851,850,849,848,847,846,845,844,812,811,779,747,715,714,713,712,711,710,709,708,707,706,706,706,706,706,706,706,706,
goal:706,706,706,706,706,706,706,706,706,706,706,706,706,706,706,706,706,706,706,706,706,706,706,706,706,706,706,706,706,706,706,706,706,706,706,706,706,706,706,706,706,706,706,706,706,
size:37
[agent] id:17
path:847,879,911,911,911,911,911,911,911,911,911,911,911,911,911,911,911,911,911,911,911,911,911,911,911,911,911,911,911,911,911,911,911,911,911,911,911,911,911,911,911,911,911,911,911,
goal:911,911,911,911,911,911,911,911,911,911,911,911,911,911,911,911,911,911,911,911,911,911,911,911,911,911,911,911,911,911,911,911,911,911,911,911,911,911,911,911,911,911,911,911,911,
size:2
[agent] id:18
path:449,450,482,514,515,516,517,518,519,520,521,522,554,555,556,524,525,526,526,526,526,526,526,526,526,526,526,526,526,526,526,526,526,526,526,526,526,526,526,526,526,526,526,526,526,
goal:526,526,526,526,526,526,526,526,526,526,526,526,526,526,526,526,526,526,526,526,526,526,526,526,526,526,526,526,526,526,526,526,526,526,526,526,526,526,526,526,526,526,526,526,526,
size:17
[agent] id:19
path:234,235,236,268,300,332,364,364,364,364,364,364,364,364,364,364,364,364,364,364,364,364,364,364,364,364,364,364,364,364,364,364,364,364,364,364,364,364,364,364,364,364,364,364,364,
goal:364,364,364,364,364,364,364,364,364,364,364,364,364,364,364,364,364,364,364,364,364,364,364,364,364,364,364,364,364,364,364,364,364,364,364,364,364,364,364,364,364,364,364,364,364,
size:6
[agent] id:20
path:1003,971,939,907,875,843,811,779,747,715,716,717,685,685,653,621,589,557,525,493,461,429,428,428,428,428,428,428,428,428,428,428,428,428,428,428,428,428,428,428,428,428,428,428,428,
goal:428,428,428,428,428,428,428,428,428,428,428,428,428,428,428,428,428,428,428,428,428,428,428,428,428,428,428,428,428,428,428,428,428,428,428,428,428,428,428,428,428,428,428,428,428,
size:22
[agent] id:21
path:579,611,612,613,614,615,616,617,618,618,618,618,618,618,618,618,618,618,618,618,618,618,618,618,618,618,618,618,618,618,618,618,618,618,618,618,618,618,618,618,618,618,618,618,618,
goal:618,618,618,618,618,618,618,618,618,618,618,618,618,618,618,618,618,618,618,618,618,618,618,618,618,618,618,618,618,618,618,618,618,618,618,618,618,618,618,618,618,618,618,618,618,
size:8
[agent] id:22
path:453,485,517,549,550,582,614,646,678,710,742,774,806,838,839,840,841,842,874,875,876,877,878,879,880,881,882,883,884,885,886,918,950,949,949,949,949,949,949,949,949,949,949,949,949,
goal:949,949,949,949,949,949,949,949,949,949,949,949,949,949,949,949,949,949,949,949,949,949,949,949,949,949,949,949,949,949,949,949,949,949,949,949,949,949,949,949,949,949,949,949,949,
size:33
[agent] id:23
path:612,644,645,646,647,648,649,650,651,652,653,685,686,687,687,687,687,687,687,687,687,687,687,687,687,687,687,687,687,687,687,687,687,687,687,687,687,687,687,687,687,687,687,687,687,
goal:687,687,687,687,687,687,687,687,687,687,687,687,687,687,687,687,687,687,687,687,687,687,687,687,687,687,687,687,687,687,687,687,687,687,687,687,687,687,687,687,687,687,687,687,687,
size:13
[agent] id:24
path:355,356,357,389,421,422,423,424,456,457,458,459,460,461,493,525,526,527,528,529,530,531,499,500,501,533,533,533,533,533,533,533,533,533,533,533,533,533,533,533,533,533,533,533,533,
goal:533,533,533,533,533,533,533,533,533,533,533,533,533,533,533,533,533,533,533,533,533,533,533,533,533,533,533,533,533,533,533,533,533,533,533,533,533,533,533,533,533,533,533,533,533,
size:25
[agent] id:25
path:57,56,55,54,53,53,53,53,53,53,53,53,53,53,53,53,53,53,53,53,53,53,53,53,53,53,53,53,53,53,53,53,53,53,53,53,53,53,53,53,53,53,53,53,53,
goal:53,53,53,53,53,53,53,53,53,53,53,53,53,53,53,53,53,53,53,53,53,53,53,53,53,53,53,53,53,53,53,53,53,53,53,53,53,53,53,53,53,53,53,53,53,
size:4
[agent] id:26
path:872,904,936,935,967,966,965,964,964,964,964,964,964,964,964,964,964,964,964,964,964,964,964,964,964,964,964,964,964,964,964,964,964,964,964,964,964,964,964,964,964,964,964,964,964,
goal:964,964,964,964,964,964,964,964,964,964,964,964,964,964,964,964,964,964,964,964,964,964,964,964,964,964,964,964,964,964,964,964,964,964,964,964,964,964,964,964,964,964,964,964,964,
size:7
[agent] id:27
path:1015,983,984,952,920,888,887,855,823,791,759,727,695,696,697,698,699,699,699,699,699,699,699,699,699,699,699,699,699,699,699,699,699,699,699,699,699,699,699,699,699,699,699,699,699,
goal:699,699,699,699,699,699,699,699,699,699,699,699,699,699,699,699,699,699,699,699,699,699,699,699,699,699,699,699,699,699,699,699,699,699,699,699,699,699,699,699,699,699,699,699,699,
size:16
[agent] id:28
path:155,187,219,218,217,216,215,214,213,212,211,243,242,241,240,239,207,206,174,173,172,140,139,107,75,74,73,72,71,71,71,71,71,71,71,71,71,71,71,71,71,71,71,71,71,
goal:71,71,71,71,71,71,71,71,71,71,71,71,71,71,71,71,71,71,71,71,71,71,71,71,71,71,71,71,71,71,71,71,71,71,71,71,71,71,71,71,71,71,71,71,71,
size:28
[agent] id:29
path:550,551,552,553,554,555,556,557,558,559,560,561,562,563,564,565,533,534,535,503,503,503,503,503,503,503,503,503,503,503,503,503,503,503,503,503,503,503,503,503,503,503,503,503,503,
goal:503,503,503,503,503,503,503,503,503,503,503,503,503,503,503,503,503,503,503,503,503,503,503,503,503,503,503,503,503,503,503,503,503,503,503,503,503,503,503,503,503,503,503,503,503,
size:19
SolutionCost:583
