[setting] seed:25471
[solver] type:SASB-ECBS
[solver] w:2.000000
[solver] ID:0
[solver] Lowlevelnode:9780
[solver] Highlevelnode:13
[solver] ConflictCount:7
[solver] solved:1
[solver] elapsed:90
[solver] makespan:53
[problem] timesteplimit:15000
[problem] type:MAPF
[problem] agentnum:30
[graph] width:32
[graph] height:32
[graph] filename:./map/32by32_agents10_ex30.map
[task] id:6,start:0,end:0,service time:0,nodes:896,
[task] id:13,start:0,end:0,service time:0,nodes:328,
[task] id:27,start:0,end:0,service time:0,nodes:172,
[task] id:3,start:0,end:0,service time:0,nodes:668,
[task] id:18,start:0,end:0,service time:0,nodes:1010,
[task] id:1,start:0,end:0,service time:0,nodes:524,
[task] id:4,start:0,end:0,service time:0,nodes:470,
[task] id:5,start:0,end:0,service time:0,nodes:355,
[task] id:7,start:0,end:0,service time:0,nodes:57,
[task] id:17,start:0,end:0,service time:0,nodes:833,
[task] id:10,start:0,end:0,service time:0,nodes:236,
[task] id:21,start:0,end:0,service time:0,nodes:854,
[task] id:28,start:0,end:0,service time:0,nodes:419,
[task] id:0,start:0,end:0,service time:0,nodes:132,
[task] id:19,start:0,end:0,service time:0,nodes:374,
[task] id:8,start:0,end:0,service time:0,nodes:912,
[task] id:20,start:0,end:0,service time:0,nodes:689,
[task] id:9,start:0,end:0,service time:0,nodes:286,
[task] id:14,start:0,end:0,service time:0,nodes:269,
[task] id:23,start:0,end:0,service time:0,nodes:485,
[task] id:2,start:0,end:0,service time:0,nodes:144,
[task] id:12,start:0,end:0,service time:0,nodes:734,
[task] id:26,start:0,end:0,service time:0,nodes:656,
[task] id:11,start:0,end:0,service time:0,nodes:702,
[task] id:16,start:0,end:0,service time:0,nodes:609,
[task] id:24,start:0,end:0,service time:0,nodes:274,
[task] id:25,start:0,end:0,service time:0,nodes:75,
[task] id:29,start:0,end:0,service time:0,nodes:93,
[task] id:22,start:0,end:0,service time:0,nodes:729,
[task] id:15,start:0,end:0,service time:0,nodes:4,
[agent] id:0
path:181,213,212,211,243,242,241,240,239,207,206,205,204,203,171,139,138,137,136,135,134,133,132,132,132,132,132,132,132,132,132,132,132,132,132,132,132,132,132,132,132,132,132,132,132,132,132,132,132,132,132,132,132,132,
goal:132,132,132,132,132,132,132,132,132,132,132,132,132,132,132,132,132,132,132,132,132,132,132,132,132,132,132,132,132,132,132,132,132,132,132,132,132,132,132,132,132,132,132,132,132,132,132,132,132,132,132,132,132,132,
size:22
[agent] id:1
path:676,644,612,613,614,582,550,551,552,553,554,555,556,524,524,524,524,524,524,524,524,524,524,524,524,524,524,524,524,524,524,524,524,524,524,524,524,524,524,524,524,524,524,524,524,524,524,524,524,524,524,524,524,524,
goal:524,524,524,524,524,524,524,524,524,524,524,524,524,524,524,524,524,524,524,524,524,524,524,524,524,524,524,524,524,524,524,524,524,524,524,524,524,524,524,524,524,524,524,524,524,524,524,524,524,524,524,524,524,524,
size:13
[agent] id:2
path:823,791,759,727,695,663,631,599,567,535,534,533,501,469,437,405,373,341,309,277,245,213,212,211,210,178,146,145,144,144,144,144,144,144,144,144,144,144,144,144,144,144,144,144,144,144,144,144,144,144,144,144,144,144,
goal:144,144,144,144,144,144,144,144,144,144,144,144,144,144,144,144,144,144,144,144,144,144,144,144,144,144,144,144,144,144,144,144,144,144,144,144,144,144,144,144,144,144,144,144,144,144,144,144,144,144,144,144,144,144,
size:28
[agent] id:3
path:564,596,628,629,630,631,632,633,634,635,667,668,668,668,668,668,668,668,668,668,668,668,668,668,668,668,668,668,668,668,668,668,668,668,668,668,668,668,668,668,668,668,668,668,668,668,668,668,668,668,668,668,668,668,
goal:668,668,668,668,668,668,668,668,668,668,668,668,668,668,668,668,668,668,668,668,668,668,668,668,668,668,668,668,668,668,668,668,668,668,668,668,668,668,668,668,668,668,668,668,668,668,668,668,668,668,668,668,668,668,
size:11
[agent] id:4
path:477,476,508,507,539,538,537,536,535,534,533,501,469,470,470,470,470,470,470,470,470,470,470,470,470,470,470,470,470,470,470,470,470,470,470,470,470,470,470,470,470,470,470,470,470,470,470,470,470,470,470,470,470,470,
goal:470,470,470,470,470,470,470,470,470,470,470,470,470,470,470,470,470,470,470,470,470,470,470,470,470,470,470,470,470,470,470,470,470,470,470,470,470,470,470,470,470,470,470,470,470,470,470,470,470,470,470,470,470,470,
size:13
[agent] id:5
path:525,493,461,429,397,396,395,394,393,392,391,359,358,357,356,355,355,355,355,355,355,355,355,355,355,355,355,355,355,355,355,355,355,355,355,355,355,355,355,355,355,355,355,355,355,355,355,355,355,355,355,355,355,355,
goal:355,355,355,355,355,355,355,355,355,355,355,355,355,355,355,355,355,355,355,355,355,355,355,355,355,355,355,355,355,355,355,355,355,355,355,355,355,355,355,355,355,355,355,355,355,355,355,355,355,355,355,355,355,355,
size:15
[agent] id:6
path:997,965,964,963,931,930,929,928,896,896,896,896,896,896,896,896,896,896,896,896,896,896,896,896,896,896,896,896,896,896,896,896,896,896,896,896,896,896,896,896,896,896,896,896,896,896,896,896,896,896,896,896,896,896,
goal:896,896,896,896,896,896,896,896,896,896,896,896,896,896,896,896,896,896,896,896,896,896,896,896,896,896,896,896,896,896,896,896,896,896,896,896,896,896,896,896,896,896,896,896,896,896,896,896,896,896,896,896,896,896,
size:8
[agent] id:7
path:285,286,287,255,223,191,159,127,95,94,93,92,91,90,58,57,57,57,57,57,57,57,57,57,57,57,57,57,57,57,57,57,57,57,57,57,57,57,57,57,57,57,57,57,57,57,57,57,57,57,57,57,57,57,
goal:57,57,57,57,57,57,57,57,57,57,57,57,57,57,57,57,57,57,57,57,57,57,57,57,57,57,57,57,57,57,57,57,57,57,57,57,57,57,57,57,57,57,57,57,57,57,57,57,57,57,57,57,57,57,
size:15
[agent] id:8
path:640,641,673,705,737,738,770,802,803,835,836,837,838,839,840,841,842,874,875,876,877,878,879,911,912,912,912,912,912,912,912,912,912,912,912,912,912,912,912,912,912,912,912,912,912,912,912,912,912,912,912,912,912,912,
goal:912,912,912,912,912,912,912,912,912,912,912,912,912,912,912,912,912,912,912,912,912,912,912,912,912,912,912,912,912,912,912,912,912,912,912,912,912,912,912,912,912,912,912,912,912,912,912,912,912,912,912,912,912,912,
size:24
[agent] id:9
path:855,823,791,759,727,695,663,631,599,567,535,536,537,538,539,507,508,476,477,478,446,414,413,381,349,317,285,286,286,286,286,286,286,286,286,286,286,286,286,286,286,286,286,286,286,286,286,286,286,286,286,286,286,286,
goal:286,286,286,286,286,286,286,286,286,286,286,286,286,286,286,286,286,286,286,286,286,286,286,286,286,286,286,286,286,286,286,286,286,286,286,286,286,286,286,286,286,286,286,286,286,286,286,286,286,286,286,286,286,286,
size:27
[agent] id:10
path:56,55,54,53,52,84,83,115,114,146,145,144,143,142,174,206,205,204,236,236,236,236,236,236,236,236,236,236,236,236,236,236,236,236,236,236,236,236,236,236,236,236,236,236,236,236,236,236,236,236,236,236,236,236,
goal:236,236,236,236,236,236,236,236,236,236,236,236,236,236,236,236,236,236,236,236,236,236,236,236,236,236,236,236,236,236,236,236,236,236,236,236,236,236,236,236,236,236,236,236,236,236,236,236,236,236,236,236,236,236,
size:18
[agent] id:11
path:803,771,739,707,708,709,710,711,712,713,714,715,716,717,685,686,687,688,689,690,691,692,693,661,662,663,695,696,697,698,699,700,701,702,702,702,702,702,702,702,702,702,702,702,702,702,702,702,702,702,702,702,702,702,
goal:702,702,702,702,702,702,702,702,702,702,702,702,702,702,702,702,702,702,702,702,702,702,702,702,702,702,702,702,702,702,702,702,702,702,702,702,702,702,702,702,702,702,702,702,702,702,702,702,702,702,702,702,702,702,
size:33
[agent] id:12
path:119,151,183,215,247,279,311,312,344,376,408,409,441,473,472,504,536,537,569,570,602,634,635,667,699,700,701,733,734,734,734,734,734,734,734,734,734,734,734,734,734,734,734,734,734,734,734,734,734,734,734,734,734,734,
goal:734,734,734,734,734,734,734,734,734,734,734,734,734,734,734,734,734,734,734,734,734,734,734,734,734,734,734,734,734,734,734,734,734,734,734,734,734,734,734,734,734,734,734,734,734,734,734,734,734,734,734,734,734,734,
size:28
[agent] id:13
path:227,259,260,261,262,263,264,296,328,328,328,328,328,328,328,328,328,328,328,328,328,328,328,328,328,328,328,328,328,328,328,328,328,328,328,328,328,328,328,328,328,328,328,328,328,328,328,328,328,328,328,328,328,328,
goal:328,328,328,328,328,328,328,328,328,328,328,328,328,328,328,328,328,328,328,328,328,328,328,328,328,328,328,328,328,328,328,328,328,328,328,328,328,328,328,328,328,328,328,328,328,328,328,328,328,328,328,328,328,328,
size:8
[agent] id:14
path:972,940,908,876,844,845,846,814,782,750,718,686,654,622,590,558,526,494,493,461,429,397,396,364,332,300,268,269,269,269,269,269,269,269,269,269,269,269,269,269,269,269,269,269,269,269,269,269,269,269,269,269,269,269,
goal:269,269,269,269,269,269,269,269,269,269,269,269,269,269,269,269,269,269,269,269,269,269,269,269,269,269,269,269,269,269,269,269,269,269,269,269,269,269,269,269,269,269,269,269,269,269,269,269,269,269,269,269,269,269,
size:27
[agent] id:15
path:894,893,861,860,859,858,857,825,793,792,760,728,696,664,632,600,599,567,535,534,533,501,469,437,405,373,341,309,308,307,306,274,242,241,240,239,207,206,205,204,203,171,139,107,106,74,42,41,40,39,38,37,5,4,
goal:4,4,4,4,4,4,4,4,4,4,4,4,4,4,4,4,4,4,4,4,4,4,4,4,4,4,4,4,4,4,4,4,4,4,4,4,4,4,4,4,4,4,4,4,4,4,4,4,4,4,4,4,4,4,
size:53
[agent] id:16
path:831,799,798,766,734,702,701,700,699,698,697,696,664,663,662,661,660,659,658,657,656,655,623,622,621,620,619,618,617,616,615,614,613,612,611,610,609,609,609,609,609,609,609,609,609,609,609,609,609,609,609,609,609,609,
goal:609,609,609,609,609,609,609,609,609,609,609,609,609,609,609,609,609,609,609,609,609,609,609,609,609,609,609,609,609,609,609,609,609,609,609,609,609,609,609,609,609,609,609,609,609,609,609,609,609,609,609,609,609,609,
size:36
[agent] id:17
path:685,717,716,715,747,779,811,810,809,808,807,806,805,804,803,802,801,833,833,833,833,833,833,833,833,833,833,833,833,833,833,833,833,833,833,833,833,833,833,833,833,833,833,833,833,833,833,833,833,833,833,833,833,833,
goal:833,833,833,833,833,833,833,833,833,833,833,833,833,833,833,833,833,833,833,833,833,833,833,833,833,833,833,833,833,833,833,833,833,833,833,833,833,833,833,833,833,833,833,833,833,833,833,833,833,833,833,833,833,833,
size:17
[agent] id:18
path:720,752,753,785,786,818,850,882,914,946,978,1010,1010,1010,1010,1010,1010,1010,1010,1010,1010,1010,1010,1010,1010,1010,1010,1010,1010,1010,1010,1010,1010,1010,1010,1010,1010,1010,1010,1010,1010,1010,1010,1010,1010,1010,1010,1010,1010,1010,1010,1010,1010,1010,
goal:1010,1010,1010,1010,1010,1010,1010,1010,1010,1010,1010,1010,1010,1010,1010,1010,1010,1010,1010,1010,1010,1010,1010,1010,1010,1010,1010,1010,1010,1010,1010,1010,1010,1010,1010,1010,1010,1010,1010,1010,1010,1010,1010,1010,1010,1010,1010,1010,1010,1010,1010,1010,1010,1010,
size:11
[agent] id:19
path:884,852,853,821,822,823,791,759,727,695,663,631,599,567,535,534,533,501,469,437,405,373,374,374,374,374,374,374,374,374,374,374,374,374,374,374,374,374,374,374,374,374,374,374,374,374,374,374,374,374,374,374,374,374,
goal:374,374,374,374,374,374,374,374,374,374,374,374,374,374,374,374,374,374,374,374,374,374,374,374,374,374,374,374,374,374,374,374,374,374,374,374,374,374,374,374,374,374,374,374,374,374,374,374,374,374,374,374,374,374,
size:22
[agent] id:20
path:19,51,83,115,114,146,178,210,242,274,306,305,337,369,401,433,465,497,529,561,593,594,626,658,690,689,689,689,689,689,689,689,689,689,689,689,689,689,689,689,689,689,689,689,689,689,689,689,689,689,689,689,689,689,
goal:689,689,689,689,689,689,689,689,689,689,689,689,689,689,689,689,689,689,689,689,689,689,689,689,689,689,689,689,689,689,689,689,689,689,689,689,689,689,689,689,689,689,689,689,689,689,689,689,689,689,689,689,689,689,
size:25
[agent] id:21
path:616,648,680,712,744,776,808,840,841,842,843,844,845,846,847,848,849,850,851,852,853,854,854,854,854,854,854,854,854,854,854,854,854,854,854,854,854,854,854,854,854,854,854,854,854,854,854,854,854,854,854,854,854,854,
goal:854,854,854,854,854,854,854,854,854,854,854,854,854,854,854,854,854,854,854,854,854,854,854,854,854,854,854,854,854,854,854,854,854,854,854,854,854,854,854,854,854,854,854,854,854,854,854,854,854,854,854,854,854,854,
size:21
[agent] id:22
path:256,288,320,352,384,416,448,480,512,544,576,577,609,641,642,643,644,645,646,647,648,649,650,651,652,653,685,686,687,688,720,721,722,723,724,725,726,727,728,729,729,729,729,729,729,729,729,729,729,729,729,729,729,729,
goal:729,729,729,729,729,729,729,729,729,729,729,729,729,729,729,729,729,729,729,729,729,729,729,729,729,729,729,729,729,729,729,729,729,729,729,729,729,729,729,729,729,729,729,729,729,729,729,729,729,729,729,729,729,729,
size:39
[agent] id:23
path:281,313,312,311,310,309,308,307,306,305,304,303,302,301,300,332,364,396,395,394,393,392,424,423,422,454,486,485,485,485,485,485,485,485,485,485,485,485,485,485,485,485,485,485,485,485,485,485,485,485,485,485,485,485,
goal:485,485,485,485,485,485,485,485,485,485,485,485,485,485,485,485,485,485,485,485,485,485,485,485,485,485,485,485,485,485,485,485,485,485,485,485,485,485,485,485,485,485,485,485,485,485,485,485,485,485,485,485,485,485,
size:27
[agent] id:24
path:898,866,867,835,803,771,739,707,708,676,644,612,613,614,582,550,518,486,454,422,390,391,392,393,394,395,396,364,332,300,301,302,303,304,305,273,274,274,274,274,274,274,274,274,274,274,274,274,274,274,274,274,274,274,
goal:274,274,274,274,274,274,274,274,274,274,274,274,274,274,274,274,274,274,274,274,274,274,274,274,274,274,274,274,274,274,274,274,274,274,274,274,274,274,274,274,274,274,274,274,274,274,274,274,274,274,274,274,274,274,
size:36
[agent] id:25
path:793,792,760,728,696,664,664,632,600,599,567,535,534,533,501,469,437,405,373,341,309,308,307,306,274,242,241,240,239,207,206,205,204,203,171,139,107,75,75,75,75,75,75,75,75,75,75,75,75,75,75,75,75,75,
goal:75,75,75,75,75,75,75,75,75,75,75,75,75,75,75,75,75,75,75,75,75,75,75,75,75,75,75,75,75,75,75,75,75,75,75,75,75,75,75,75,75,75,75,75,75,75,75,75,75,75,75,75,75,75,
size:37
[agent] id:26
path:225,257,258,290,322,354,355,356,357,389,421,453,485,517,518,519,551,552,553,554,555,556,557,589,590,622,654,655,656,656,656,656,656,656,656,656,656,656,656,656,656,656,656,656,656,656,656,656,656,656,656,656,656,656,
goal:656,656,656,656,656,656,656,656,656,656,656,656,656,656,656,656,656,656,656,656,656,656,656,656,656,656,656,656,656,656,656,656,656,656,656,656,656,656,656,656,656,656,656,656,656,656,656,656,656,656,656,656,656,656,
size:28
[agent] id:27
path:337,305,273,241,240,239,207,206,174,173,172,172,172,172,172,172,172,172,172,172,172,172,172,172,172,172,172,172,172,172,172,172,172,172,172,172,172,172,172,172,172,172,172,172,172,172,172,172,172,172,172,172,172,172,
goal:172,172,172,172,172,172,172,172,172,172,172,172,172,172,172,172,172,172,172,172,172,172,172,172,172,172,172,172,172,172,172,172,172,172,172,172,172,172,172,172,172,172,172,172,172,172,172,172,172,172,172,172,172,172,
size:10
[agent] id:28
path:657,656,655,623,591,559,527,526,494,493,461,460,459,458,457,456,424,423,422,421,420,419,419,419,419,419,419,419,419,419,419,419,419,419,419,419,419,419,419,419,419,419,419,419,419,419,419,419,419,419,419,419,419,419,
goal:419,419,419,419,419,419,419,419,419,419,419,419,419,419,419,419,419,419,419,419,419,419,419,419,419,419,419,419,419,419,419,419,419,419,419,419,419,419,419,419,419,419,419,419,419,419,419,419,419,419,419,419,419,419,
size:21
[agent] id:29
path:859,858,857,825,793,792,760,728,696,664,632,600,600,599,567,535,503,504,472,473,441,409,377,345,313,281,280,248,216,184,152,120,88,89,90,91,92,93,93,93,93,93,93,93,93,93,93,93,93,93,93,93,93,93,
goal:93,93,93,93,93,93,93,93,93,93,93,93,93,93,93,93,93,93,93,93,93,93,93,93,93,93,93,93,93,93,93,93,93,93,93,93,93,93,93,93,93,93,93,93,93,93,93,93,93,93,93,93,93,93,
size:37
SolutionCost:710
