[setting] seed:2537
[solver] type:SASB-ECBS
[solver] w:2.000000
[solver] ID:0
[solver] Lowlevelnode:4470
[solver] Highlevelnode:17
[solver] ConflictCount:9
[solver] solved:1
[solver] elapsed:34
[solver] makespan:44
[problem] timesteplimit:15000
[problem] type:MAPF
[problem] agentnum:30
[graph] width:32
[graph] height:32
[graph] filename:./map/32by32_agents10_ex30.map
[task] id:3,start:0,end:0,service time:0,nodes:454,
[task] id:19,start:0,end:0,service time:0,nodes:548,
[task] id:13,start:0,end:0,service time:0,nodes:762,
[task] id:16,start:0,end:0,service time:0,nodes:677,
[task] id:25,start:0,end:0,service time:0,nodes:302,
[task] id:11,start:0,end:0,service time:0,nodes:610,
[task] id:24,start:0,end:0,service time:0,nodes:773,
[task] id:14,start:0,end:0,service time:0,nodes:79,
[task] id:5,start:0,end:0,service time:0,nodes:869,
[task] id:9,start:0,end:0,service time:0,nodes:353,
[task] id:0,start:0,end:0,service time:0,nodes:527,
[task] id:7,start:0,end:0,service time:0,nodes:616,
[task] id:29,start:0,end:0,service time:0,nodes:243,
[task] id:22,start:0,end:0,service time:0,nodes:82,
[task] id:8,start:0,end:0,service time:0,nodes:270,
[task] id:17,start:0,end:0,service time:0,nodes:399,
[task] id:1,start:0,end:0,service time:0,nodes:192,
[task] id:20,start:0,end:0,service time:0,nodes:309,
[task] id:23,start:0,end:0,service time:0,nodes:908,
[task] id:28,start:0,end:0,service time:0,nodes:355,
[task] id:10,start:0,end:0,service time:0,nodes:77,
[task] id:26,start:0,end:0,service time:0,nodes:731,
[task] id:2,start:0,end:0,service time:0,nodes:898,
[task] id:4,start:0,end:0,service time:0,nodes:144,
[task] id:6,start:0,end:0,service time:0,nodes:912,
[task] id:12,start:0,end:0,service time:0,nodes:423,
[task] id:21,start:0,end:0,service time:0,nodes:283,
[task] id:18,start:0,end:0,service time:0,nodes:605,
[task] id:27,start:0,end:0,service time:0,nodes:53,
[task] id:15,start:0,end:0,service time:0,nodes:964,
[agent] id:0
path:409,408,407,439,438,437,436,435,467,499,531,530,529,561,529,528,527,527,527,527,527,527,527,527,527,527,527,527,527,527,527,527,527,527,527,527,527,527,527,527,527,527,527,527,527,
goal:527,527,527,527,527,527,527,527,527,527,527,527,527,527,527,527,527,527,527,527,527,527,527,527,527,527,527,527,527,527,527,527,527,527,527,527,527,527,527,527,527,527,527,527,527,
size:16
[agent] id:1
path:177,209,241,240,239,207,206,205,204,203,202,201,200,199,231,230,229,228,227,259,258,257,225,193,192,192,192,192,192,192,192,192,192,192,192,192,192,192,192,192,192,192,192,192,192,
goal:192,192,192,192,192,192,192,192,192,192,192,192,192,192,192,192,192,192,192,192,192,192,192,192,192,192,192,192,192,192,192,192,192,192,192,192,192,192,192,192,192,192,192,192,192,
size:24
[agent] id:2
path:300,332,364,396,428,460,459,458,490,522,554,553,552,584,616,648,680,712,744,776,808,840,872,871,870,902,901,900,899,898,898,898,898,898,898,898,898,898,898,898,898,898,898,898,898,
goal:898,898,898,898,898,898,898,898,898,898,898,898,898,898,898,898,898,898,898,898,898,898,898,898,898,898,898,898,898,898,898,898,898,898,898,898,898,898,898,898,898,898,898,898,898,
size:29
[agent] id:3
path:449,450,451,452,453,454,454,454,454,454,454,454,454,454,454,454,454,454,454,454,454,454,454,454,454,454,454,454,454,454,454,454,454,454,454,454,454,454,454,454,454,454,454,454,454,
goal:454,454,454,454,454,454,454,454,454,454,454,454,454,454,454,454,454,454,454,454,454,454,454,454,454,454,454,454,454,454,454,454,454,454,454,454,454,454,454,454,454,454,454,454,454,
size:5
[agent] id:4
path:797,765,733,701,669,637,605,604,603,571,539,538,537,536,535,534,533,501,469,437,405,373,341,309,277,245,213,212,211,210,178,146,145,144,144,144,144,144,144,144,144,144,144,144,144,
goal:144,144,144,144,144,144,144,144,144,144,144,144,144,144,144,144,144,144,144,144,144,144,144,144,144,144,144,144,144,144,144,144,144,144,144,144,144,144,144,144,144,144,144,144,144,
size:33
[agent] id:5
path:882,881,880,879,878,877,876,875,874,842,841,840,872,871,870,869,869,869,869,869,869,869,869,869,869,869,869,869,869,869,869,869,869,869,869,869,869,869,869,869,869,869,869,869,869,
goal:869,869,869,869,869,869,869,869,869,869,869,869,869,869,869,869,869,869,869,869,869,869,869,869,869,869,869,869,869,869,869,869,869,869,869,869,869,869,869,869,869,869,869,869,869,
size:15
[agent] id:6
path:53,52,84,83,115,114,146,178,210,242,274,306,305,337,369,401,433,465,497,529,561,593,594,626,658,690,722,754,786,818,850,882,914,913,912,912,912,912,912,912,912,912,912,912,912,
goal:912,912,912,912,912,912,912,912,912,912,912,912,912,912,912,912,912,912,912,912,912,912,912,912,912,912,912,912,912,912,912,912,912,912,912,912,912,912,912,912,912,912,912,912,912,
size:34
[agent] id:7
path:228,260,292,293,294,326,358,390,422,421,453,485,517,549,550,582,614,615,616,616,616,616,616,616,616,616,616,616,616,616,616,616,616,616,616,616,616,616,616,616,616,616,616,616,616,
goal:616,616,616,616,616,616,616,616,616,616,616,616,616,616,616,616,616,616,616,616,616,616,616,616,616,616,616,616,616,616,616,616,616,616,616,616,616,616,616,616,616,616,616,616,616,
size:18
[agent] id:8
path:539,538,537,536,535,534,533,501,469,437,405,373,341,309,308,307,306,305,304,303,271,270,270,270,270,270,270,270,270,270,270,270,270,270,270,270,270,270,270,270,270,270,270,270,270,
goal:270,270,270,270,270,270,270,270,270,270,270,270,270,270,270,270,270,270,270,270,270,270,270,270,270,270,270,270,270,270,270,270,270,270,270,270,270,270,270,270,270,270,270,270,270,
size:21
[agent] id:9
path:38,70,69,101,133,165,197,229,261,260,259,258,290,322,354,353,353,353,353,353,353,353,353,353,353,353,353,353,353,353,353,353,353,353,353,353,353,353,353,353,353,353,353,353,353,
goal:353,353,353,353,353,353,353,353,353,353,353,353,353,353,353,353,353,353,353,353,353,353,353,353,353,353,353,353,353,353,353,353,353,353,353,353,353,353,353,353,353,353,353,353,353,
size:15
[agent] id:10
path:567,535,534,534,533,501,500,468,436,435,403,402,401,400,368,336,336,304,303,271,239,207,206,174,142,110,78,77,77,77,77,77,77,77,77,77,77,77,77,77,77,77,77,77,77,
goal:77,77,77,77,77,77,77,77,77,77,77,77,77,77,77,77,77,77,77,77,77,77,77,77,77,77,77,77,77,77,77,77,77,77,77,77,77,77,77,77,77,77,77,77,77,
size:27
[agent] id:11
path:456,424,423,422,454,486,518,550,582,614,613,612,611,610,610,610,610,610,610,610,610,610,610,610,610,610,610,610,610,610,610,610,610,610,610,610,610,610,610,610,610,610,610,610,610,
goal:610,610,610,610,610,610,610,610,610,610,610,610,610,610,610,610,610,610,610,610,610,610,610,610,610,610,610,610,610,610,610,610,610,610,610,610,610,610,610,610,610,610,610,610,610,
size:13
[agent] id:12
path:1019,987,986,985,953,921,920,888,887,855,823,791,759,727,695,663,631,599,567,566,565,564,563,562,561,560,559,558,526,494,493,461,460,459,458,457,456,424,423,423,423,423,423,423,423,
goal:423,423,423,423,423,423,423,423,423,423,423,423,423,423,423,423,423,423,423,423,423,423,423,423,423,423,423,423,423,423,423,423,423,423,423,423,423,423,423,423,423,423,423,423,423,
size:38
[agent] id:13
path:925,893,861,860,859,858,857,825,793,794,762,762,762,762,762,762,762,762,762,762,762,762,762,762,762,762,762,762,762,762,762,762,762,762,762,762,762,762,762,762,762,762,762,762,762,
goal:762,762,762,762,762,762,762,762,762,762,762,762,762,762,762,762,762,762,762,762,762,762,762,762,762,762,762,762,762,762,762,762,762,762,762,762,762,762,762,762,762,762,762,762,762,
size:10
[agent] id:14
path:263,231,199,200,201,202,203,171,172,173,174,142,110,78,79,79,79,79,79,79,79,79,79,79,79,79,79,79,79,79,79,79,79,79,79,79,79,79,79,79,79,79,79,79,79,
goal:79,79,79,79,79,79,79,79,79,79,79,79,79,79,79,79,79,79,79,79,79,79,79,79,79,79,79,79,79,79,79,79,79,79,79,79,79,79,79,79,79,79,79,79,79,
size:14
[agent] id:15
path:51,83,115,114,146,178,210,242,274,306,305,337,369,401,433,465,497,529,561,593,592,591,623,655,687,686,718,750,782,814,846,878,877,909,941,940,939,938,937,936,935,967,966,965,964,
goal:964,964,964,964,964,964,964,964,964,964,964,964,964,964,964,964,964,964,964,964,964,964,964,964,964,964,964,964,964,964,964,964,964,964,964,964,964,964,964,964,964,964,964,964,964,
size:44
[agent] id:16
path:358,390,422,454,486,518,550,582,614,646,678,677,677,677,677,677,677,677,677,677,677,677,677,677,677,677,677,677,677,677,677,677,677,677,677,677,677,677,677,677,677,677,677,677,677,
goal:677,677,677,677,677,677,677,677,677,677,677,677,677,677,677,677,677,677,677,677,677,677,677,677,677,677,677,677,677,677,677,677,677,677,677,677,677,677,677,677,677,677,677,677,677,
size:11
[agent] id:17
path:582,550,551,552,553,554,555,556,557,558,559,527,528,529,497,498,466,434,402,401,400,399,399,399,399,399,399,399,399,399,399,399,399,399,399,399,399,399,399,399,399,399,399,399,399,
goal:399,399,399,399,399,399,399,399,399,399,399,399,399,399,399,399,399,399,399,399,399,399,399,399,399,399,399,399,399,399,399,399,399,399,399,399,399,399,399,399,399,399,399,399,399,
size:21
[agent] id:18
path:928,929,930,898,866,867,835,803,771,739,707,708,676,644,645,646,647,648,649,650,651,652,653,654,655,656,657,658,626,627,628,629,630,631,632,633,634,602,603,604,605,605,605,605,605,
goal:605,605,605,605,605,605,605,605,605,605,605,605,605,605,605,605,605,605,605,605,605,605,605,605,605,605,605,605,605,605,605,605,605,605,605,605,605,605,605,605,605,605,605,605,605,
size:40
[agent] id:19
path:737,705,673,641,609,577,578,579,547,548,548,548,548,548,548,548,548,548,548,548,548,548,548,548,548,548,548,548,548,548,548,548,548,548,548,548,548,548,548,548,548,548,548,548,548,
goal:548,548,548,548,548,548,548,548,548,548,548,548,548,548,548,548,548,548,548,548,548,548,548,548,548,548,548,548,548,548,548,548,548,548,548,548,548,548,548,548,548,548,548,548,548,
size:9
[agent] id:20
path:453,421,389,390,391,392,393,394,395,396,364,332,300,301,269,270,271,239,240,241,273,305,306,307,308,309,309,309,309,309,309,309,309,309,309,309,309,309,309,309,309,309,309,309,309,
goal:309,309,309,309,309,309,309,309,309,309,309,309,309,309,309,309,309,309,309,309,309,309,309,309,309,309,309,309,309,309,309,309,309,309,309,309,309,309,309,309,309,309,309,309,309,
size:25
[agent] id:21
path:576,577,578,579,547,548,549,517,518,519,520,521,522,554,555,556,557,558,559,560,528,529,497,465,433,434,435,436,437,405,373,374,375,376,377,378,379,347,315,283,283,283,283,283,283,
goal:283,283,283,283,283,283,283,283,283,283,283,283,283,283,283,283,283,283,283,283,283,283,283,283,283,283,283,283,283,283,283,283,283,283,283,283,283,283,283,283,283,283,283,283,283,
size:39
[agent] id:22
path:629,597,565,533,501,469,437,405,373,341,309,277,245,213,212,211,210,178,146,114,82,82,82,82,82,82,82,82,82,82,82,82,82,82,82,82,82,82,82,82,82,82,82,82,82,
goal:82,82,82,82,82,82,82,82,82,82,82,82,82,82,82,82,82,82,82,82,82,82,82,82,82,82,82,82,82,82,82,82,82,82,82,82,82,82,82,82,82,82,82,82,82,
size:20
[agent] id:23
path:241,273,305,337,369,401,433,465,497,529,561,593,592,591,623,655,687,686,718,750,782,814,846,878,877,909,908,908,908,908,908,908,908,908,908,908,908,908,908,908,908,908,908,908,908,
goal:908,908,908,908,908,908,908,908,908,908,908,908,908,908,908,908,908,908,908,908,908,908,908,908,908,908,908,908,908,908,908,908,908,908,908,908,908,908,908,908,908,908,908,908,908,
size:26
[agent] id:24
path:423,422,454,486,518,550,582,614,646,678,710,742,774,773,773,773,773,773,773,773,773,773,773,773,773,773,773,773,773,773,773,773,773,773,773,773,773,773,773,773,773,773,773,773,773,
goal:773,773,773,773,773,773,773,773,773,773,773,773,773,773,773,773,773,773,773,773,773,773,773,773,773,773,773,773,773,773,773,773,773,773,773,773,773,773,773,773,773,773,773,773,773,
size:13
[agent] id:25
path:556,524,525,493,461,429,397,396,364,332,300,301,302,302,302,302,302,302,302,302,302,302,302,302,302,302,302,302,302,302,302,302,302,302,302,302,302,302,302,302,302,302,302,302,302,
goal:302,302,302,302,302,302,302,302,302,302,302,302,302,302,302,302,302,302,302,302,302,302,302,302,302,302,302,302,302,302,302,302,302,302,302,302,302,302,302,302,302,302,302,302,302,
size:12
[agent] id:26
path:23,55,87,119,151,183,215,247,279,311,312,344,376,408,409,441,473,472,504,536,537,569,570,602,634,635,667,699,731,731,731,731,731,731,731,731,731,731,731,731,731,731,731,731,731,
goal:731,731,731,731,731,731,731,731,731,731,731,731,731,731,731,731,731,731,731,731,731,731,731,731,731,731,731,731,731,731,731,731,731,731,731,731,731,731,731,731,731,731,731,731,731,
size:28
[agent] id:27
path:838,806,774,742,710,678,646,647,615,583,551,519,520,521,489,457,458,426,427,395,396,364,332,300,268,236,204,172,173,174,142,110,111,112,80,48,49,50,51,52,53,53,53,53,53,
goal:53,53,53,53,53,53,53,53,53,53,53,53,53,53,53,53,53,53,53,53,53,53,53,53,53,53,53,53,53,53,53,53,53,53,53,53,53,53,53,53,53,53,53,53,53,
size:40
[agent] id:28
path:691,659,627,626,594,562,530,529,528,527,526,494,493,461,429,397,396,395,394,393,392,391,359,358,357,356,355,355,355,355,355,355,355,355,355,355,355,355,355,355,355,355,355,355,355,
goal:355,355,355,355,355,355,355,355,355,355,355,355,355,355,355,355,355,355,355,355,355,355,355,355,355,355,355,355,355,355,355,355,355,355,355,355,355,355,355,355,355,355,355,355,355,
size:26
[agent] id:29
path:662,630,598,566,534,533,501,469,437,405,373,341,309,277,245,213,212,211,243,243,243,243,243,243,243,243,243,243,243,243,243,243,243,243,243,243,243,243,243,243,243,243,243,243,243,
goal:243,243,243,243,243,243,243,243,243,243,243,243,243,243,243,243,243,243,243,243,243,243,243,243,243,243,243,243,243,243,243,243,243,243,243,243,243,243,243,243,243,243,243,243,243,
size:18
SolutionCost:684
