[setting] seed:5373
[solver] type:SASB-ECBS
[solver] w:2.000000
[solver] ID:0
[solver] Lowlevelnode:6958
[solver] Highlevelnode:27
[solver] ConflictCount:14
[solver] solved:1
[solver] elapsed:40
[solver] makespan:38
[problem] timesteplimit:15000
[problem] type:MAPF
[problem] agentnum:30
[graph] width:32
[graph] height:32
[graph] filename:./map/32by32_agents10_ex30.map
[task] id:0,start:0,end:0,service time:0,nodes:1016,
[task] id:1,start:0,end:0,service time:0,nodes:798,
[task] id:6,start:0,end:0,service time:0,nodes:520,
[task] id:16,start:0,end:0,service time:0,nodes:270,
[task] id:21,start:0,end:0,service time:0,nodes:494,
[task] id:20,start:0,end:0,service time:0,nodes:606,
[task] id:25,start:0,end:0,service time:0,nodes:882,
[task] id:17,start:0,end:0,service time:0,nodes:835,
[task] id:5,start:0,end:0,service time:0,nodes:119,
[task] id:14,start:0,end:0,service time:0,nodes:773,
[task] id:8,start:0,end:0,service time:0,nodes:782,
[task] id:12,start:0,end:0,service time:0,nodes:293,
[task] id:15,start:0,end:0,service time:0,nodes:551,
[task] id:24,start:0,end:0,service time:0,nodes:967,
[task] id:13,start:0,end:0,service time:0,nodes:973,
[task] id:4,start:0,end:0,service time:0,nodes:400,
[task] id:2,start:0,end:0,service time:0,nodes:634,
[task] id:9,start:0,end:0,service time:0,nodes:453,
[task] id:3,start:0,end:0,service time:0,nodes:207,
[task] id:28,start:0,end:0,service time:0,nodes:825,
[task] id:11,start:0,end:0,service time:0,nodes:228,
[task] id:22,start:0,end:0,service time:0,nodes:796,
[task] id:19,start:0,end:0,service time:0,nodes:81,
[task] id:10,start:0,end:0,service time:0,nodes:983,
[task] id:26,start:0,end:0,service time:0,nodes:438,
[task] id:29,start:0,end:0,service time:0,nodes:807,
[task] id:7,start:0,end:0,service time:0,nodes:73,
[task] id:27,start:0,end:0,service time:0,nodes:10,
[task] id:23,start:0,end:0,service time:0,nodes:262,
[task] id:18,start:0,end:0,service time:0,nodes:939,
[agent] id:0
path:915,883,884,885,886,918,950,982,983,1015,1016,1016,1016,1016,1016,1016,1016,1016,1016,1016,1016,1016,1016,1016,1016,1016,1016,1016,1016,1016,1016,1016,1016,1016,1016,1016,1016,1016,1016,
goal:1016,1016,1016,1016,1016,1016,1016,1016,1016,1016,1016,1016,1016,1016,1016,1016,1016,1016,1016,1016,1016,1016,1016,1016,1016,1016,1016,1016,1016,1016,1016,1016,1016,1016,1016,1016,1016,1016,1016,
size:10
[agent] id:1
path:724,725,757,758,759,791,792,793,794,795,796,797,798,798,798,798,798,798,798,798,798,798,798,798,798,798,798,798,798,798,798,798,798,798,798,798,798,798,798,
goal:798,798,798,798,798,798,798,798,798,798,798,798,798,798,798,798,798,798,798,798,798,798,798,798,798,798,798,798,798,798,798,798,798,798,798,798,798,798,798,
size:12
[agent] id:2
path:518,550,551,552,553,521,522,554,555,556,557,589,590,591,592,593,594,626,627,628,629,630,631,632,633,634,634,634,634,634,634,634,634,634,634,634,634,634,634,
goal:634,634,634,634,634,634,634,634,634,634,634,634,634,634,634,634,634,634,634,634,634,634,634,634,634,634,634,634,634,634,634,634,634,634,634,634,634,634,634,
size:25
[agent] id:3
path:847,846,814,782,750,718,686,654,622,590,558,526,494,493,461,429,397,396,364,332,300,268,236,204,205,206,207,207,207,207,207,207,207,207,207,207,207,207,207,
goal:207,207,207,207,207,207,207,207,207,207,207,207,207,207,207,207,207,207,207,207,207,207,207,207,207,207,207,207,207,207,207,207,207,207,207,207,207,207,207,
size:26
[agent] id:4
path:671,639,607,606,605,604,603,571,539,538,537,536,535,534,533,501,469,437,436,435,403,402,401,400,400,400,400,400,400,400,400,400,400,400,400,400,400,400,400,
goal:400,400,400,400,400,400,400,400,400,400,400,400,400,400,400,400,400,400,400,400,400,400,400,400,400,400,400,400,400,400,400,400,400,400,400,400,400,400,400,
size:23
[agent] id:5
path:203,204,205,206,207,239,240,241,209,210,211,212,213,181,182,150,151,119,119,119,119,119,119,119,119,119,119,119,119,119,119,119,119,119,119,119,119,119,119,
goal:119,119,119,119,119,119,119,119,119,119,119,119,119,119,119,119,119,119,119,119,119,119,119,119,119,119,119,119,119,119,119,119,119,119,119,119,119,119,119,
size:17
[agent] id:6
path:231,263,262,294,326,358,390,422,454,486,518,519,520,520,520,520,520,520,520,520,520,520,520,520,520,520,520,520,520,520,520,520,520,520,520,520,520,520,520,
goal:520,520,520,520,520,520,520,520,520,520,520,520,520,520,520,520,520,520,520,520,520,520,520,520,520,520,520,520,520,520,520,520,520,520,520,520,520,520,520,
size:12
[agent] id:7
path:933,901,869,837,805,773,741,709,677,645,613,614,582,550,518,486,454,422,390,358,326,294,262,230,231,199,167,135,103,71,72,73,73,73,73,73,73,73,73,
goal:73,73,73,73,73,73,73,73,73,73,73,73,73,73,73,73,73,73,73,73,73,73,73,73,73,73,73,73,73,73,73,73,73,73,73,73,73,73,73,
size:31
[agent] id:8
path:900,900,901,902,934,935,936,937,938,906,874,875,876,877,878,878,846,814,782,782,782,782,782,782,782,782,782,782,782,782,782,782,782,782,782,782,782,782,782,
goal:782,782,782,782,782,782,782,782,782,782,782,782,782,782,782,782,782,782,782,782,782,782,782,782,782,782,782,782,782,782,782,782,782,782,782,782,782,782,782,
size:18
[agent] id:9
path:214,213,245,277,309,308,307,306,305,304,303,302,301,300,332,364,396,395,394,393,392,424,423,422,454,453,453,453,453,453,453,453,453,453,453,453,453,453,453,
goal:453,453,453,453,453,453,453,453,453,453,453,453,453,453,453,453,453,453,453,453,453,453,453,453,453,453,453,453,453,453,453,453,453,453,453,453,453,453,453,
size:25
[agent] id:10
path:242,274,306,305,337,369,401,433,465,497,529,561,593,594,626,658,690,722,754,786,818,850,851,883,884,885,886,918,950,982,983,983,983,983,983,983,983,983,983,
goal:983,983,983,983,983,983,983,983,983,983,983,983,983,983,983,983,983,983,983,983,983,983,983,983,983,983,983,983,983,983,983,983,983,983,983,983,983,983,983,
size:30
[agent] id:11
path:659,627,626,594,562,530,529,528,527,526,494,493,461,429,397,396,395,394,393,392,391,359,358,326,294,262,230,229,228,228,228,228,228,228,228,228,228,228,228,
goal:228,228,228,228,228,228,228,228,228,228,228,228,228,228,228,228,228,228,228,228,228,228,228,228,228,228,228,228,228,228,228,228,228,228,228,228,228,228,228,
size:28
[agent] id:12
path:649,617,616,584,552,520,519,487,486,485,453,421,389,357,357,358,326,294,293,293,293,293,293,293,293,293,293,293,293,293,293,293,293,293,293,293,293,293,293,
goal:293,293,293,293,293,293,293,293,293,293,293,293,293,293,293,293,293,293,293,293,293,293,293,293,293,293,293,293,293,293,293,293,293,293,293,293,293,293,293,
size:18
[agent] id:13
path:599,631,663,695,727,759,791,823,855,887,886,885,884,883,915,914,946,945,944,943,942,974,973,973,973,973,973,973,973,973,973,973,973,973,973,973,973,973,973,
goal:973,973,973,973,973,973,973,973,973,973,973,973,973,973,973,973,973,973,973,973,973,973,973,973,973,973,973,973,973,973,973,973,973,973,973,973,973,973,973,
size:22
[agent] id:14
path:460,459,458,490,522,554,553,552,584,616,648,680,712,744,776,775,774,773,773,773,773,773,773,773,773,773,773,773,773,773,773,773,773,773,773,773,773,773,773,
goal:773,773,773,773,773,773,773,773,773,773,773,773,773,773,773,773,773,773,773,773,773,773,773,773,773,773,773,773,773,773,773,773,773,773,773,773,773,773,773,
size:17
[agent] id:15
path:786,754,722,690,658,626,594,562,561,560,559,558,557,556,555,554,553,552,551,551,551,551,551,551,551,551,551,551,551,551,551,551,551,551,551,551,551,551,551,
goal:551,551,551,551,551,551,551,551,551,551,551,551,551,551,551,551,551,551,551,551,551,551,551,551,551,551,551,551,551,551,551,551,551,551,551,551,551,551,551,
size:18
[agent] id:16
path:438,406,374,342,310,309,308,307,306,305,304,303,271,270,270,270,270,270,270,270,270,270,270,270,270,270,270,270,270,270,270,270,270,270,270,270,270,270,270,
goal:270,270,270,270,270,270,270,270,270,270,270,270,270,270,270,270,270,270,270,270,270,270,270,270,270,270,270,270,270,270,270,270,270,270,270,270,270,270,270,
size:13
[agent] id:17
path:942,941,909,877,845,844,843,842,841,809,808,840,839,838,837,836,835,835,835,835,835,835,835,835,835,835,835,835,835,835,835,835,835,835,835,835,835,835,835,
goal:835,835,835,835,835,835,835,835,835,835,835,835,835,835,835,835,835,835,835,835,835,835,835,835,835,835,835,835,835,835,835,835,835,835,835,835,835,835,835,
size:16
[agent] id:18
path:152,184,216,248,280,312,344,376,408,407,439,438,470,469,501,500,499,531,563,562,594,626,658,690,722,754,786,818,850,849,881,913,945,944,943,942,941,940,939,
goal:939,939,939,939,939,939,939,939,939,939,939,939,939,939,939,939,939,939,939,939,939,939,939,939,939,939,939,939,939,939,939,939,939,939,939,939,939,939,939,
size:38
[agent] id:19
path:760,728,727,726,725,693,661,629,628,627,626,594,562,561,561,529,497,465,433,401,369,337,305,273,241,209,177,145,113,81,81,81,81,81,81,81,81,81,81,
goal:81,81,81,81,81,81,81,81,81,81,81,81,81,81,81,81,81,81,81,81,81,81,81,81,81,81,81,81,81,81,81,81,81,81,81,81,81,81,81,
size:29
[agent] id:20
path:376,408,409,441,473,472,504,536,537,569,570,602,603,604,605,606,606,606,606,606,606,606,606,606,606,606,606,606,606,606,606,606,606,606,606,606,606,606,606,
goal:606,606,606,606,606,606,606,606,606,606,606,606,606,606,606,606,606,606,606,606,606,606,606,606,606,606,606,606,606,606,606,606,606,606,606,606,606,606,606,
size:15
[agent] id:21
path:486,487,519,520,521,522,554,555,556,524,525,525,526,526,494,494,494,494,494,494,494,494,494,494,494,494,494,494,494,494,494,494,494,494,494,494,494,494,494,
goal:494,494,494,494,494,494,494,494,494,494,494,494,494,494,494,494,494,494,494,494,494,494,494,494,494,494,494,494,494,494,494,494,494,494,494,494,494,494,494,
size:14
[agent] id:22
path:222,223,255,287,286,318,317,349,381,413,414,446,478,477,509,508,540,539,571,603,635,667,699,700,701,733,765,797,796,796,796,796,796,796,796,796,796,796,796,
goal:796,796,796,796,796,796,796,796,796,796,796,796,796,796,796,796,796,796,796,796,796,796,796,796,796,796,796,796,796,796,796,796,796,796,796,796,796,796,796,
size:28
[agent] id:23
path:698,697,696,664,663,662,662,661,660,659,658,657,656,655,623,591,559,558,557,556,555,554,522,490,458,426,394,393,392,391,359,358,326,294,262,262,262,262,262,
goal:262,262,262,262,262,262,262,262,262,262,262,262,262,262,262,262,262,262,262,262,262,262,262,262,262,262,262,262,262,262,262,262,262,262,262,262,262,262,262,
size:34
[agent] id:24
path:853,852,851,883,915,914,946,945,944,943,942,941,940,939,938,937,936,935,967,967,967,967,967,967,967,967,967,967,967,967,967,967,967,967,967,967,967,967,967,
goal:967,967,967,967,967,967,967,967,967,967,967,967,967,967,967,967,967,967,967,967,967,967,967,967,967,967,967,967,967,967,967,967,967,967,967,967,967,967,967,
size:18
[agent] id:25
path:600,632,664,663,695,727,759,791,823,855,887,886,885,884,883,882,882,882,882,882,882,882,882,882,882,882,882,882,882,882,882,882,882,882,882,882,882,882,882,
goal:882,882,882,882,882,882,882,882,882,882,882,882,882,882,882,882,882,882,882,882,882,882,882,882,882,882,882,882,882,882,882,882,882,882,882,882,882,882,882,
size:15
[agent] id:26
path:1002,970,938,906,874,842,810,778,779,747,715,683,651,619,620,621,589,557,525,526,527,528,529,497,465,433,434,435,436,437,438,438,438,438,438,438,438,438,438,
goal:438,438,438,438,438,438,438,438,438,438,438,438,438,438,438,438,438,438,438,438,438,438,438,438,438,438,438,438,438,438,438,438,438,438,438,438,438,438,438,
size:30
[agent] id:27
path:716,717,685,653,621,589,557,525,493,461,429,397,396,364,396,428,428,428,396,364,332,300,268,236,204,172,140,139,107,75,74,42,10,10,10,10,10,10,10,
goal:10,10,10,10,10,10,10,10,10,10,10,10,10,10,10,10,10,10,10,10,10,10,10,10,10,10,10,10,10,10,10,10,10,10,10,10,10,10,10,
size:32
[agent] id:28
path:930,898,866,867,835,836,837,838,839,840,841,842,843,844,845,846,847,848,849,850,851,852,853,821,822,823,824,825,825,825,825,825,825,825,825,825,825,825,825,
goal:825,825,825,825,825,825,825,825,825,825,825,825,825,825,825,825,825,825,825,825,825,825,825,825,825,825,825,825,825,825,825,825,825,825,825,825,825,825,825,
size:27
[agent] id:29
path:4,36,68,69,101,133,165,197,229,261,293,294,326,358,390,422,421,453,485,517,549,550,582,614,646,678,710,742,774,806,807,807,807,807,807,807,807,807,807,
goal:807,807,807,807,807,807,807,807,807,807,807,807,807,807,807,807,807,807,807,807,807,807,807,807,807,807,807,807,807,807,807,807,807,807,807,807,807,807,807,
size:30
SolutionCost:671
