[setting] seed:15613
[solver] type:SASB-ECBS
[solver] w:2.000000
[solver] ID:0
[solver] Lowlevelnode:14470
[solver] Highlevelnode:17
[solver] ConflictCount:9
[solver] solved:1
[solver] elapsed:111
[solver] makespan:44
[problem] timesteplimit:15000
[problem] type:MAPF
[problem] agentnum:30
[graph] width:32
[graph] height:32
[graph] filename:./map/32by32_agents10_ex30.map
[task] id:6,start:0,end:0,service time:0,nodes:383,
[task] id:20,start:0,end:0,service time:0,nodes:697,
[task] id:19,start:0,end:0,service time:0,nodes:212,
[task] id:2,start:0,end:0,service time:0,nodes:806,
[task] id:5,start:0,end:0,service time:0,nodes:509,
[task] id:24,start:0,end:0,service time:0,nodes:800,
[task] id:14,start:0,end:0,service time:0,nodes:669,
[task] id:1,start:0,end:0,service time:0,nodes:989,
[task] id:3,start:0,end:0,service time:0,nodes:535,
[task] id:4,start:0,end:0,service time:0,nodes:996,
[task] id:8,start:0,end:0,service time:0,nodes:203,
[task] id:11,start:0,end:0,service time:0,nodes:881,
[task] id:15,start:0,end:0,service time:0,nodes:660,
[task] id:22,start:0,end:0,service time:0,nodes:57,
[task] id:26,start:0,end:0,service time:0,nodes:797,
[task] id:10,start:0,end:0,service time:0,nodes:67,
[task] id:18,start:0,end:0,service time:0,nodes:441,
[task] id:25,start:0,end:0,service time:0,nodes:331,
[task] id:7,start:0,end:0,service time:0,nodes:921,
[task] id:12,start:0,end:0,service time:0,nodes:256,
[task] id:13,start:0,end:0,service time:0,nodes:155,
[task] id:17,start:0,end:0,service time:0,nodes:857,
[task] id:21,start:0,end:0,service time:0,nodes:709,
[task] id:9,start:0,end:0,service time:0,nodes:883,
[task] id:29,start:0,end:0,service time:0,nodes:183,
[task] id:16,start:0,end:0,service time:0,nodes:27,
[task] id:23,start:0,end:0,service time:0,nodes:707,
[task] id:27,start:0,end:0,service time:0,nodes:861,
[task] id:0,start:0,end:0,service time:0,nodes:955,
[task] id:28,start:0,end:0,service time:0,nodes:248,
[agent] id:0
path:480,512,544,576,577,609,641,673,705,737,738,770,802,803,835,836,837,838,839,840,841,842,843,844,845,846,847,848,849,850,851,852,884,885,886,918,950,982,983,984,985,986,987,955,955,
goal:955,955,955,955,955,955,955,955,955,955,955,955,955,955,955,955,955,955,955,955,955,955,955,955,955,955,955,955,955,955,955,955,955,955,955,955,955,955,955,955,955,955,955,955,955,
size:43
[agent] id:1
path:669,701,733,765,797,798,830,831,863,895,927,959,991,990,989,989,989,989,989,989,989,989,989,989,989,989,989,989,989,989,989,989,989,989,989,989,989,989,989,989,989,989,989,989,989,
goal:989,989,989,989,989,989,989,989,989,989,989,989,989,989,989,989,989,989,989,989,989,989,989,989,989,989,989,989,989,989,989,989,989,989,989,989,989,989,989,989,989,989,989,989,989,
size:14
[agent] id:2
path:553,552,584,616,615,647,679,711,743,775,807,806,806,806,806,806,806,806,806,806,806,806,806,806,806,806,806,806,806,806,806,806,806,806,806,806,806,806,806,806,806,806,806,806,806,
goal:806,806,806,806,806,806,806,806,806,806,806,806,806,806,806,806,806,806,806,806,806,806,806,806,806,806,806,806,806,806,806,806,806,806,806,806,806,806,806,806,806,806,806,806,806,
size:11
[agent] id:3
path:186,218,217,216,248,280,312,344,376,408,409,441,473,472,504,536,535,535,535,535,535,535,535,535,535,535,535,535,535,535,535,535,535,535,535,535,535,535,535,535,535,535,535,535,535,
goal:535,535,535,535,535,535,535,535,535,535,535,535,535,535,535,535,535,535,535,535,535,535,535,535,535,535,535,535,535,535,535,535,535,535,535,535,535,535,535,535,535,535,535,535,535,
size:16
[agent] id:4
path:715,747,779,811,843,875,907,939,938,937,936,935,967,999,998,997,996,996,996,996,996,996,996,996,996,996,996,996,996,996,996,996,996,996,996,996,996,996,996,996,996,996,996,996,996,
goal:996,996,996,996,996,996,996,996,996,996,996,996,996,996,996,996,996,996,996,996,996,996,996,996,996,996,996,996,996,996,996,996,996,996,996,996,996,996,996,996,996,996,996,996,996,
size:16
[agent] id:5
path:662,630,598,566,534,535,536,537,538,539,507,508,509,509,509,509,509,509,509,509,509,509,509,509,509,509,509,509,509,509,509,509,509,509,509,509,509,509,509,509,509,509,509,509,509,
goal:509,509,509,509,509,509,509,509,509,509,509,509,509,509,509,509,509,509,509,509,509,509,509,509,509,509,509,509,509,509,509,509,509,509,509,509,509,509,509,509,509,509,509,509,509,
size:12
[agent] id:6
path:351,383,383,383,383,383,383,383,383,383,383,383,383,383,383,383,383,383,383,383,383,383,383,383,383,383,383,383,383,383,383,383,383,383,383,383,383,383,383,383,383,383,383,383,383,
goal:383,383,383,383,383,383,383,383,383,383,383,383,383,383,383,383,383,383,383,383,383,383,383,383,383,383,383,383,383,383,383,383,383,383,383,383,383,383,383,383,383,383,383,383,383,
size:1
[agent] id:7
path:216,248,280,312,344,376,408,409,441,473,472,504,536,535,567,599,631,663,695,727,759,791,823,855,887,919,920,921,921,921,921,921,921,921,921,921,921,921,921,921,921,921,921,921,921,
goal:921,921,921,921,921,921,921,921,921,921,921,921,921,921,921,921,921,921,921,921,921,921,921,921,921,921,921,921,921,921,921,921,921,921,921,921,921,921,921,921,921,921,921,921,921,
size:27
[agent] id:8
path:419,420,421,389,357,358,326,294,262,263,263,231,199,200,201,202,203,203,203,203,203,203,203,203,203,203,203,203,203,203,203,203,203,203,203,203,203,203,203,203,203,203,203,203,203,
goal:203,203,203,203,203,203,203,203,203,203,203,203,203,203,203,203,203,203,203,203,203,203,203,203,203,203,203,203,203,203,203,203,203,203,203,203,203,203,203,203,203,203,203,203,203,
size:16
[agent] id:9
path:119,151,183,215,247,279,311,310,342,374,406,438,470,469,501,533,565,597,629,661,693,725,724,723,755,754,786,818,850,882,883,883,883,883,883,883,883,883,883,883,883,883,883,883,883,
goal:883,883,883,883,883,883,883,883,883,883,883,883,883,883,883,883,883,883,883,883,883,883,883,883,883,883,883,883,883,883,883,883,883,883,883,883,883,883,883,883,883,883,883,883,883,
size:30
[agent] id:10
path:399,367,366,334,302,270,269,268,236,204,172,140,139,107,75,74,73,72,71,70,69,68,67,67,67,67,67,67,67,67,67,67,67,67,67,67,67,67,67,67,67,67,67,67,67,
goal:67,67,67,67,67,67,67,67,67,67,67,67,67,67,67,67,67,67,67,67,67,67,67,67,67,67,67,67,67,67,67,67,67,67,67,67,67,67,67,67,67,67,67,67,67,
size:22
[agent] id:11
path:535,567,599,631,663,695,727,759,791,823,855,887,886,885,884,883,882,881,881,881,881,881,881,881,881,881,881,881,881,881,881,881,881,881,881,881,881,881,881,881,881,881,881,881,881,
goal:881,881,881,881,881,881,881,881,881,881,881,881,881,881,881,881,881,881,881,881,881,881,881,881,881,881,881,881,881,881,881,881,881,881,881,881,881,881,881,881,881,881,881,881,881,
size:17
[agent] id:12
path:341,309,308,307,306,305,304,303,271,270,269,268,236,235,234,233,201,200,199,231,263,262,261,260,259,258,257,256,256,256,256,256,256,256,256,256,256,256,256,256,256,256,256,256,256,
goal:256,256,256,256,256,256,256,256,256,256,256,256,256,256,256,256,256,256,256,256,256,256,256,256,256,256,256,256,256,256,256,256,256,256,256,256,256,256,256,256,256,256,256,256,256,
size:27
[agent] id:13
path:39,40,41,42,10,11,12,44,45,77,78,79,80,81,82,83,84,52,53,54,86,87,119,120,121,122,123,155,155,155,155,155,155,155,155,155,155,155,155,155,155,155,155,155,155,
goal:155,155,155,155,155,155,155,155,155,155,155,155,155,155,155,155,155,155,155,155,155,155,155,155,155,155,155,155,155,155,155,155,155,155,155,155,155,155,155,155,155,155,155,155,155,
size:27
[agent] id:14
path:447,446,478,477,509,508,540,539,571,603,635,667,668,669,669,669,669,669,669,669,669,669,669,669,669,669,669,669,669,669,669,669,669,669,669,669,669,669,669,669,669,669,669,669,669,
goal:669,669,669,669,669,669,669,669,669,669,669,669,669,669,669,669,669,669,669,669,669,669,669,669,669,669,669,669,669,669,669,669,669,669,669,669,669,669,669,669,669,669,669,669,669,
size:13
[agent] id:15
path:207,239,271,303,304,336,368,400,432,464,465,497,529,561,593,594,626,658,659,660,660,660,660,660,660,660,660,660,660,660,660,660,660,660,660,660,660,660,660,660,660,660,660,660,660,
goal:660,660,660,660,660,660,660,660,660,660,660,660,660,660,660,660,660,660,660,660,660,660,660,660,660,660,660,660,660,660,660,660,660,660,660,660,660,660,660,660,660,660,660,660,660,
size:19
[agent] id:16
path:320,288,256,257,258,259,227,228,229,230,231,199,200,201,202,203,171,172,173,174,142,110,78,79,80,48,49,17,18,19,20,21,22,23,24,25,26,27,27,27,27,27,27,27,27,
goal:27,27,27,27,27,27,27,27,27,27,27,27,27,27,27,27,27,27,27,27,27,27,27,27,27,27,27,27,27,27,27,27,27,27,27,27,27,27,27,27,27,27,27,27,27,
size:37
[agent] id:17
path:613,645,646,647,648,649,650,651,652,653,685,686,687,688,720,721,722,723,724,725,757,758,759,791,823,824,825,857,857,857,857,857,857,857,857,857,857,857,857,857,857,857,857,857,857,
goal:857,857,857,857,857,857,857,857,857,857,857,857,857,857,857,857,857,857,857,857,857,857,857,857,857,857,857,857,857,857,857,857,857,857,857,857,857,857,857,857,857,857,857,857,857,
size:27
[agent] id:18
path:819,818,786,754,722,690,658,626,594,562,563,531,499,467,435,436,437,405,406,407,408,409,441,441,441,441,441,441,441,441,441,441,441,441,441,441,441,441,441,441,441,441,441,441,441,
goal:441,441,441,441,441,441,441,441,441,441,441,441,441,441,441,441,441,441,441,441,441,441,441,441,441,441,441,441,441,441,441,441,441,441,441,441,441,441,441,441,441,441,441,441,441,
size:22
[agent] id:19
path:405,373,341,309,277,245,213,212,212,212,212,212,212,212,212,212,212,212,212,212,212,212,212,212,212,212,212,212,212,212,212,212,212,212,212,212,212,212,212,212,212,212,212,212,212,
goal:212,212,212,212,212,212,212,212,212,212,212,212,212,212,212,212,212,212,212,212,212,212,212,212,212,212,212,212,212,212,212,212,212,212,212,212,212,212,212,212,212,212,212,212,212,
size:7
[agent] id:20
path:725,726,727,695,696,697,697,697,697,697,697,697,697,697,697,697,697,697,697,697,697,697,697,697,697,697,697,697,697,697,697,697,697,697,697,697,697,697,697,697,697,697,697,697,697,
goal:697,697,697,697,697,697,697,697,697,697,697,697,697,697,697,697,697,697,697,697,697,697,697,697,697,697,697,697,697,697,697,697,697,697,697,697,697,697,697,697,697,697,697,697,697,
size:5
[agent] id:21
path:342,374,406,438,470,469,501,533,565,597,629,661,693,692,691,690,689,688,687,686,718,717,716,715,714,713,712,711,710,709,709,709,709,709,709,709,709,709,709,709,709,709,709,709,709,
goal:709,709,709,709,709,709,709,709,709,709,709,709,709,709,709,709,709,709,709,709,709,709,709,709,709,709,709,709,709,709,709,709,709,709,709,709,709,709,709,709,709,709,709,709,709,
size:29
[agent] id:22
path:107,139,140,172,173,174,142,110,78,79,80,48,49,50,51,52,53,54,55,56,57,57,57,57,57,57,57,57,57,57,57,57,57,57,57,57,57,57,57,57,57,57,57,57,57,
goal:57,57,57,57,57,57,57,57,57,57,57,57,57,57,57,57,57,57,57,57,57,57,57,57,57,57,57,57,57,57,57,57,57,57,57,57,57,57,57,57,57,57,57,57,57,
size:20
[agent] id:23
path:286,318,317,349,381,380,379,378,410,442,474,473,472,504,536,535,567,566,565,564,563,562,594,626,658,657,656,655,654,653,652,651,683,682,681,680,679,678,677,676,708,707,707,707,707,
goal:707,707,707,707,707,707,707,707,707,707,707,707,707,707,707,707,707,707,707,707,707,707,707,707,707,707,707,707,707,707,707,707,707,707,707,707,707,707,707,707,707,707,707,707,707,
size:41
[agent] id:24
path:680,712,744,776,808,807,806,805,804,803,802,801,800,800,800,800,800,800,800,800,800,800,800,800,800,800,800,800,800,800,800,800,800,800,800,800,800,800,800,800,800,800,800,800,800,
goal:800,800,800,800,800,800,800,800,800,800,800,800,800,800,800,800,800,800,800,800,800,800,800,800,800,800,800,800,800,800,800,800,800,800,800,800,800,800,800,800,800,800,800,800,800,
size:12
[agent] id:25
path:944,912,880,848,847,846,814,782,750,718,686,654,622,590,558,526,494,493,461,429,397,396,364,332,331,331,331,331,331,331,331,331,331,331,331,331,331,331,331,331,331,331,331,331,331,
goal:331,331,331,331,331,331,331,331,331,331,331,331,331,331,331,331,331,331,331,331,331,331,331,331,331,331,331,331,331,331,331,331,331,331,331,331,331,331,331,331,331,331,331,331,331,
size:24
[agent] id:26
path:344,376,408,409,441,473,472,504,536,537,569,570,602,634,635,667,699,700,701,733,765,797,797,797,797,797,797,797,797,797,797,797,797,797,797,797,797,797,797,797,797,797,797,797,797,
goal:797,797,797,797,797,797,797,797,797,797,797,797,797,797,797,797,797,797,797,797,797,797,797,797,797,797,797,797,797,797,797,797,797,797,797,797,797,797,797,797,797,797,797,797,797,
size:21
[agent] id:27
path:174,206,207,239,240,241,273,305,337,369,401,433,465,497,529,561,593,594,626,627,628,629,630,631,632,633,634,635,667,699,700,701,733,765,766,798,830,831,863,895,894,893,861,861,861,
goal:861,861,861,861,861,861,861,861,861,861,861,861,861,861,861,861,861,861,861,861,861,861,861,861,861,861,861,861,861,861,861,861,861,861,861,861,861,861,861,861,861,861,861,861,861,
size:42
[agent] id:28
path:996,964,965,933,901,869,837,838,806,774,742,710,678,646,614,582,550,518,486,454,422,390,391,392,393,394,395,396,364,332,300,301,302,303,304,305,306,307,308,309,310,311,279,247,248,
goal:248,248,248,248,248,248,248,248,248,248,248,248,248,248,248,248,248,248,248,248,248,248,248,248,248,248,248,248,248,248,248,248,248,248,248,248,248,248,248,248,248,248,248,248,248,
size:44
[agent] id:29
path:774,742,710,678,646,614,582,550,518,486,454,422,390,391,392,393,394,395,396,364,332,300,301,302,303,304,305,306,307,308,276,277,245,213,181,182,183,183,183,183,183,183,183,183,183,
goal:183,183,183,183,183,183,183,183,183,183,183,183,183,183,183,183,183,183,183,183,183,183,183,183,183,183,183,183,183,183,183,183,183,183,183,183,183,183,183,183,183,183,183,183,183,
size:36
SolutionCost:678
