[setting] seed:890
[solver] type:SASB-ECBS
[solver] w:2.000000
[solver] ID:0
[solver] Lowlevelnode:8347
[solver] Highlevelnode:15
[solver] ConflictCount:8
[solver] solved:1
[solver] elapsed:49
[solver] makespan:43
[problem] timesteplimit:15000
[problem] type:MAPF
[problem] agentnum:30
[graph] width:32
[graph] height:32
[graph] filename:./map/32by32_agents10_ex30.map
[task] id:28,start:0,end:0,service time:0,nodes:938,
[task] id:1,start:0,end:0,service time:0,nodes:831,
[task] id:15,start:0,end:0,service time:0,nodes:752,
[task] id:11,start:0,end:0,service time:0,nodes:570,
[task] id:6,start:0,end:0,service time:0,nodes:821,
[task] id:3,start:0,end:0,service time:0,nodes:841,
[task] id:10,start:0,end:0,service time:0,nodes:229,
[task] id:9,start:0,end:0,service time:0,nodes:531,
[task] id:27,start:0,end:0,service time:0,nodes:885,
[task] id:2,start:0,end:0,service time:0,nodes:573,
[task] id:21,start:0,end:0,service time:0,nodes:209,
[task] id:16,start:0,end:0,service time:0,nodes:311,
[task] id:20,start:0,end:0,service time:0,nodes:501,
[task] id:7,start:0,end:0,service time:0,nodes:250,
[task] id:19,start:0,end:0,service time:0,nodes:217,
[task] id:22,start:0,end:0,service time:0,nodes:682,
[task] id:24,start:0,end:0,service time:0,nodes:876,
[task] id:12,start:0,end:0,service time:0,nodes:461,
[task] id:26,start:0,end:0,service time:0,nodes:27,
[task] id:8,start:0,end:0,service time:0,nodes:850,
[task] id:18,start:0,end:0,service time:0,nodes:286,
[task] id:29,start:0,end:0,service time:0,nodes:181,
[task] id:13,start:0,end:0,service time:0,nodes:710,
[task] id:17,start:0,end:0,service time:0,nodes:971,
[task] id:14,start:0,end:0,service time:0,nodes:605,
[task] id:23,start:0,end:0,service time:0,nodes:931,
[task] id:5,start:0,end:0,service time:0,nodes:964,
[task] id:0,start:0,end:0,service time:0,nodes:836,
[task] id:4,start:0,end:0,service time:0,nodes:127,
[task] id:25,start:0,end:0,service time:0,nodes:1007,
[agent] id:0
path:184,216,248,280,312,344,376,408,407,439,438,470,469,501,533,565,597,629,661,693,692,691,690,689,688,687,686,718,717,716,715,747,779,811,810,809,808,840,839,838,837,836,836,836,
goal:836,836,836,836,836,836,836,836,836,836,836,836,836,836,836,836,836,836,836,836,836,836,836,836,836,836,836,836,836,836,836,836,836,836,836,836,836,836,836,836,836,836,836,836,
size:41
[agent] id:1
path:991,959,927,895,863,831,831,831,831,831,831,831,831,831,831,831,831,831,831,831,831,831,831,831,831,831,831,831,831,831,831,831,831,831,831,831,831,831,831,831,831,831,831,831,
goal:831,831,831,831,831,831,831,831,831,831,831,831,831,831,831,831,831,831,831,831,831,831,831,831,831,831,831,831,831,831,831,831,831,831,831,831,831,831,831,831,831,831,831,831,
size:5
[agent] id:2
path:720,688,656,657,658,626,627,628,629,630,631,632,633,634,602,603,604,605,573,573,573,573,573,573,573,573,573,573,573,573,573,573,573,573,573,573,573,573,573,573,573,573,573,573,
goal:573,573,573,573,573,573,573,573,573,573,573,573,573,573,573,573,573,573,573,573,573,573,573,573,573,573,573,573,573,573,573,573,573,573,573,573,573,573,573,573,573,573,573,573,
size:18
[agent] id:3
path:1007,1006,974,942,941,909,877,845,844,843,842,841,841,841,841,841,841,841,841,841,841,841,841,841,841,841,841,841,841,841,841,841,841,841,841,841,841,841,841,841,841,841,841,841,
goal:841,841,841,841,841,841,841,841,841,841,841,841,841,841,841,841,841,841,841,841,841,841,841,841,841,841,841,841,841,841,841,841,841,841,841,841,841,841,841,841,841,841,841,841,
size:11
[agent] id:4
path:744,712,680,648,616,584,552,520,521,489,457,458,426,394,395,396,364,332,300,268,269,270,271,239,240,241,242,210,211,212,213,214,182,183,184,185,186,187,188,189,190,158,126,127,
goal:127,127,127,127,127,127,127,127,127,127,127,127,127,127,127,127,127,127,127,127,127,127,127,127,127,127,127,127,127,127,127,127,127,127,127,127,127,127,127,127,127,127,127,127,
size:43
[agent] id:5
path:110,142,174,173,172,204,172,204,236,268,300,332,364,396,428,460,459,458,490,522,554,553,552,584,616,648,680,712,744,776,808,840,872,904,936,935,967,966,965,964,964,964,964,964,
goal:964,964,964,964,964,964,964,964,964,964,964,964,964,964,964,964,964,964,964,964,964,964,964,964,964,964,964,964,964,964,964,964,964,964,964,964,964,964,964,964,964,964,964,964,
size:39
[agent] id:6
path:986,985,953,921,920,888,887,855,854,822,821,821,821,821,821,821,821,821,821,821,821,821,821,821,821,821,821,821,821,821,821,821,821,821,821,821,821,821,821,821,821,821,821,821,
goal:821,821,821,821,821,821,821,821,821,821,821,821,821,821,821,821,821,821,821,821,821,821,821,821,821,821,821,821,821,821,821,821,821,821,821,821,821,821,821,821,821,821,821,821,
size:10
[agent] id:7
path:233,234,235,236,204,205,206,207,239,240,241,242,243,211,212,213,214,215,216,217,218,250,250,250,250,250,250,250,250,250,250,250,250,250,250,250,250,250,250,250,250,250,250,250,
goal:250,250,250,250,250,250,250,250,250,250,250,250,250,250,250,250,250,250,250,250,250,250,250,250,250,250,250,250,250,250,250,250,250,250,250,250,250,250,250,250,250,250,250,250,
size:21
[agent] id:8
path:389,421,453,485,517,549,550,582,614,646,647,648,649,650,651,652,653,685,686,687,688,720,721,753,785,785,786,818,818,850,850,850,850,850,850,850,850,850,850,850,850,850,850,850,
goal:850,850,850,850,850,850,850,850,850,850,850,850,850,850,850,850,850,850,850,850,850,850,850,850,850,850,850,850,850,850,850,850,850,850,850,850,850,850,850,850,850,850,850,850,
size:29
[agent] id:9
path:302,334,366,367,399,431,463,464,465,497,529,530,531,531,531,531,531,531,531,531,531,531,531,531,531,531,531,531,531,531,531,531,531,531,531,531,531,531,531,531,531,531,531,531,
goal:531,531,531,531,531,531,531,531,531,531,531,531,531,531,531,531,531,531,531,531,531,531,531,531,531,531,531,531,531,531,531,531,531,531,531,531,531,531,531,531,531,531,531,531,
size:12
[agent] id:10
path:449,417,385,353,354,322,290,258,259,227,228,229,229,229,229,229,229,229,229,229,229,229,229,229,229,229,229,229,229,229,229,229,229,229,229,229,229,229,229,229,229,229,229,229,
goal:229,229,229,229,229,229,229,229,229,229,229,229,229,229,229,229,229,229,229,229,229,229,229,229,229,229,229,229,229,229,229,229,229,229,229,229,229,229,229,229,229,229,229,229,
size:11
[agent] id:11
path:698,699,667,635,603,571,570,570,570,570,570,570,570,570,570,570,570,570,570,570,570,570,570,570,570,570,570,570,570,570,570,570,570,570,570,570,570,570,570,570,570,570,570,570,
goal:570,570,570,570,570,570,570,570,570,570,570,570,570,570,570,570,570,570,570,570,570,570,570,570,570,570,570,570,570,570,570,570,570,570,570,570,570,570,570,570,570,570,570,570,
size:6
[agent] id:12
path:964,965,933,901,869,837,805,773,741,709,677,645,613,614,582,550,518,519,520,521,489,457,458,459,460,461,461,461,461,461,461,461,461,461,461,461,461,461,461,461,461,461,461,461,
goal:461,461,461,461,461,461,461,461,461,461,461,461,461,461,461,461,461,461,461,461,461,461,461,461,461,461,461,461,461,461,461,461,461,461,461,461,461,461,461,461,461,461,461,461,
size:25
[agent] id:13
path:113,145,177,209,241,273,305,337,369,401,433,465,497,529,561,593,592,591,623,655,687,686,718,717,716,715,714,713,712,711,710,710,710,710,710,710,710,710,710,710,710,710,710,710,
goal:710,710,710,710,710,710,710,710,710,710,710,710,710,710,710,710,710,710,710,710,710,710,710,710,710,710,710,710,710,710,710,710,710,710,710,710,710,710,710,710,710,710,710,710,
size:30
[agent] id:14
path:355,356,357,389,421,453,485,517,549,550,551,552,553,554,555,556,557,558,559,560,561,562,563,564,596,597,598,599,600,632,633,634,602,603,604,605,605,605,605,605,605,605,605,605,
goal:605,605,605,605,605,605,605,605,605,605,605,605,605,605,605,605,605,605,605,605,605,605,605,605,605,605,605,605,605,605,605,605,605,605,605,605,605,605,605,605,605,605,605,605,
size:35
[agent] id:15
path:685,686,687,688,720,752,752,752,752,752,752,752,752,752,752,752,752,752,752,752,752,752,752,752,752,752,752,752,752,752,752,752,752,752,752,752,752,752,752,752,752,752,752,752,
goal:752,752,752,752,752,752,752,752,752,752,752,752,752,752,752,752,752,752,752,752,752,752,752,752,752,752,752,752,752,752,752,752,752,752,752,752,752,752,752,752,752,752,752,752,
size:5
[agent] id:16
path:75,107,139,171,203,235,236,268,300,301,302,303,304,305,306,307,308,309,310,311,311,311,311,311,311,311,311,311,311,311,311,311,311,311,311,311,311,311,311,311,311,311,311,311,
goal:311,311,311,311,311,311,311,311,311,311,311,311,311,311,311,311,311,311,311,311,311,311,311,311,311,311,311,311,311,311,311,311,311,311,311,311,311,311,311,311,311,311,311,311,
size:19
[agent] id:17
path:256,288,320,352,384,416,448,480,512,544,576,577,609,641,673,705,737,738,770,802,803,835,867,899,900,901,933,934,935,936,937,969,970,971,971,971,971,971,971,971,971,971,971,971,
goal:971,971,971,971,971,971,971,971,971,971,971,971,971,971,971,971,971,971,971,971,971,971,971,971,971,971,971,971,971,971,971,971,971,971,971,971,971,971,971,971,971,971,971,971,
size:33
[agent] id:18
path:851,852,853,821,822,823,791,759,727,695,663,631,599,567,535,503,504,472,473,441,409,377,378,379,347,315,316,317,285,286,286,286,286,286,286,286,286,286,286,286,286,286,286,286,
goal:286,286,286,286,286,286,286,286,286,286,286,286,286,286,286,286,286,286,286,286,286,286,286,286,286,286,286,286,286,286,286,286,286,286,286,286,286,286,286,286,286,286,286,286,
size:29
[agent] id:19
path:105,137,169,201,202,203,204,205,206,207,239,240,241,209,210,211,212,213,214,215,216,217,217,217,217,217,217,217,217,217,217,217,217,217,217,217,217,217,217,217,217,217,217,217,
goal:217,217,217,217,217,217,217,217,217,217,217,217,217,217,217,217,217,217,217,217,217,217,217,217,217,217,217,217,217,217,217,217,217,217,217,217,217,217,217,217,217,217,217,217,
size:21
[agent] id:20
path:92,91,123,155,187,219,218,217,216,248,280,312,344,376,408,407,439,438,470,469,501,501,501,501,501,501,501,501,501,501,501,501,501,501,501,501,501,501,501,501,501,501,501,501,
goal:501,501,501,501,501,501,501,501,501,501,501,501,501,501,501,501,501,501,501,501,501,501,501,501,501,501,501,501,501,501,501,501,501,501,501,501,501,501,501,501,501,501,501,501,
size:20
[agent] id:21
path:259,227,228,229,230,231,199,200,201,202,203,204,205,206,207,239,240,241,209,209,209,209,209,209,209,209,209,209,209,209,209,209,209,209,209,209,209,209,209,209,209,209,209,209,
goal:209,209,209,209,209,209,209,209,209,209,209,209,209,209,209,209,209,209,209,209,209,209,209,209,209,209,209,209,209,209,209,209,209,209,209,209,209,209,209,209,209,209,209,209,
size:18
[agent] id:22
path:288,320,352,384,416,448,480,512,544,576,577,609,641,642,643,644,676,677,678,679,680,681,682,682,682,682,682,682,682,682,682,682,682,682,682,682,682,682,682,682,682,682,682,682,
goal:682,682,682,682,682,682,682,682,682,682,682,682,682,682,682,682,682,682,682,682,682,682,682,682,682,682,682,682,682,682,682,682,682,682,682,682,682,682,682,682,682,682,682,682,
size:22
[agent] id:23
path:73,105,137,169,168,167,167,167,199,231,263,262,294,326,358,390,422,454,486,518,550,582,614,646,678,710,742,774,806,838,870,902,901,900,899,931,931,931,931,931,931,931,931,931,
goal:931,931,931,931,931,931,931,931,931,931,931,931,931,931,931,931,931,931,931,931,931,931,931,931,931,931,931,931,931,931,931,931,931,931,931,931,931,931,931,931,931,931,931,931,
size:35
[agent] id:24
path:301,300,332,364,396,428,460,461,493,525,557,589,621,653,685,717,749,781,782,814,846,878,877,876,876,876,876,876,876,876,876,876,876,876,876,876,876,876,876,876,876,876,876,876,
goal:876,876,876,876,876,876,876,876,876,876,876,876,876,876,876,876,876,876,876,876,876,876,876,876,876,876,876,876,876,876,876,876,876,876,876,876,876,876,876,876,876,876,876,876,
size:23
[agent] id:25
path:12,44,45,77,78,110,142,174,174,206,207,239,271,303,304,336,368,400,432,464,465,497,529,561,593,592,591,623,655,687,686,718,750,782,814,846,878,877,909,941,973,1005,1006,1007,
goal:1007,1007,1007,1007,1007,1007,1007,1007,1007,1007,1007,1007,1007,1007,1007,1007,1007,1007,1007,1007,1007,1007,1007,1007,1007,1007,1007,1007,1007,1007,1007,1007,1007,1007,1007,1007,1007,1007,1007,1007,1007,1007,1007,1007,
size:43
[agent] id:26
path:166,134,135,136,137,138,139,140,172,173,174,142,110,78,79,80,48,49,17,18,19,20,21,22,23,24,25,26,27,27,27,27,27,27,27,27,27,27,27,27,27,27,27,27,
goal:27,27,27,27,27,27,27,27,27,27,27,27,27,27,27,27,27,27,27,27,27,27,27,27,27,27,27,27,27,27,27,27,27,27,27,27,27,27,27,27,27,27,27,27,
size:28
[agent] id:27
path:798,797,796,795,794,793,825,824,823,855,887,886,885,885,885,885,885,885,885,885,885,885,885,885,885,885,885,885,885,885,885,885,885,885,885,885,885,885,885,885,885,885,885,885,
goal:885,885,885,885,885,885,885,885,885,885,885,885,885,885,885,885,885,885,885,885,885,885,885,885,885,885,885,885,885,885,885,885,885,885,885,885,885,885,885,885,885,885,885,885,
size:12
[agent] id:28
path:971,939,938,938,938,938,938,938,938,938,938,938,938,938,938,938,938,938,938,938,938,938,938,938,938,938,938,938,938,938,938,938,938,938,938,938,938,938,938,938,938,938,938,938,
goal:938,938,938,938,938,938,938,938,938,938,938,938,938,938,938,938,938,938,938,938,938,938,938,938,938,938,938,938,938,938,938,938,938,938,938,938,938,938,938,938,938,938,938,938,
size:2
[agent] id:29
path:911,879,847,848,849,850,818,786,754,722,690,658,626,594,562,530,498,466,434,435,436,437,405,373,341,309,277,245,213,181,181,181,181,181,181,181,181,181,181,181,181,181,181,181,
goal:181,181,181,181,181,181,181,181,181,181,181,181,181,181,181,181,181,181,181,181,181,181,181,181,181,181,181,181,181,181,181,181,181,181,181,181,181,181,181,181,181,181,181,181,
size:29
SolutionCost:675
