[setting] seed:564
[solver] type:SASB-ECBS
[solver] w:2.000000
[solver] ID:0
[solver] Lowlevelnode:207
[solver] Highlevelnode:3
[solver] ConflictCount:2
[solver] solved:1
[solver] elapsed:2
[solver] makespan:35
[problem] timesteplimit:15000
[problem] type:MAPF
[problem] agentnum:10
[graph] width:32
[graph] height:32
[graph] filename:./map/32by32_agents10_ex30.map
[task] id:7,start:0,end:0,service time:0,nodes:299,
[task] id:1,start:0,end:0,service time:0,nodes:403,
[task] id:3,start:0,end:0,service time:0,nodes:478,
[task] id:0,start:0,end:0,service time:0,nodes:75,
[task] id:2,start:0,end:0,service time:0,nodes:974,
[task] id:5,start:0,end:0,service time:0,nodes:871,
[task] id:6,start:0,end:0,service time:0,nodes:127,
[task] id:9,start:0,end:0,service time:0,nodes:70,
[task] id:4,start:0,end:0,service time:0,nodes:151,
[task] id:8,start:0,end:0,service time:0,nodes:115,
[agent] id:0
path:88,87,86,54,53,52,84,83,82,81,80,79,78,77,45,44,12,11,10,42,74,75,75,75,75,75,75,75,75,75,75,75,75,75,75,75,
goal:75,75,75,75,75,75,75,75,75,75,75,75,75,75,75,75,75,75,75,75,75,75,75,75,75,75,75,75,75,75,75,75,75,75,75,75,
size:21
[agent] id:1
path:573,605,604,603,571,539,538,537,536,535,534,533,501,469,437,436,435,403,403,403,403,403,403,403,403,403,403,403,403,403,403,403,403,403,403,403,
goal:403,403,403,403,403,403,403,403,403,403,403,403,403,403,403,403,403,403,403,403,403,403,403,403,403,403,403,403,403,403,403,403,403,403,403,403,
size:17
[agent] id:2
path:394,426,458,490,522,554,555,556,557,589,621,653,685,717,749,781,782,814,846,878,877,909,941,973,974,974,974,974,974,974,974,974,974,974,974,974,
goal:974,974,974,974,974,974,974,974,974,974,974,974,974,974,974,974,974,974,974,974,974,974,974,974,974,974,974,974,974,974,974,974,974,974,974,974,
size:24
[agent] id:3
path:757,725,693,661,629,630,631,632,633,634,602,570,538,539,507,508,476,477,478,478,478,478,478,478,478,478,478,478,478,478,478,478,478,478,478,478,
goal:478,478,478,478,478,478,478,478,478,478,478,478,478,478,478,478,478,478,478,478,478,478,478,478,478,478,478,478,478,478,478,478,478,478,478,478,
size:18
[agent] id:4
path:644,612,613,614,582,550,518,486,454,422,390,391,392,393,394,395,396,364,332,300,268,269,270,271,239,240,241,209,210,211,212,213,181,182,150,151,
goal:151,151,151,151,151,151,151,151,151,151,151,151,151,151,151,151,151,151,151,151,151,151,151,151,151,151,151,151,151,151,151,151,151,151,151,151,
size:35
[agent] id:5
path:1017,985,953,921,920,888,887,886,885,884,883,882,881,880,879,878,877,876,875,874,842,841,840,872,871,871,871,871,871,871,871,871,871,871,871,871,
goal:871,871,871,871,871,871,871,871,871,871,871,871,871,871,871,871,871,871,871,871,871,871,871,871,871,871,871,871,871,871,871,871,871,871,871,871,
size:24
[agent] id:6
path:730,698,699,667,635,603,571,539,507,508,476,477,478,446,414,413,381,349,317,285,286,287,255,223,191,159,127,127,127,127,127,127,127,127,127,127,
goal:127,127,127,127,127,127,127,127,127,127,127,127,127,127,127,127,127,127,127,127,127,127,127,127,127,127,127,127,127,127,127,127,127,127,127,127,
size:26
[agent] id:7
path:293,294,262,263,231,199,200,201,233,234,235,236,268,300,299,299,299,299,299,299,299,299,299,299,299,299,299,299,299,299,299,299,299,299,299,299,
goal:299,299,299,299,299,299,299,299,299,299,299,299,299,299,299,299,299,299,299,299,299,299,299,299,299,299,299,299,299,299,299,299,299,299,299,299,
size:14
[agent] id:8
path:1006,974,942,943,911,879,847,848,849,850,818,786,754,722,690,658,626,594,562,530,498,466,434,402,401,369,337,305,273,241,209,177,145,113,114,115,
goal:115,115,115,115,115,115,115,115,115,115,115,115,115,115,115,115,115,115,115,115,115,115,115,115,115,115,115,115,115,115,115,115,115,115,115,115,
size:35
[agent] id:9
path:810,809,808,776,744,712,680,648,616,584,552,520,519,487,486,454,422,390,358,326,294,262,230,229,197,165,133,101,69,70,70,70,70,70,70,70,
goal:70,70,70,70,70,70,70,70,70,70,70,70,70,70,70,70,70,70,70,70,70,70,70,70,70,70,70,70,70,70,70,70,70,70,70,70,
size:29
SolutionCost:243
