[setting] seed:21763
[solver] type:SASB-ECBS
[solver] w:2.000000
[solver] ID:0
[solver] Lowlevelnode:8335
[solver] Highlevelnode:23
[solver] ConflictCount:12
[solver] solved:1
[solver] elapsed:64
[solver] makespan:41
[problem] timesteplimit:15000
[problem] type:MAPF
[problem] agentnum:30
[graph] width:32
[graph] height:32
[graph] filename:./map/32by32_agents10_ex30.map
[task] id:0,start:0,end:0,service time:0,nodes:557,
[task] id:13,start:0,end:0,service time:0,nodes:357,
[task] id:17,start:0,end:0,service time:0,nodes:878,
[task] id:4,start:0,end:0,service time:0,nodes:288,
[task] id:14,start:0,end:0,service time:0,nodes:617,
[task] id:29,start:0,end:0,service time:0,nodes:749,
[task] id:3,start:0,end:0,service time:0,nodes:999,
[task] id:5,start:0,end:0,service time:0,nodes:294,
[task] id:8,start:0,end:0,service time:0,nodes:689,
[task] id:20,start:0,end:0,service time:0,nodes:486,
[task] id:11,start:0,end:0,service time:0,nodes:203,
[task] id:19,start:0,end:0,service time:0,nodes:899,
[task] id:12,start:0,end:0,service time:0,nodes:106,
[task] id:24,start:0,end:0,service time:0,nodes:318,
[task] id:15,start:0,end:0,service time:0,nodes:603,
[task] id:21,start:0,end:0,service time:0,nodes:204,
[task] id:25,start:0,end:0,service time:0,nodes:607,
[task] id:2,start:0,end:0,service time:0,nodes:142,
[task] id:9,start:0,end:0,service time:0,nodes:699,
[task] id:16,start:0,end:0,service time:0,nodes:729,
[task] id:10,start:0,end:0,service time:0,nodes:936,
[task] id:7,start:0,end:0,service time:0,nodes:231,
[task] id:22,start:0,end:0,service time:0,nodes:287,
[task] id:27,start:0,end:0,service time:0,nodes:378,
[task] id:18,start:0,end:0,service time:0,nodes:44,
[task] id:26,start:0,end:0,service time:0,nodes:942,
[task] id:1,start:0,end:0,service time:0,nodes:921,
[task] id:6,start:0,end:0,service time:0,nodes:20,
[task] id:23,start:0,end:0,service time:0,nodes:965,
[task] id:28,start:0,end:0,service time:0,nodes:99,
[agent] id:0
path:460,461,493,525,557,557,557,557,557,557,557,557,557,557,557,557,557,557,557,557,557,557,557,557,557,557,557,557,557,557,557,557,557,557,557,557,557,557,557,557,557,557,
goal:557,557,557,557,557,557,557,557,557,557,557,557,557,557,557,557,557,557,557,557,557,557,557,557,557,557,557,557,557,557,557,557,557,557,557,557,557,557,557,557,557,557,
size:4
[agent] id:1
path:450,482,514,515,547,579,611,643,644,676,708,709,741,773,805,837,838,839,840,841,842,843,844,845,846,847,879,880,881,882,883,884,885,886,918,919,920,921,921,921,921,921,
goal:921,921,921,921,921,921,921,921,921,921,921,921,921,921,921,921,921,921,921,921,921,921,921,921,921,921,921,921,921,921,921,921,921,921,921,921,921,921,921,921,921,921,
size:37
[agent] id:2
path:677,645,613,614,582,550,518,486,454,422,423,391,392,393,394,395,396,364,332,300,268,269,270,271,239,207,206,174,142,142,142,142,142,142,142,142,142,142,142,142,142,142,
goal:142,142,142,142,142,142,142,142,142,142,142,142,142,142,142,142,142,142,142,142,142,142,142,142,142,142,142,142,142,142,142,142,142,142,142,142,142,142,142,142,142,142,
size:28
[agent] id:3
path:708,709,741,773,805,837,869,901,933,965,997,998,999,999,999,999,999,999,999,999,999,999,999,999,999,999,999,999,999,999,999,999,999,999,999,999,999,999,999,999,999,999,
goal:999,999,999,999,999,999,999,999,999,999,999,999,999,999,999,999,999,999,999,999,999,999,999,999,999,999,999,999,999,999,999,999,999,999,999,999,999,999,999,999,999,999,
size:12
[agent] id:4
path:544,512,480,448,416,384,352,320,288,288,288,288,288,288,288,288,288,288,288,288,288,288,288,288,288,288,288,288,288,288,288,288,288,288,288,288,288,288,288,288,288,288,
goal:288,288,288,288,288,288,288,288,288,288,288,288,288,288,288,288,288,288,288,288,288,288,288,288,288,288,288,288,288,288,288,288,288,288,288,288,288,288,288,288,288,288,
size:8
[agent] id:5
path:583,582,550,518,486,454,422,390,358,359,358,326,294,294,294,294,294,294,294,294,294,294,294,294,294,294,294,294,294,294,294,294,294,294,294,294,294,294,294,294,294,294,
goal:294,294,294,294,294,294,294,294,294,294,294,294,294,294,294,294,294,294,294,294,294,294,294,294,294,294,294,294,294,294,294,294,294,294,294,294,294,294,294,294,294,294,
size:12
[agent] id:6
path:676,644,612,613,614,582,550,518,486,454,422,423,391,392,393,394,395,396,364,332,300,268,269,270,271,239,240,241,209,177,145,113,81,49,17,18,19,20,20,20,20,20,
goal:20,20,20,20,20,20,20,20,20,20,20,20,20,20,20,20,20,20,20,20,20,20,20,20,20,20,20,20,20,20,20,20,20,20,20,20,20,20,20,20,20,20,
size:37
[agent] id:7
path:901,869,837,805,806,774,742,710,678,646,614,582,550,549,548,516,484,452,420,419,418,417,385,353,354,322,290,258,259,227,228,229,230,231,231,231,231,231,231,231,231,231,
goal:231,231,231,231,231,231,231,231,231,231,231,231,231,231,231,231,231,231,231,231,231,231,231,231,231,231,231,231,231,231,231,231,231,231,231,231,231,231,231,231,231,231,
size:33
[agent] id:8
path:584,616,648,649,650,651,652,653,685,686,687,688,689,689,689,689,689,689,689,689,689,689,689,689,689,689,689,689,689,689,689,689,689,689,689,689,689,689,689,689,689,689,
goal:689,689,689,689,689,689,689,689,689,689,689,689,689,689,689,689,689,689,689,689,689,689,689,689,689,689,689,689,689,689,689,689,689,689,689,689,689,689,689,689,689,689,
size:12
[agent] id:9
path:20,52,53,54,86,87,119,151,183,215,247,279,311,312,344,376,408,409,441,473,472,504,536,537,569,570,602,634,635,667,699,699,699,699,699,699,699,699,699,699,699,699,
goal:699,699,699,699,699,699,699,699,699,699,699,699,699,699,699,699,699,699,699,699,699,699,699,699,699,699,699,699,699,699,699,699,699,699,699,699,699,699,699,699,699,699,
size:30
[agent] id:10
path:193,225,257,258,290,322,354,353,385,417,449,450,482,514,515,547,579,611,643,644,676,708,709,741,773,805,837,869,901,933,934,935,936,936,936,936,936,936,936,936,936,936,
goal:936,936,936,936,936,936,936,936,936,936,936,936,936,936,936,936,936,936,936,936,936,936,936,936,936,936,936,936,936,936,936,936,936,936,936,936,936,936,936,936,936,936,
size:32
[agent] id:11
path:161,193,225,257,258,259,227,228,229,230,231,199,200,201,202,203,203,203,203,203,203,203,203,203,203,203,203,203,203,203,203,203,203,203,203,203,203,203,203,203,203,203,
goal:203,203,203,203,203,203,203,203,203,203,203,203,203,203,203,203,203,203,203,203,203,203,203,203,203,203,203,203,203,203,203,203,203,203,203,203,203,203,203,203,203,203,
size:15
[agent] id:12
path:465,433,401,369,337,305,273,241,240,239,207,206,174,173,172,140,139,107,106,106,106,106,106,106,106,106,106,106,106,106,106,106,106,106,106,106,106,106,106,106,106,106,
goal:106,106,106,106,106,106,106,106,106,106,106,106,106,106,106,106,106,106,106,106,106,106,106,106,106,106,106,106,106,106,106,106,106,106,106,106,106,106,106,106,106,106,
size:18
[agent] id:13
path:322,354,355,356,357,357,357,357,357,357,357,357,357,357,357,357,357,357,357,357,357,357,357,357,357,357,357,357,357,357,357,357,357,357,357,357,357,357,357,357,357,357,
goal:357,357,357,357,357,357,357,357,357,357,357,357,357,357,357,357,357,357,357,357,357,357,357,357,357,357,357,357,357,357,357,357,357,357,357,357,357,357,357,357,357,357,
size:4
[agent] id:14
path:750,718,686,654,622,621,620,619,618,617,617,617,617,617,617,617,617,617,617,617,617,617,617,617,617,617,617,617,617,617,617,617,617,617,617,617,617,617,617,617,617,617,
goal:617,617,617,617,617,617,617,617,617,617,617,617,617,617,617,617,617,617,617,617,617,617,617,617,617,617,617,617,617,617,617,617,617,617,617,617,617,617,617,617,617,617,
size:9
[agent] id:15
path:946,914,882,850,818,786,754,722,690,658,626,627,628,629,630,631,632,633,634,602,603,603,603,603,603,603,603,603,603,603,603,603,603,603,603,603,603,603,603,603,603,603,
goal:603,603,603,603,603,603,603,603,603,603,603,603,603,603,603,603,603,603,603,603,603,603,603,603,603,603,603,603,603,603,603,603,603,603,603,603,603,603,603,603,603,603,
size:20
[agent] id:16
path:112,144,176,177,209,241,242,274,306,307,308,309,341,373,405,406,438,470,469,501,533,565,597,629,661,693,725,726,727,728,729,729,729,729,729,729,729,729,729,729,729,729,
goal:729,729,729,729,729,729,729,729,729,729,729,729,729,729,729,729,729,729,729,729,729,729,729,729,729,729,729,729,729,729,729,729,729,729,729,729,729,729,729,729,729,729,
size:30
[agent] id:17
path:970,938,906,874,875,876,877,878,878,878,878,878,878,878,878,878,878,878,878,878,878,878,878,878,878,878,878,878,878,878,878,878,878,878,878,878,878,878,878,878,878,878,
goal:878,878,878,878,878,878,878,878,878,878,878,878,878,878,878,878,878,878,878,878,878,878,878,878,878,878,878,878,878,878,878,878,878,878,878,878,878,878,878,878,878,878,
size:7
[agent] id:18
path:855,823,791,759,727,695,663,631,599,567,535,534,533,501,469,437,405,373,341,309,277,245,213,212,211,210,178,146,114,82,81,80,79,78,77,45,44,44,44,44,44,44,
goal:44,44,44,44,44,44,44,44,44,44,44,44,44,44,44,44,44,44,44,44,44,44,44,44,44,44,44,44,44,44,44,44,44,44,44,44,44,44,44,44,44,44,
size:36
[agent] id:19
path:551,583,615,647,679,711,743,775,807,839,871,870,902,901,900,899,899,899,899,899,899,899,899,899,899,899,899,899,899,899,899,899,899,899,899,899,899,899,899,899,899,899,
goal:899,899,899,899,899,899,899,899,899,899,899,899,899,899,899,899,899,899,899,899,899,899,899,899,899,899,899,899,899,899,899,899,899,899,899,899,899,899,899,899,899,899,
size:15
[agent] id:20
path:134,166,165,197,229,261,293,294,326,358,390,422,454,486,486,486,486,486,486,486,486,486,486,486,486,486,486,486,486,486,486,486,486,486,486,486,486,486,486,486,486,486,
goal:486,486,486,486,486,486,486,486,486,486,486,486,486,486,486,486,486,486,486,486,486,486,486,486,486,486,486,486,486,486,486,486,486,486,486,486,486,486,486,486,486,486,
size:13
[agent] id:21
path:691,659,627,626,594,562,530,498,466,434,402,401,369,337,305,273,241,240,239,207,206,205,204,204,204,204,204,204,204,204,204,204,204,204,204,204,204,204,204,204,204,204,
goal:204,204,204,204,204,204,204,204,204,204,204,204,204,204,204,204,204,204,204,204,204,204,204,204,204,204,204,204,204,204,204,204,204,204,204,204,204,204,204,204,204,204,
size:22
[agent] id:22
path:519,520,521,522,554,555,556,524,525,526,527,528,529,497,465,433,434,435,436,437,405,373,374,375,376,377,378,379,347,315,316,317,285,286,287,287,287,287,287,287,287,287,
goal:287,287,287,287,287,287,287,287,287,287,287,287,287,287,287,287,287,287,287,287,287,287,287,287,287,287,287,287,287,287,287,287,287,287,287,287,287,287,287,287,287,287,
size:34
[agent] id:23
path:2,3,35,67,68,69,101,133,165,197,229,261,260,259,258,290,322,354,353,385,417,449,450,482,514,515,547,579,611,643,644,676,708,709,741,773,805,837,869,901,933,965,
goal:965,965,965,965,965,965,965,965,965,965,965,965,965,965,965,965,965,965,965,965,965,965,965,965,965,965,965,965,965,965,965,965,965,965,965,965,965,965,965,965,965,965,
size:41
[agent] id:24
path:632,633,634,602,570,538,539,507,508,476,477,478,446,414,413,381,349,317,318,318,318,318,318,318,318,318,318,318,318,318,318,318,318,318,318,318,318,318,318,318,318,318,
goal:318,318,318,318,318,318,318,318,318,318,318,318,318,318,318,318,318,318,318,318,318,318,318,318,318,318,318,318,318,318,318,318,318,318,318,318,318,318,318,318,318,318,
size:18
[agent] id:25
path:617,649,650,651,652,653,654,655,656,657,658,626,627,628,629,630,631,632,633,634,635,636,604,605,606,607,607,607,607,607,607,607,607,607,607,607,607,607,607,607,607,607,
goal:607,607,607,607,607,607,607,607,607,607,607,607,607,607,607,607,607,607,607,607,607,607,607,607,607,607,607,607,607,607,607,607,607,607,607,607,607,607,607,607,607,607,
size:25
[agent] id:26
path:120,152,184,216,248,280,312,344,376,408,407,439,438,437,436,468,500,499,531,563,562,594,626,658,690,722,754,786,818,850,882,914,946,945,944,943,942,942,942,942,942,942,
goal:942,942,942,942,942,942,942,942,942,942,942,942,942,942,942,942,942,942,942,942,942,942,942,942,942,942,942,942,942,942,942,942,942,942,942,942,942,942,942,942,942,942,
size:36
[agent] id:27
path:739,707,708,676,644,612,613,614,582,550,551,552,553,554,555,556,524,525,526,527,528,529,497,465,433,434,435,436,437,405,373,374,375,376,377,378,378,378,378,378,378,378,
goal:378,378,378,378,378,378,378,378,378,378,378,378,378,378,378,378,378,378,378,378,378,378,378,378,378,378,378,378,378,378,378,378,378,378,378,378,378,378,378,378,378,378,
size:35
[agent] id:28
path:967,935,934,902,870,838,806,774,742,710,678,646,614,582,550,518,517,485,453,421,420,419,418,417,385,353,354,322,290,258,259,227,228,196,197,165,133,101,69,68,67,99,
goal:99,99,99,99,99,99,99,99,99,99,99,99,99,99,99,99,99,99,99,99,99,99,99,99,99,99,99,99,99,99,99,99,99,99,99,99,99,99,99,99,99,99,
size:41
[agent] id:29
path:974,942,941,909,877,845,846,814,782,750,749,749,749,749,749,749,749,749,749,749,749,749,749,749,749,749,749,749,749,749,749,749,749,749,749,749,749,749,749,749,749,749,
goal:749,749,749,749,749,749,749,749,749,749,749,749,749,749,749,749,749,749,749,749,749,749,749,749,749,749,749,749,749,749,749,749,749,749,749,749,749,749,749,749,749,749,
size:10
SolutionCost:674
