[setting] seed:8183
[solver] type:SASB-ECBS
[solver] w:2.000000
[solver] ID:0
[solver] Lowlevelnode:3166
[solver] Highlevelnode:21
[solver] ConflictCount:11
[solver] solved:1
[solver] elapsed:31
[solver] makespan:45
[problem] timesteplimit:15000
[problem] type:MAPF
[problem] agentnum:30
[graph] width:32
[graph] height:32
[graph] filename:./map/32by32_agents10_ex30.map
[task] id:9,start:0,end:0,service time:0,nodes:535,
[task] id:5,start:0,end:0,service time:0,nodes:900,
[task] id:1,start:0,end:0,service time:0,nodes:260,
[task] id:12,start:0,end:0,service time:0,nodes:158,
[task] id:21,start:0,end:0,service time:0,nodes:104,
[task] id:19,start:0,end:0,service time:0,nodes:907,
[task] id:25,start:0,end:0,service time:0,nodes:420,
[task] id:6,start:0,end:0,service time:0,nodes:474,
[task] id:18,start:0,end:0,service time:0,nodes:448,
[task] id:22,start:0,end:0,service time:0,nodes:212,
[task] id:10,start:0,end:0,service time:0,nodes:107,
[task] id:17,start:0,end:0,service time:0,nodes:668,
[task] id:28,start:0,end:0,service time:0,nodes:84,
[task] id:13,start:0,end:0,service time:0,nodes:261,
[task] id:26,start:0,end:0,service time:0,nodes:564,
[task] id:27,start:0,end:0,service time:0,nodes:384,
[task] id:0,start:0,end:0,service time:0,nodes:646,
[task] id:20,start:0,end:0,service time:0,nodes:707,
[task] id:4,start:0,end:0,service time:0,nodes:967,
[task] id:14,start:0,end:0,service time:0,nodes:336,
[task] id:24,start:0,end:0,service time:0,nodes:77,
[task] id:29,start:0,end:0,service time:0,nodes:166,
[task] id:15,start:0,end:0,service time:0,nodes:799,
[task] id:23,start:0,end:0,service time:0,nodes:313,
[task] id:2,start:0,end:0,service time:0,nodes:169,
[task] id:11,start:0,end:0,service time:0,nodes:830,
[task] id:8,start:0,end:0,service time:0,nodes:549,
[task] id:7,start:0,end:0,service time:0,nodes:922,
[task] id:3,start:0,end:0,service time:0,nodes:935,
[task] id:16,start:0,end:0,service time:0,nodes:192,
[agent] id:0
path:372,373,374,406,438,470,469,501,500,499,531,530,529,561,593,592,591,623,655,654,653,652,651,650,649,648,647,646,646,646,646,646,646,646,646,646,646,646,646,646,646,646,646,646,646,646,
goal:646,646,646,646,646,646,646,646,646,646,646,646,646,646,646,646,646,646,646,646,646,646,646,646,646,646,646,646,646,646,646,646,646,646,646,646,646,646,646,646,646,646,646,646,646,646,
size:27
[agent] id:1
path:138,137,169,201,200,199,231,263,262,261,260,260,260,260,260,260,260,260,260,260,260,260,260,260,260,260,260,260,260,260,260,260,260,260,260,260,260,260,260,260,260,260,260,260,260,260,
goal:260,260,260,260,260,260,260,260,260,260,260,260,260,260,260,260,260,260,260,260,260,260,260,260,260,260,260,260,260,260,260,260,260,260,260,260,260,260,260,260,260,260,260,260,260,260,
size:10
[agent] id:2
path:853,852,851,850,849,848,847,846,814,782,750,718,686,654,622,590,589,557,525,493,461,429,428,428,396,364,332,300,268,236,204,203,202,201,169,169,169,169,169,169,169,169,169,169,169,169,
goal:169,169,169,169,169,169,169,169,169,169,169,169,169,169,169,169,169,169,169,169,169,169,169,169,169,169,169,169,169,169,169,169,169,169,169,169,169,169,169,169,169,169,169,169,169,169,
size:34
[agent] id:3
path:53,52,84,83,115,114,146,178,210,242,274,306,305,337,369,401,433,465,497,529,561,593,592,591,623,655,687,686,718,750,782,814,846,878,877,909,941,940,939,938,937,936,935,935,935,935,
goal:935,935,935,935,935,935,935,935,935,935,935,935,935,935,935,935,935,935,935,935,935,935,935,935,935,935,935,935,935,935,935,935,935,935,935,935,935,935,935,935,935,935,935,935,935,935,
size:42
[agent] id:4
path:633,632,664,696,728,760,792,824,823,855,887,886,885,884,883,915,914,946,945,944,943,942,941,940,939,938,937,936,935,967,967,967,967,967,967,967,967,967,967,967,967,967,967,967,967,967,
goal:967,967,967,967,967,967,967,967,967,967,967,967,967,967,967,967,967,967,967,967,967,967,967,967,967,967,967,967,967,967,967,967,967,967,967,967,967,967,967,967,967,967,967,967,967,967,
size:29
[agent] id:5
path:997,965,933,901,900,900,900,900,900,900,900,900,900,900,900,900,900,900,900,900,900,900,900,900,900,900,900,900,900,900,900,900,900,900,900,900,900,900,900,900,900,900,900,900,900,900,
goal:900,900,900,900,900,900,900,900,900,900,900,900,900,900,900,900,900,900,900,900,900,900,900,900,900,900,900,900,900,900,900,900,900,900,900,900,900,900,900,900,900,900,900,900,900,900,
size:4
[agent] id:6
path:690,658,626,594,562,563,564,565,533,501,469,437,405,406,407,408,409,441,473,474,474,474,474,474,474,474,474,474,474,474,474,474,474,474,474,474,474,474,474,474,474,474,474,474,474,474,
goal:474,474,474,474,474,474,474,474,474,474,474,474,474,474,474,474,474,474,474,474,474,474,474,474,474,474,474,474,474,474,474,474,474,474,474,474,474,474,474,474,474,474,474,474,474,474,
size:19
[agent] id:7
path:77,78,110,142,174,206,207,239,271,303,304,336,368,400,432,464,465,497,529,561,593,594,626,658,690,722,754,786,818,850,882,883,884,885,886,918,919,920,921,922,922,922,922,922,922,922,
goal:922,922,922,922,922,922,922,922,922,922,922,922,922,922,922,922,922,922,922,922,922,922,922,922,922,922,922,922,922,922,922,922,922,922,922,922,922,922,922,922,922,922,922,922,922,922,
size:39
[agent] id:8
path:959,927,895,863,831,799,798,766,734,702,670,669,637,636,635,634,633,632,600,599,567,566,565,564,563,562,561,560,559,558,557,556,555,554,553,552,551,550,549,549,549,549,549,549,549,549,
goal:549,549,549,549,549,549,549,549,549,549,549,549,549,549,549,549,549,549,549,549,549,549,549,549,549,549,549,549,549,549,549,549,549,549,549,549,549,549,549,549,549,549,549,549,549,549,
size:38
[agent] id:9
path:631,599,567,535,535,535,535,535,535,535,535,535,535,535,535,535,535,535,535,535,535,535,535,535,535,535,535,535,535,535,535,535,535,535,535,535,535,535,535,535,535,535,535,535,535,535,
goal:535,535,535,535,535,535,535,535,535,535,535,535,535,535,535,535,535,535,535,535,535,535,535,535,535,535,535,535,535,535,535,535,535,535,535,535,535,535,535,535,535,535,535,535,535,535,
size:3
[agent] id:10
path:469,437,405,373,341,309,308,307,306,274,273,241,240,239,207,206,174,173,172,140,139,107,107,107,107,107,107,107,107,107,107,107,107,107,107,107,107,107,107,107,107,107,107,107,107,107,
goal:107,107,107,107,107,107,107,107,107,107,107,107,107,107,107,107,107,107,107,107,107,107,107,107,107,107,107,107,107,107,107,107,107,107,107,107,107,107,107,107,107,107,107,107,107,107,
size:21
[agent] id:11
path:359,391,423,424,456,457,489,521,553,554,555,556,557,589,621,653,685,686,687,688,720,721,722,723,724,725,757,758,759,791,792,793,794,795,796,797,798,830,830,830,830,830,830,830,830,830,
goal:830,830,830,830,830,830,830,830,830,830,830,830,830,830,830,830,830,830,830,830,830,830,830,830,830,830,830,830,830,830,830,830,830,830,830,830,830,830,830,830,830,830,830,830,830,830,
size:37
[agent] id:12
path:279,247,215,183,184,185,186,187,188,189,190,158,158,158,158,158,158,158,158,158,158,158,158,158,158,158,158,158,158,158,158,158,158,158,158,158,158,158,158,158,158,158,158,158,158,158,
goal:158,158,158,158,158,158,158,158,158,158,158,158,158,158,158,158,158,158,158,158,158,158,158,158,158,158,158,158,158,158,158,158,158,158,158,158,158,158,158,158,158,158,158,158,158,158,
size:11
[agent] id:13
path:966,934,902,870,838,806,774,742,710,678,646,614,582,550,518,486,454,422,390,358,326,294,262,261,261,261,261,261,261,261,261,261,261,261,261,261,261,261,261,261,261,261,261,261,261,261,
goal:261,261,261,261,261,261,261,261,261,261,261,261,261,261,261,261,261,261,261,261,261,261,261,261,261,261,261,261,261,261,261,261,261,261,261,261,261,261,261,261,261,261,261,261,261,261,
size:23
[agent] id:14
path:802,770,738,706,707,708,676,644,612,613,614,582,550,518,486,454,422,390,391,392,393,394,395,396,364,332,300,301,302,303,304,336,336,336,336,336,336,336,336,336,336,336,336,336,336,336,
goal:336,336,336,336,336,336,336,336,336,336,336,336,336,336,336,336,336,336,336,336,336,336,336,336,336,336,336,336,336,336,336,336,336,336,336,336,336,336,336,336,336,336,336,336,336,336,
size:31
[agent] id:15
path:866,867,835,836,837,838,839,840,841,842,843,844,845,846,847,848,849,850,851,852,853,821,822,823,791,792,793,794,795,796,797,798,799,799,799,799,799,799,799,799,799,799,799,799,799,799,
goal:799,799,799,799,799,799,799,799,799,799,799,799,799,799,799,799,799,799,799,799,799,799,799,799,799,799,799,799,799,799,799,799,799,799,799,799,799,799,799,799,799,799,799,799,799,799,
size:32
[agent] id:16
path:950,918,886,854,853,852,851,819,818,786,754,722,690,658,626,594,593,592,591,559,527,526,494,493,461,429,397,396,395,394,393,392,391,359,358,357,356,355,323,322,290,258,257,225,193,192,
goal:192,192,192,192,192,192,192,192,192,192,192,192,192,192,192,192,192,192,192,192,192,192,192,192,192,192,192,192,192,192,192,192,192,192,192,192,192,192,192,192,192,192,192,192,192,192,
size:45
[agent] id:17
path:217,216,248,280,312,344,376,408,409,441,473,472,504,536,537,569,570,602,634,635,667,668,668,668,668,668,668,668,668,668,668,668,668,668,668,668,668,668,668,668,668,668,668,668,668,668,
goal:668,668,668,668,668,668,668,668,668,668,668,668,668,668,668,668,668,668,668,668,668,668,668,668,668,668,668,668,668,668,668,668,668,668,668,668,668,668,668,668,668,668,668,668,668,668,
size:21
[agent] id:18
path:234,202,201,200,199,231,230,229,261,260,259,258,290,322,354,353,385,417,449,448,448,448,448,448,448,448,448,448,448,448,448,448,448,448,448,448,448,448,448,448,448,448,448,448,448,448,
goal:448,448,448,448,448,448,448,448,448,448,448,448,448,448,448,448,448,448,448,448,448,448,448,448,448,448,448,448,448,448,448,448,448,448,448,448,448,448,448,448,448,448,448,448,448,448,
size:19
[agent] id:19
path:725,724,723,755,754,786,818,850,882,881,880,879,878,877,909,908,907,907,907,907,907,907,907,907,907,907,907,907,907,907,907,907,907,907,907,907,907,907,907,907,907,907,907,907,907,907,
goal:907,907,907,907,907,907,907,907,907,907,907,907,907,907,907,907,907,907,907,907,907,907,907,907,907,907,907,907,907,907,907,907,907,907,907,907,907,907,907,907,907,907,907,907,907,907,
size:16
[agent] id:20
path:297,296,264,263,262,294,293,294,326,358,357,357,389,421,420,419,419,451,483,515,547,579,611,643,644,676,708,707,707,707,707,707,707,707,707,707,707,707,707,707,707,707,707,707,707,707,
goal:707,707,707,707,707,707,707,707,707,707,707,707,707,707,707,707,707,707,707,707,707,707,707,707,707,707,707,707,707,707,707,707,707,707,707,707,707,707,707,707,707,707,707,707,707,707,
size:27
[agent] id:21
path:323,355,356,357,358,326,294,262,230,231,199,167,135,103,104,104,104,104,104,104,104,104,104,104,104,104,104,104,104,104,104,104,104,104,104,104,104,104,104,104,104,104,104,104,104,104,
goal:104,104,104,104,104,104,104,104,104,104,104,104,104,104,104,104,104,104,104,104,104,104,104,104,104,104,104,104,104,104,104,104,104,104,104,104,104,104,104,104,104,104,104,104,104,104,
size:14
[agent] id:22
path:689,657,658,626,594,562,530,498,466,434,435,436,437,405,373,341,309,277,245,213,212,212,212,212,212,212,212,212,212,212,212,212,212,212,212,212,212,212,212,212,212,212,212,212,212,212,
goal:212,212,212,212,212,212,212,212,212,212,212,212,212,212,212,212,212,212,212,212,212,212,212,212,212,212,212,212,212,212,212,212,212,212,212,212,212,212,212,212,212,212,212,212,212,212,
size:20
[agent] id:23
path:610,578,579,547,515,483,451,419,420,421,389,390,391,392,393,394,395,396,364,332,300,301,302,303,304,305,306,307,308,309,310,311,312,313,313,313,313,313,313,313,313,313,313,313,313,313,
goal:313,313,313,313,313,313,313,313,313,313,313,313,313,313,313,313,313,313,313,313,313,313,313,313,313,313,313,313,313,313,313,313,313,313,313,313,313,313,313,313,313,313,313,313,313,313,
size:33
[agent] id:24
path:741,709,677,645,613,614,582,550,518,486,454,422,390,358,326,294,262,230,231,199,200,201,202,203,171,172,173,174,142,110,78,77,77,77,77,77,77,77,77,77,77,77,77,77,77,77,
goal:77,77,77,77,77,77,77,77,77,77,77,77,77,77,77,77,77,77,77,77,77,77,77,77,77,77,77,77,77,77,77,77,77,77,77,77,77,77,77,77,77,77,77,77,77,77,
size:31
[agent] id:25
path:72,104,136,168,167,167,199,231,263,262,294,326,358,357,389,421,420,420,420,420,420,420,420,420,420,420,420,420,420,420,420,420,420,420,420,420,420,420,420,420,420,420,420,420,420,420,
goal:420,420,420,420,420,420,420,420,420,420,420,420,420,420,420,420,420,420,420,420,420,420,420,420,420,420,420,420,420,420,420,420,420,420,420,420,420,420,420,420,420,420,420,420,420,420,
size:16
[agent] id:26
path:839,807,775,743,711,679,647,648,649,650,651,652,653,653,654,655,656,657,658,626,627,628,596,596,564,564,564,564,564,564,564,564,564,564,564,564,564,564,564,564,564,564,564,564,564,564,
goal:564,564,564,564,564,564,564,564,564,564,564,564,564,564,564,564,564,564,564,564,564,564,564,564,564,564,564,564,564,564,564,564,564,564,564,564,564,564,564,564,564,564,564,564,564,564,
size:24
[agent] id:27
path:113,145,144,143,142,174,206,205,204,203,202,201,200,199,231,230,229,228,227,259,258,290,322,354,353,385,384,384,384,384,384,384,384,384,384,384,384,384,384,384,384,384,384,384,384,384,
goal:384,384,384,384,384,384,384,384,384,384,384,384,384,384,384,384,384,384,384,384,384,384,384,384,384,384,384,384,384,384,384,384,384,384,384,384,384,384,384,384,384,384,384,384,384,384,
size:26
[agent] id:28
path:567,535,534,533,501,469,437,405,373,341,309,277,245,213,212,211,210,178,146,114,82,83,84,84,84,84,84,84,84,84,84,84,84,84,84,84,84,84,84,84,84,84,84,84,84,84,
goal:84,84,84,84,84,84,84,84,84,84,84,84,84,84,84,84,84,84,84,84,84,84,84,84,84,84,84,84,84,84,84,84,84,84,84,84,84,84,84,84,84,84,84,84,84,84,
size:22
[agent] id:29
path:939,907,875,843,811,779,747,715,683,651,619,618,617,616,584,552,520,519,487,486,454,422,390,358,326,294,262,230,229,197,165,166,166,166,166,166,166,166,166,166,166,166,166,166,166,166,
goal:166,166,166,166,166,166,166,166,166,166,166,166,166,166,166,166,166,166,166,166,166,166,166,166,166,166,166,166,166,166,166,166,166,166,166,166,166,166,166,166,166,166,166,166,166,166,
size:31
SolutionCost:745
