[setting] seed:30380
[solver] type:SASB-ECBS
[solver] w:2.000000
[solver] ID:0
[solver] Lowlevelnode:10043
[solver] Highlevelnode:17
[solver] ConflictCount:9
[solver] solved:1
[solver] elapsed:100
[solver] makespan:45
[problem] timesteplimit:15000
[problem] type:MAPF
[problem] agentnum:30
[graph] width:32
[graph] height:32
[graph] filename:./map/32by32_agents10_ex30.map
[task] id:29,start:0,end:0,service time:0,nodes:292,
[task] id:0,start:0,end:0,service time:0,nodes:1017,
[task] id:16,start:0,end:0,service time:0,nodes:611,
[task] id:19,start:0,end:0,service time:0,nodes:978,
[task] id:6,start:0,end:0,service time:0,nodes:318,
[task] id:26,start:0,end:0,service time:0,nodes:781,
[task] id:18,start:0,end:0,service time:0,nodes:618,
[task] id:13,start:0,end:0,service time:0,nodes:369,
[task] id:28,start:0,end:0,service time:0,nodes:544,
[task] id:3,start:0,end:0,service time:0,nodes:520,
[task] id:8,start:0,end:0,service time:0,nodes:734,
[task] id:17,start:0,end:0,service time:0,nodes:1009,
[task] id:30,start:0,end:0,service time:0,nodes:978,
[task] id:27,start:0,end:0,service time:0,nodes:548,
[task] id:7,start:0,end:0,service time:0,nodes:709,
[task] id:23,start:0,end:0,service time:0,nodes:843,
[task] id:22,start:0,end:0,service time:0,nodes:140,
[task] id:24,start:0,end:0,service time:0,nodes:639,
[task] id:2,start:0,end:0,service time:0,nodes:831,
[task] id:25,start:0,end:0,service time:0,nodes:1007,
[task] id:15,start:0,end:0,service time:0,nodes:698,
[task] id:11,start:0,end:0,service time:0,nodes:692,
[task] id:1,start:0,end:0,service time:0,nodes:320,
[task] id:9,start:0,end:0,service time:0,nodes:911,
[task] id:5,start:0,end:0,service time:0,nodes:446,
[task] id:14,start:0,end:0,service time:0,nodes:972,
[task] id:21,start:0,end:0,service time:0,nodes:876,
[task] id:12,start:0,end:0,service time:0,nodes:159,
[task] id:20,start:0,end:0,service time:0,nodes:603,
[task] id:4,start:0,end:0,service time:0,nodes:547,
[task] id:10,start:0,end:0,service time:0,nodes:72,
[agent] id:0
path:888,920,952,984,1016,1017,1017,1017,1017,1017,1017,1017,1017,1017,1017,1017,1017,1017,1017,1017,1017,1017,1017,1017,1017,1017,1017,1017,1017,1017,1017,1017,1017,1017,1017,1017,1017,1017,1017,1017,1017,1017,1017,1017,1017,1017,
goal:1017,1017,1017,1017,1017,1017,1017,1017,1017,1017,1017,1017,1017,1017,1017,1017,1017,1017,1017,1017,1017,1017,1017,1017,1017,1017,1017,1017,1017,1017,1017,1017,1017,1017,1017,1017,1017,1017,1017,1017,1017,1017,1017,1017,1017,1017,
size:5
[agent] id:1
path:880,848,847,846,814,782,750,718,686,654,622,590,558,526,494,493,461,429,397,396,395,394,393,392,391,359,358,357,356,355,354,353,352,320,320,320,320,320,320,320,320,320,320,320,320,320,
goal:320,320,320,320,320,320,320,320,320,320,320,320,320,320,320,320,320,320,320,320,320,320,320,320,320,320,320,320,320,320,320,320,320,320,320,320,320,320,320,320,320,320,320,320,320,320,
size:33
[agent] id:2
path:281,313,345,377,409,441,473,472,504,536,537,569,570,602,634,635,667,699,700,701,733,765,797,798,830,831,831,831,831,831,831,831,831,831,831,831,831,831,831,831,831,831,831,831,831,831,
goal:831,831,831,831,831,831,831,831,831,831,831,831,831,831,831,831,831,831,831,831,831,831,831,831,831,831,831,831,831,831,831,831,831,831,831,831,831,831,831,831,831,831,831,831,831,831,
size:25
[agent] id:3
path:628,627,626,594,593,592,560,559,558,557,556,555,555,554,522,521,520,520,520,520,520,520,520,520,520,520,520,520,520,520,520,520,520,520,520,520,520,520,520,520,520,520,520,520,520,520,
goal:520,520,520,520,520,520,520,520,520,520,520,520,520,520,520,520,520,520,520,520,520,520,520,520,520,520,520,520,520,520,520,520,520,520,520,520,520,520,520,520,520,520,520,520,520,520,
size:16
[agent] id:4
path:60,92,91,123,155,187,219,218,217,216,215,214,213,212,211,243,242,274,273,305,304,303,302,301,300,332,364,396,395,394,393,392,424,423,422,454,486,518,517,516,515,547,547,547,547,547,
goal:547,547,547,547,547,547,547,547,547,547,547,547,547,547,547,547,547,547,547,547,547,547,547,547,547,547,547,547,547,547,547,547,547,547,547,547,547,547,547,547,547,547,547,547,547,547,
size:41
[agent] id:5
path:71,103,135,167,199,200,201,233,234,235,236,268,300,301,302,303,304,305,306,307,308,309,341,373,374,375,376,377,378,379,380,412,413,414,446,446,446,446,446,446,446,446,446,446,446,446,
goal:446,446,446,446,446,446,446,446,446,446,446,446,446,446,446,446,446,446,446,446,446,446,446,446,446,446,446,446,446,446,446,446,446,446,446,446,446,446,446,446,446,446,446,446,446,446,
size:34
[agent] id:6
path:123,155,187,188,189,221,222,223,255,287,286,318,318,318,318,318,318,318,318,318,318,318,318,318,318,318,318,318,318,318,318,318,318,318,318,318,318,318,318,318,318,318,318,318,318,318,
goal:318,318,318,318,318,318,318,318,318,318,318,318,318,318,318,318,318,318,318,318,318,318,318,318,318,318,318,318,318,318,318,318,318,318,318,318,318,318,318,318,318,318,318,318,318,318,
size:11
[agent] id:7
path:463,464,465,497,529,561,593,592,591,623,655,687,686,718,717,716,715,714,713,712,711,710,709,709,709,709,709,709,709,709,709,709,709,709,709,709,709,709,709,709,709,709,709,709,709,709,
goal:709,709,709,709,709,709,709,709,709,709,709,709,709,709,709,709,709,709,709,709,709,709,709,709,709,709,709,709,709,709,709,709,709,709,709,709,709,709,709,709,709,709,709,709,709,709,
size:22
[agent] id:8
path:984,985,986,987,955,956,924,892,893,894,895,863,831,799,798,766,734,734,734,734,734,734,734,734,734,734,734,734,734,734,734,734,734,734,734,734,734,734,734,734,734,734,734,734,734,734,
goal:734,734,734,734,734,734,734,734,734,734,734,734,734,734,734,734,734,734,734,734,734,734,734,734,734,734,734,734,734,734,734,734,734,734,734,734,734,734,734,734,734,734,734,734,734,734,
size:16
[agent] id:9
path:260,261,293,294,326,358,390,422,454,486,518,550,582,614,646,678,710,742,774,806,807,808,809,810,811,812,844,845,845,846,847,847,879,911,911,911,911,911,911,911,911,911,911,911,911,911,
goal:911,911,911,911,911,911,911,911,911,911,911,911,911,911,911,911,911,911,911,911,911,911,911,911,911,911,911,911,911,911,911,911,911,911,911,911,911,911,911,911,911,911,911,911,911,911,
size:33
[agent] id:10
path:861,860,859,858,857,825,793,792,760,728,696,664,632,631,630,598,566,534,533,501,500,468,436,435,403,402,401,400,368,336,304,303,271,239,207,206,174,173,172,171,139,107,75,74,73,72,
goal:72,72,72,72,72,72,72,72,72,72,72,72,72,72,72,72,72,72,72,72,72,72,72,72,72,72,72,72,72,72,72,72,72,72,72,72,72,72,72,72,72,72,72,72,72,72,
size:45
[agent] id:11
path:197,229,261,293,294,326,358,390,422,454,486,518,550,582,614,646,647,648,649,650,651,652,653,685,686,687,688,689,690,691,692,692,692,692,692,692,692,692,692,692,692,692,692,692,692,692,
goal:692,692,692,692,692,692,692,692,692,692,692,692,692,692,692,692,692,692,692,692,692,692,692,692,692,692,692,692,692,692,692,692,692,692,692,692,692,692,692,692,692,692,692,692,692,692,
size:30
[agent] id:12
path:980,948,949,950,918,886,854,822,823,791,759,727,695,663,631,599,567,535,503,504,472,473,441,409,377,378,379,347,315,316,317,285,286,287,255,223,191,159,159,159,159,159,159,159,159,159,
goal:159,159,159,159,159,159,159,159,159,159,159,159,159,159,159,159,159,159,159,159,159,159,159,159,159,159,159,159,159,159,159,159,159,159,159,159,159,159,159,159,159,159,159,159,159,159,
size:37
[agent] id:13
path:151,183,215,247,279,311,310,309,308,307,306,305,337,369,369,369,369,369,369,369,369,369,369,369,369,369,369,369,369,369,369,369,369,369,369,369,369,369,369,369,369,369,369,369,369,369,
goal:369,369,369,369,369,369,369,369,369,369,369,369,369,369,369,369,369,369,369,369,369,369,369,369,369,369,369,369,369,369,369,369,369,369,369,369,369,369,369,369,369,369,369,369,369,369,
size:13
[agent] id:14
path:80,112,144,176,177,209,241,273,305,337,369,401,433,465,497,529,561,593,592,591,623,655,687,686,718,750,782,814,846,878,877,909,941,973,972,972,972,972,972,972,972,972,972,972,972,972,
goal:972,972,972,972,972,972,972,972,972,972,972,972,972,972,972,972,972,972,972,972,972,972,972,972,972,972,972,972,972,972,972,972,972,972,972,972,972,972,972,972,972,972,972,972,972,972,
size:34
[agent] id:15
path:967,935,936,904,872,840,841,842,843,844,845,846,847,848,849,850,818,786,754,722,723,724,725,726,727,695,696,697,698,698,698,698,698,698,698,698,698,698,698,698,698,698,698,698,698,698,
goal:698,698,698,698,698,698,698,698,698,698,698,698,698,698,698,698,698,698,698,698,698,698,698,698,698,698,698,698,698,698,698,698,698,698,698,698,698,698,698,698,698,698,698,698,698,698,
size:28
[agent] id:16
path:771,739,707,708,676,644,612,611,611,611,611,611,611,611,611,611,611,611,611,611,611,611,611,611,611,611,611,611,611,611,611,611,611,611,611,611,611,611,611,611,611,611,611,611,611,611,
goal:611,611,611,611,611,611,611,611,611,611,611,611,611,611,611,611,611,611,611,611,611,611,611,611,611,611,611,611,611,611,611,611,611,611,611,611,611,611,611,611,611,611,611,611,611,611,
size:7
[agent] id:17
path:729,728,760,792,824,823,855,887,919,918,950,949,948,980,979,978,1010,1009,1009,1009,1009,1009,1009,1009,1009,1009,1009,1009,1009,1009,1009,1009,1009,1009,1009,1009,1009,1009,1009,1009,1009,1009,1009,1009,1009,1009,
goal:1009,1009,1009,1009,1009,1009,1009,1009,1009,1009,1009,1009,1009,1009,1009,1009,1009,1009,1009,1009,1009,1009,1009,1009,1009,1009,1009,1009,1009,1009,1009,1009,1009,1009,1009,1009,1009,1009,1009,1009,1009,1009,1009,1009,1009,1009,
size:17
[agent] id:18
path:661,660,659,658,657,656,655,623,622,621,620,619,618,618,618,618,618,618,618,618,618,618,618,618,618,618,618,618,618,618,618,618,618,618,618,618,618,618,618,618,618,618,618,618,618,618,
goal:618,618,618,618,618,618,618,618,618,618,618,618,618,618,618,618,618,618,618,618,618,618,618,618,618,618,618,618,618,618,618,618,618,618,618,618,618,618,618,618,618,618,618,618,618,618,
size:12
[agent] id:19
path:721,753,785,786,818,850,882,914,946,978,978,978,978,978,978,946,946,978,978,978,978,978,978,978,978,978,978,978,978,978,978,978,978,978,978,978,978,978,978,978,978,978,978,978,978,978,
goal:978,978,978,978,978,978,978,978,978,978,978,978,978,978,978,978,978,978,978,978,978,978,978,978,978,978,978,978,978,978,978,978,978,978,978,978,978,978,978,978,978,978,978,978,978,978,
size:17
[agent] id:20
path:290,322,354,355,356,357,389,421,421,422,423,424,456,457,489,490,522,554,555,556,557,589,590,591,592,593,594,626,627,628,629,630,631,632,633,634,602,603,603,603,603,603,603,603,603,603,
goal:603,603,603,603,603,603,603,603,603,603,603,603,603,603,603,603,603,603,603,603,603,603,603,603,603,603,603,603,603,603,603,603,603,603,603,603,603,603,603,603,603,603,603,603,603,603,
size:37
[agent] id:21
path:316,348,380,379,378,410,442,474,473,472,504,536,535,567,566,565,597,629,661,693,692,691,723,755,754,786,818,850,882,881,880,879,878,877,876,876,876,876,876,876,876,876,876,876,876,876,
goal:876,876,876,876,876,876,876,876,876,876,876,876,876,876,876,876,876,876,876,876,876,876,876,876,876,876,876,876,876,876,876,876,876,876,876,876,876,876,876,876,876,876,876,876,876,876,
size:34
[agent] id:22
path:30,29,28,27,26,58,57,56,55,54,53,52,84,83,115,114,146,145,144,143,142,174,173,172,140,140,140,140,140,140,140,140,140,140,140,140,140,140,140,140,140,140,140,140,140,140,
goal:140,140,140,140,140,140,140,140,140,140,140,140,140,140,140,140,140,140,140,140,140,140,140,140,140,140,140,140,140,140,140,140,140,140,140,140,140,140,140,140,140,140,140,140,140,140,
size:24
[agent] id:23
path:235,236,268,300,332,364,396,428,460,461,493,525,557,589,621,653,685,717,716,715,747,779,811,843,843,843,843,843,843,843,843,843,843,843,843,843,843,843,843,843,843,843,843,843,843,843,
goal:843,843,843,843,843,843,843,843,843,843,843,843,843,843,843,843,843,843,843,843,843,843,843,843,843,843,843,843,843,843,843,843,843,843,843,843,843,843,843,843,843,843,843,843,843,843,
size:23
[agent] id:24
path:218,217,216,248,280,312,344,376,408,409,441,473,472,504,536,537,569,570,602,603,604,605,606,607,639,639,639,639,639,639,639,639,639,639,639,639,639,639,639,639,639,639,639,639,639,639,
goal:639,639,639,639,639,639,639,639,639,639,639,639,639,639,639,639,639,639,639,639,639,639,639,639,639,639,639,639,639,639,639,639,639,639,639,639,639,639,639,639,639,639,639,639,639,639,
size:24
[agent] id:25
path:988,987,987,1019,1019,987,986,985,984,983,982,950,918,886,885,884,883,915,914,946,945,944,943,942,974,1006,1007,1007,1007,1007,1007,1007,1007,1007,1007,1007,1007,1007,1007,1007,1007,1007,1007,1007,1007,1007,
goal:1007,1007,1007,1007,1007,1007,1007,1007,1007,1007,1007,1007,1007,1007,1007,1007,1007,1007,1007,1007,1007,1007,1007,1007,1007,1007,1007,1007,1007,1007,1007,1007,1007,1007,1007,1007,1007,1007,1007,1007,1007,1007,1007,1007,1007,1007,
size:26
[agent] id:26
path:460,461,493,525,557,589,621,653,685,717,749,781,781,781,781,781,781,781,781,781,781,781,781,781,781,781,781,781,781,781,781,781,781,781,781,781,781,781,781,781,781,781,781,781,781,781,
goal:781,781,781,781,781,781,781,781,781,781,781,781,781,781,781,781,781,781,781,781,781,781,781,781,781,781,781,781,781,781,781,781,781,781,781,781,781,781,781,781,781,781,781,781,781,781,
size:11
[agent] id:27
path:236,268,300,332,364,396,428,460,459,458,490,522,554,553,552,551,550,549,548,548,548,548,548,548,548,548,548,548,548,548,548,548,548,548,548,548,548,548,548,548,548,548,548,548,548,548,
goal:548,548,548,548,548,548,548,548,548,548,548,548,548,548,548,548,548,548,548,548,548,548,548,548,548,548,548,548,548,548,548,548,548,548,548,548,548,548,548,548,548,548,548,548,548,548,
size:18
[agent] id:28
path:456,424,423,422,454,486,518,517,516,515,514,513,545,544,544,544,544,544,544,544,544,544,544,544,544,544,544,544,544,544,544,544,544,544,544,544,544,544,544,544,544,544,544,544,544,544,
goal:544,544,544,544,544,544,544,544,544,544,544,544,544,544,544,544,544,544,544,544,544,544,544,544,544,544,544,544,544,544,544,544,544,544,544,544,544,544,544,544,544,544,544,544,544,544,
size:13
[agent] id:29
path:294,293,292,292,292,292,292,292,292,292,292,292,292,292,292,292,292,292,292,292,292,292,292,292,292,292,292,292,292,292,292,292,292,292,292,292,292,292,292,292,292,292,292,292,292,292,
goal:292,292,292,292,292,292,292,292,292,292,292,292,292,292,292,292,292,292,292,292,292,292,292,292,292,292,292,292,292,292,292,292,292,292,292,292,292,292,292,292,292,292,292,292,292,292,
size:2
SolutionCost:688
