[setting] seed:5141
[solver] type:SASB-ECBS
[solver] w:2.000000
[solver] ID:0
[solver] Lowlevelnode:8166
[solver] Highlevelnode:21
[solver] ConflictCount:11
[solver] solved:1
[solver] elapsed:52
[solver] makespan:47
[problem] timesteplimit:15000
[problem] type:MAPF
[problem] agentnum:30
[graph] width:32
[graph] height:32
[graph] filename:./map/32by32_agents10_ex30.map
[task] id:9,start:0,end:0,service time:0,nodes:429,
[task] id:26,start:0,end:0,service time:0,nodes:909,
[task] id:24,start:0,end:0,service time:0,nodes:206,
[task] id:28,start:0,end:0,service time:0,nodes:181,
[task] id:20,start:0,end:0,service time:0,nodes:104,
[task] id:25,start:0,end:0,service time:0,nodes:635,
[task] id:19,start:0,end:0,service time:0,nodes:489,
[task] id:11,start:0,end:0,service time:0,nodes:467,
[task] id:5,start:0,end:0,service time:0,nodes:41,
[task] id:17,start:0,end:0,service time:0,nodes:261,
[task] id:22,start:0,end:0,service time:0,nodes:145,
[task] id:10,start:0,end:0,service time:0,nodes:391,
[task] id:29,start:0,end:0,service time:0,nodes:894,
[task] id:3,start:0,end:0,service time:0,nodes:323,
[task] id:23,start:0,end:0,service time:0,nodes:71,
[task] id:12,start:0,end:0,service time:0,nodes:698,
[task] id:13,start:0,end:0,service time:0,nodes:989,
[task] id:7,start:0,end:0,service time:0,nodes:566,
[task] id:8,start:0,end:0,service time:0,nodes:878,
[task] id:15,start:0,end:0,service time:0,nodes:211,
[task] id:4,start:0,end:0,service time:0,nodes:447,
[task] id:14,start:0,end:0,service time:0,nodes:893,
[task] id:18,start:0,end:0,service time:0,nodes:142,
[task] id:1,start:0,end:0,service time:0,nodes:696,
[task] id:16,start:0,end:0,service time:0,nodes:50,
[task] id:21,start:0,end:0,service time:0,nodes:390,
[task] id:0,start:0,end:0,service time:0,nodes:288,
[task] id:2,start:0,end:0,service time:0,nodes:705,
[task] id:6,start:0,end:0,service time:0,nodes:1003,
[task] id:27,start:0,end:0,service time:0,nodes:1007,
[agent] id:0
path:413,381,380,379,378,377,345,313,312,311,310,309,308,307,306,305,304,303,271,270,269,268,236,204,203,202,201,200,199,231,230,229,228,260,259,258,257,256,288,288,288,288,288,288,288,288,288,288,
goal:288,288,288,288,288,288,288,288,288,288,288,288,288,288,288,288,288,288,288,288,288,288,288,288,288,288,288,288,288,288,288,288,288,288,288,288,288,288,288,288,288,288,288,288,288,288,288,288,
size:38
[agent] id:1
path:135,167,199,200,201,233,234,235,236,268,300,301,302,334,366,367,399,431,463,464,465,497,498,499,500,501,533,534,535,567,599,631,663,695,696,696,696,696,696,696,696,696,696,696,696,696,696,696,
goal:696,696,696,696,696,696,696,696,696,696,696,696,696,696,696,696,696,696,696,696,696,696,696,696,696,696,696,696,696,696,696,696,696,696,696,696,696,696,696,696,696,696,696,696,696,696,696,696,
size:34
[agent] id:2
path:52,84,83,115,114,146,178,210,242,274,306,305,337,369,401,433,465,497,529,561,593,592,591,623,655,687,686,718,717,716,715,714,713,712,711,710,709,708,707,706,705,705,705,705,705,705,705,705,
goal:705,705,705,705,705,705,705,705,705,705,705,705,705,705,705,705,705,705,705,705,705,705,705,705,705,705,705,705,705,705,705,705,705,705,705,705,705,705,705,705,705,705,705,705,705,705,705,705,
size:40
[agent] id:3
path:658,626,594,562,561,560,559,558,557,556,555,554,522,521,520,519,487,486,454,422,390,358,357,356,355,323,323,323,323,323,323,323,323,323,323,323,323,323,323,323,323,323,323,323,323,323,323,323,
goal:323,323,323,323,323,323,323,323,323,323,323,323,323,323,323,323,323,323,323,323,323,323,323,323,323,323,323,323,323,323,323,323,323,323,323,323,323,323,323,323,323,323,323,323,323,323,323,323,
size:25
[agent] id:4
path:745,713,681,649,617,618,619,620,621,622,590,558,559,560,561,562,563,564,565,566,534,535,536,537,538,539,507,508,476,477,478,446,447,447,447,447,447,447,447,447,447,447,447,447,447,447,447,447,
goal:447,447,447,447,447,447,447,447,447,447,447,447,447,447,447,447,447,447,447,447,447,447,447,447,447,447,447,447,447,447,447,447,447,447,447,447,447,447,447,447,447,447,447,447,447,447,447,447,
size:32
[agent] id:5
path:121,89,57,56,55,54,53,52,51,50,49,48,80,79,78,77,45,44,12,11,10,42,41,41,41,41,41,41,41,41,41,41,41,41,41,41,41,41,41,41,41,41,41,41,41,41,41,41,
goal:41,41,41,41,41,41,41,41,41,41,41,41,41,41,41,41,41,41,41,41,41,41,41,41,41,41,41,41,41,41,41,41,41,41,41,41,41,41,41,41,41,41,41,41,41,41,41,41,
size:22
[agent] id:6
path:123,155,187,219,218,217,216,248,280,312,344,376,408,407,439,438,470,469,501,533,565,597,629,661,693,725,724,723,755,754,786,818,850,882,914,946,945,944,943,942,974,1006,1005,1004,1003,1003,1003,1003,
goal:1003,1003,1003,1003,1003,1003,1003,1003,1003,1003,1003,1003,1003,1003,1003,1003,1003,1003,1003,1003,1003,1003,1003,1003,1003,1003,1003,1003,1003,1003,1003,1003,1003,1003,1003,1003,1003,1003,1003,1003,1003,1003,1003,1003,1003,1003,1003,1003,
size:44
[agent] id:7
path:290,322,354,355,356,357,389,421,453,485,517,549,550,551,552,553,554,555,556,557,558,559,560,561,562,563,564,565,566,566,566,566,566,566,566,566,566,566,566,566,566,566,566,566,566,566,566,566,
goal:566,566,566,566,566,566,566,566,566,566,566,566,566,566,566,566,566,566,566,566,566,566,566,566,566,566,566,566,566,566,566,566,566,566,566,566,566,566,566,566,566,566,566,566,566,566,566,566,
size:28
[agent] id:8
path:111,143,144,176,177,209,241,242,274,306,305,337,369,401,433,465,497,529,561,593,592,591,623,655,687,686,718,750,782,814,846,878,878,878,878,878,878,878,878,878,878,878,878,878,878,878,878,878,
goal:878,878,878,878,878,878,878,878,878,878,878,878,878,878,878,878,878,878,878,878,878,878,878,878,878,878,878,878,878,878,878,878,878,878,878,878,878,878,878,878,878,878,878,878,878,878,878,878,
size:31
[agent] id:9
path:593,561,529,528,527,526,494,493,461,429,429,429,429,429,429,429,429,429,429,429,429,429,429,429,429,429,429,429,429,429,429,429,429,429,429,429,429,429,429,429,429,429,429,429,429,429,429,429,
goal:429,429,429,429,429,429,429,429,429,429,429,429,429,429,429,429,429,429,429,429,429,429,429,429,429,429,429,429,429,429,429,429,429,429,429,429,429,429,429,429,429,429,429,429,429,429,429,429,
size:9
[agent] id:10
path:971,939,907,875,843,811,779,747,715,683,651,619,618,617,616,584,552,520,519,487,486,454,422,390,391,391,391,391,391,391,391,391,391,391,391,391,391,391,391,391,391,391,391,391,391,391,391,391,
goal:391,391,391,391,391,391,391,391,391,391,391,391,391,391,391,391,391,391,391,391,391,391,391,391,391,391,391,391,391,391,391,391,391,391,391,391,391,391,391,391,391,391,391,391,391,391,391,391,
size:24
[agent] id:11
path:921,920,888,887,855,823,791,759,727,695,663,631,599,567,535,534,533,501,500,468,467,467,467,467,467,467,467,467,467,467,467,467,467,467,467,467,467,467,467,467,467,467,467,467,467,467,467,467,
goal:467,467,467,467,467,467,467,467,467,467,467,467,467,467,467,467,467,467,467,467,467,467,467,467,467,467,467,467,467,467,467,467,467,467,467,467,467,467,467,467,467,467,467,467,467,467,467,467,
size:20
[agent] id:12
path:836,837,838,839,840,841,842,843,844,845,846,847,848,849,850,818,786,754,722,723,724,725,726,727,695,696,697,698,698,698,698,698,698,698,698,698,698,698,698,698,698,698,698,698,698,698,698,698,
goal:698,698,698,698,698,698,698,698,698,698,698,698,698,698,698,698,698,698,698,698,698,698,698,698,698,698,698,698,698,698,698,698,698,698,698,698,698,698,698,698,698,698,698,698,698,698,698,698,
size:27
[agent] id:13
path:414,446,478,477,509,508,540,539,571,603,635,667,699,700,701,733,765,797,798,830,831,863,895,927,959,991,990,989,989,989,989,989,989,989,989,989,989,989,989,989,989,989,989,989,989,989,989,989,
goal:989,989,989,989,989,989,989,989,989,989,989,989,989,989,989,989,989,989,989,989,989,989,989,989,989,989,989,989,989,989,989,989,989,989,989,989,989,989,989,989,989,989,989,989,989,989,989,989,
size:27
[agent] id:14
path:364,396,428,460,461,493,525,557,589,621,653,685,686,687,688,720,721,722,723,724,725,757,758,759,791,823,824,825,857,858,859,860,892,893,893,893,893,893,893,893,893,893,893,893,893,893,893,893,
goal:893,893,893,893,893,893,893,893,893,893,893,893,893,893,893,893,893,893,893,893,893,893,893,893,893,893,893,893,893,893,893,893,893,893,893,893,893,893,893,893,893,893,893,893,893,893,893,893,
size:33
[agent] id:15
path:609,577,545,513,514,482,450,418,419,420,421,389,390,391,392,393,394,395,396,364,332,300,268,269,270,271,239,240,241,209,210,211,211,211,211,211,211,211,211,211,211,211,211,211,211,211,211,211,
goal:211,211,211,211,211,211,211,211,211,211,211,211,211,211,211,211,211,211,211,211,211,211,211,211,211,211,211,211,211,211,211,211,211,211,211,211,211,211,211,211,211,211,211,211,211,211,211,211,
size:31
[agent] id:16
path:610,578,579,547,515,483,451,419,420,421,389,357,358,326,294,262,230,231,199,200,201,202,203,171,172,173,174,142,110,78,79,80,48,49,50,50,50,50,50,50,50,50,50,50,50,50,50,50,
goal:50,50,50,50,50,50,50,50,50,50,50,50,50,50,50,50,50,50,50,50,50,50,50,50,50,50,50,50,50,50,50,50,50,50,50,50,50,50,50,50,50,50,50,50,50,50,50,50,
size:34
[agent] id:17
path:736,737,705,673,641,609,577,545,513,514,482,450,418,419,420,421,389,357,358,326,294,262,261,261,261,261,261,261,261,261,261,261,261,261,261,261,261,261,261,261,261,261,261,261,261,261,261,261,
goal:261,261,261,261,261,261,261,261,261,261,261,261,261,261,261,261,261,261,261,261,261,261,261,261,261,261,261,261,261,261,261,261,261,261,261,261,261,261,261,261,261,261,261,261,261,261,261,261,
size:22
[agent] id:18
path:976,944,912,880,848,849,850,818,786,754,722,690,658,626,594,594,562,530,498,466,434,402,401,369,337,305,273,241,209,177,176,144,143,142,142,142,142,142,142,142,142,142,142,142,142,142,142,142,
goal:142,142,142,142,142,142,142,142,142,142,142,142,142,142,142,142,142,142,142,142,142,142,142,142,142,142,142,142,142,142,142,142,142,142,142,142,142,142,142,142,142,142,142,142,142,142,142,142,
size:33
[agent] id:19
path:72,104,136,168,200,199,231,263,262,294,326,358,359,359,391,423,424,456,457,489,489,489,489,489,489,489,489,489,489,489,489,489,489,489,489,489,489,489,489,489,489,489,489,489,489,489,489,489,
goal:489,489,489,489,489,489,489,489,489,489,489,489,489,489,489,489,489,489,489,489,489,489,489,489,489,489,489,489,489,489,489,489,489,489,489,489,489,489,489,489,489,489,489,489,489,489,489,489,
size:19
[agent] id:20
path:427,395,396,364,332,300,268,236,204,172,140,139,107,106,105,104,104,104,104,104,104,104,104,104,104,104,104,104,104,104,104,104,104,104,104,104,104,104,104,104,104,104,104,104,104,104,104,104,
goal:104,104,104,104,104,104,104,104,104,104,104,104,104,104,104,104,104,104,104,104,104,104,104,104,104,104,104,104,104,104,104,104,104,104,104,104,104,104,104,104,104,104,104,104,104,104,104,104,
size:15
[agent] id:21
path:61,93,92,91,123,155,187,219,218,217,216,248,280,312,311,310,309,308,307,306,305,304,303,302,301,300,332,364,396,395,394,393,392,424,423,422,390,390,390,390,390,390,390,390,390,390,390,390,
goal:390,390,390,390,390,390,390,390,390,390,390,390,390,390,390,390,390,390,390,390,390,390,390,390,390,390,390,390,390,390,390,390,390,390,390,390,390,390,390,390,390,390,390,390,390,390,390,390,
size:36
[agent] id:22
path:551,519,520,521,489,457,458,426,394,395,396,364,332,300,268,236,204,172,173,174,142,143,144,145,145,145,145,145,145,145,145,145,145,145,145,145,145,145,145,145,145,145,145,145,145,145,145,145,
goal:145,145,145,145,145,145,145,145,145,145,145,145,145,145,145,145,145,145,145,145,145,145,145,145,145,145,145,145,145,145,145,145,145,145,145,145,145,145,145,145,145,145,145,145,145,145,145,145,
size:23
[agent] id:23
path:776,744,712,680,648,616,584,552,520,519,487,486,454,422,390,358,326,294,262,230,231,199,167,135,103,71,71,71,71,71,71,71,71,71,71,71,71,71,71,71,71,71,71,71,71,71,71,71,
goal:71,71,71,71,71,71,71,71,71,71,71,71,71,71,71,71,71,71,71,71,71,71,71,71,71,71,71,71,71,71,71,71,71,71,71,71,71,71,71,71,71,71,71,71,71,71,71,71,
size:25
[agent] id:24
path:497,465,433,401,369,337,305,273,241,240,239,207,206,206,206,206,206,206,206,206,206,206,206,206,206,206,206,206,206,206,206,206,206,206,206,206,206,206,206,206,206,206,206,206,206,206,206,206,
goal:206,206,206,206,206,206,206,206,206,206,206,206,206,206,206,206,206,206,206,206,206,206,206,206,206,206,206,206,206,206,206,206,206,206,206,206,206,206,206,206,206,206,206,206,206,206,206,206,
size:12
[agent] id:25
path:989,957,925,893,861,860,859,858,857,825,793,794,762,730,698,699,667,635,635,635,635,635,635,635,635,635,635,635,635,635,635,635,635,635,635,635,635,635,635,635,635,635,635,635,635,635,635,635,
goal:635,635,635,635,635,635,635,635,635,635,635,635,635,635,635,635,635,635,635,635,635,635,635,635,635,635,635,635,635,635,635,635,635,635,635,635,635,635,635,635,635,635,635,635,635,635,635,635,
size:17
[agent] id:26
path:688,687,686,718,750,782,814,846,878,877,909,909,909,909,909,909,909,909,909,909,909,909,909,909,909,909,909,909,909,909,909,909,909,909,909,909,909,909,909,909,909,909,909,909,909,909,909,909,
goal:909,909,909,909,909,909,909,909,909,909,909,909,909,909,909,909,909,909,909,909,909,909,909,909,909,909,909,909,909,909,909,909,909,909,909,909,909,909,909,909,909,909,909,909,909,909,909,909,
size:10
[agent] id:27
path:7,39,71,103,135,167,199,200,201,233,234,235,236,268,269,301,300,332,364,332,331,332,364,396,428,460,461,493,525,557,589,621,653,685,717,749,781,782,814,846,847,879,911,943,942,974,1006,1007,
goal:1007,1007,1007,1007,1007,1007,1007,1007,1007,1007,1007,1007,1007,1007,1007,1007,1007,1007,1007,1007,1007,1007,1007,1007,1007,1007,1007,1007,1007,1007,1007,1007,1007,1007,1007,1007,1007,1007,1007,1007,1007,1007,1007,1007,1007,1007,1007,1007,
size:47
[agent] id:28
path:498,466,434,435,436,437,405,373,341,309,277,245,213,181,181,181,181,181,181,181,181,181,181,181,181,181,181,181,181,181,181,181,181,181,181,181,181,181,181,181,181,181,181,181,181,181,181,181,
goal:181,181,181,181,181,181,181,181,181,181,181,181,181,181,181,181,181,181,181,181,181,181,181,181,181,181,181,181,181,181,181,181,181,181,181,181,181,181,181,181,181,181,181,181,181,181,181,181,
size:13
[agent] id:29
path:436,468,500,501,533,565,597,629,661,693,725,757,758,759,791,823,824,825,857,858,859,860,892,893,894,894,894,894,894,894,894,894,894,894,894,894,894,894,894,894,894,894,894,894,894,894,894,894,
goal:894,894,894,894,894,894,894,894,894,894,894,894,894,894,894,894,894,894,894,894,894,894,894,894,894,894,894,894,894,894,894,894,894,894,894,894,894,894,894,894,894,894,894,894,894,894,894,894,
size:24
SolutionCost:795
