[setting] seed:8991
[solver] type:SASB-ECBS
[solver] w:2.000000
[solver] ID:0
[solver] Lowlevelnode:7949
[solver] Highlevelnode:21
[solver] ConflictCount:11
[solver] solved:1
[solver] elapsed:45
[solver] makespan:51
[problem] timesteplimit:15000
[problem] type:MAPF
[problem] agentnum:30
[graph] width:32
[graph] height:32
[graph] filename:./map/32by32_agents10_ex30.map
[task] id:0,start:0,end:0,service time:0,nodes:912,
[task] id:24,start:0,end:0,service time:0,nodes:504,
[task] id:13,start:0,end:0,service time:0,nodes:482,
[task] id:21,start:0,end:0,service time:0,nodes:683,
[task] id:20,start:0,end:0,service time:0,nodes:120,
[task] id:19,start:0,end:0,service time:0,nodes:782,
[task] id:3,start:0,end:0,service time:0,nodes:563,
[task] id:18,start:0,end:0,service time:0,nodes:844,
[task] id:22,start:0,end:0,service time:0,nodes:590,
[task] id:28,start:0,end:0,service time:0,nodes:210,
[task] id:12,start:0,end:0,service time:0,nodes:369,
[task] id:15,start:0,end:0,service time:0,nodes:37,
[task] id:16,start:0,end:0,service time:0,nodes:986,
[task] id:8,start:0,end:0,service time:0,nodes:528,
[task] id:7,start:0,end:0,service time:0,nodes:58,
[task] id:2,start:0,end:0,service time:0,nodes:489,
[task] id:25,start:0,end:0,service time:0,nodes:941,
[task] id:1,start:0,end:0,service time:0,nodes:649,
[task] id:26,start:0,end:0,service time:0,nodes:307,
[task] id:6,start:0,end:0,service time:0,nodes:576,
[task] id:17,start:0,end:0,service time:0,nodes:123,
[task] id:23,start:0,end:0,service time:0,nodes:64,
[task] id:14,start:0,end:0,service time:0,nodes:990,
[task] id:27,start:0,end:0,service time:0,nodes:21,
[task] id:29,start:0,end:0,service time:0,nodes:989,
[task] id:10,start:0,end:0,service time:0,nodes:876,
[task] id:5,start:0,end:0,service time:0,nodes:450,
[task] id:9,start:0,end:0,service time:0,nodes:1020,
[task] id:11,start:0,end:0,service time:0,nodes:814,
[task] id:4,start:0,end:0,service time:0,nodes:861,
[agent] id:0
path:979,978,946,914,913,912,912,912,912,912,912,912,912,912,912,912,912,912,912,912,912,912,912,912,912,912,912,912,912,912,912,912,912,912,912,912,912,912,912,912,912,912,912,912,912,912,912,912,912,912,912,912,
goal:912,912,912,912,912,912,912,912,912,912,912,912,912,912,912,912,912,912,912,912,912,912,912,912,912,912,912,912,912,912,912,912,912,912,912,912,912,912,912,912,912,912,912,912,912,912,912,912,912,912,912,912,
size:5
[agent] id:1
path:669,668,667,635,634,633,632,664,663,662,661,660,659,658,657,656,655,654,653,652,651,650,649,649,649,649,649,649,649,649,649,649,649,649,649,649,649,649,649,649,649,649,649,649,649,649,649,649,649,649,649,649,
goal:649,649,649,649,649,649,649,649,649,649,649,649,649,649,649,649,649,649,649,649,649,649,649,649,649,649,649,649,649,649,649,649,649,649,649,649,649,649,649,649,649,649,649,649,649,649,649,649,649,649,649,649,
size:22
[agent] id:2
path:537,536,535,534,533,565,564,563,562,561,560,559,558,557,556,555,554,522,490,489,489,489,489,489,489,489,489,489,489,489,489,489,489,489,489,489,489,489,489,489,489,489,489,489,489,489,489,489,489,489,489,489,
goal:489,489,489,489,489,489,489,489,489,489,489,489,489,489,489,489,489,489,489,489,489,489,489,489,489,489,489,489,489,489,489,489,489,489,489,489,489,489,489,489,489,489,489,489,489,489,489,489,489,489,489,489,
size:19
[agent] id:3
path:309,341,373,405,437,469,501,533,565,564,563,563,563,563,563,563,563,563,563,563,563,563,563,563,563,563,563,563,563,563,563,563,563,563,563,563,563,563,563,563,563,563,563,563,563,563,563,563,563,563,563,563,
goal:563,563,563,563,563,563,563,563,563,563,563,563,563,563,563,563,563,563,563,563,563,563,563,563,563,563,563,563,563,563,563,563,563,563,563,563,563,563,563,563,563,563,563,563,563,563,563,563,563,563,563,563,
size:10
[agent] id:4
path:163,162,161,193,225,257,258,290,322,354,355,356,357,389,421,453,485,517,549,550,582,614,615,616,617,618,650,651,652,653,685,686,687,688,720,721,722,723,724,725,757,758,759,791,823,824,825,857,858,859,860,861,
goal:861,861,861,861,861,861,861,861,861,861,861,861,861,861,861,861,861,861,861,861,861,861,861,861,861,861,861,861,861,861,861,861,861,861,861,861,861,861,861,861,861,861,861,861,861,861,861,861,861,861,861,861,
size:51
[agent] id:5
path:922,921,920,888,887,855,823,791,759,727,695,663,631,630,629,628,627,626,594,562,561,560,559,558,557,556,555,554,522,521,520,519,487,486,454,453,452,451,450,450,450,450,450,450,450,450,450,450,450,450,450,450,
goal:450,450,450,450,450,450,450,450,450,450,450,450,450,450,450,450,450,450,450,450,450,450,450,450,450,450,450,450,450,450,450,450,450,450,450,450,450,450,450,450,450,450,450,450,450,450,450,450,450,450,450,450,
size:38
[agent] id:6
path:104,136,168,200,199,231,263,262,294,326,358,390,422,454,486,518,550,549,548,547,579,578,577,576,576,576,576,576,576,576,576,576,576,576,576,576,576,576,576,576,576,576,576,576,576,576,576,576,576,576,576,576,
goal:576,576,576,576,576,576,576,576,576,576,576,576,576,576,576,576,576,576,576,576,576,576,576,576,576,576,576,576,576,576,576,576,576,576,576,576,576,576,576,576,576,576,576,576,576,576,576,576,576,576,576,576,
size:23
[agent] id:7
path:337,305,273,241,209,177,145,113,81,49,50,51,52,53,54,55,56,57,58,58,58,58,58,58,58,58,58,58,58,58,58,58,58,58,58,58,58,58,58,58,58,58,58,58,58,58,58,58,58,58,58,58,
goal:58,58,58,58,58,58,58,58,58,58,58,58,58,58,58,58,58,58,58,58,58,58,58,58,58,58,58,58,58,58,58,58,58,58,58,58,58,58,58,58,58,58,58,58,58,58,58,58,58,58,58,58,
size:18
[agent] id:8
path:824,792,760,728,727,695,663,631,630,629,628,627,626,594,562,530,529,528,528,528,528,528,528,528,528,528,528,528,528,528,528,528,528,528,528,528,528,528,528,528,528,528,528,528,528,528,528,528,528,528,528,528,
goal:528,528,528,528,528,528,528,528,528,528,528,528,528,528,528,528,528,528,528,528,528,528,528,528,528,528,528,528,528,528,528,528,528,528,528,528,528,528,528,528,528,528,528,528,528,528,528,528,528,528,528,528,
size:17
[agent] id:9
path:486,518,519,551,583,615,647,648,649,650,651,652,653,685,686,687,688,720,721,722,723,724,725,757,758,759,791,823,824,825,857,858,859,860,892,924,956,988,1020,1020,1020,1020,1020,1020,1020,1020,1020,1020,1020,1020,1020,1020,
goal:1020,1020,1020,1020,1020,1020,1020,1020,1020,1020,1020,1020,1020,1020,1020,1020,1020,1020,1020,1020,1020,1020,1020,1020,1020,1020,1020,1020,1020,1020,1020,1020,1020,1020,1020,1020,1020,1020,1020,1020,1020,1020,1020,1020,1020,1020,1020,1020,1020,1020,1020,1020,
size:38
[agent] id:10
path:55,87,119,151,183,215,247,279,311,310,342,374,406,438,470,469,501,533,565,597,629,661,693,725,724,723,755,754,786,818,850,882,881,880,879,878,877,876,876,876,876,876,876,876,876,876,876,876,876,876,876,876,
goal:876,876,876,876,876,876,876,876,876,876,876,876,876,876,876,876,876,876,876,876,876,876,876,876,876,876,876,876,876,876,876,876,876,876,876,876,876,876,876,876,876,876,876,876,876,876,876,876,876,876,876,876,
size:37
[agent] id:11
path:9,41,73,105,137,169,201,233,234,235,236,268,300,301,302,334,366,367,399,431,463,464,465,497,529,561,593,594,626,658,690,722,754,786,818,850,849,848,847,846,814,814,814,814,814,814,814,814,814,814,814,814,
goal:814,814,814,814,814,814,814,814,814,814,814,814,814,814,814,814,814,814,814,814,814,814,814,814,814,814,814,814,814,814,814,814,814,814,814,814,814,814,814,814,814,814,814,814,814,814,814,814,814,814,814,814,
size:40
[agent] id:12
path:120,152,184,216,248,280,312,311,310,309,308,307,306,305,337,369,369,369,369,369,369,369,369,369,369,369,369,369,369,369,369,369,369,369,369,369,369,369,369,369,369,369,369,369,369,369,369,369,369,369,369,369,
goal:369,369,369,369,369,369,369,369,369,369,369,369,369,369,369,369,369,369,369,369,369,369,369,369,369,369,369,369,369,369,369,369,369,369,369,369,369,369,369,369,369,369,369,369,369,369,369,369,369,369,369,369,
size:15
[agent] id:13
path:423,422,454,486,485,484,483,482,482,482,482,482,482,482,482,482,482,482,482,482,482,482,482,482,482,482,482,482,482,482,482,482,482,482,482,482,482,482,482,482,482,482,482,482,482,482,482,482,482,482,482,482,
goal:482,482,482,482,482,482,482,482,482,482,482,482,482,482,482,482,482,482,482,482,482,482,482,482,482,482,482,482,482,482,482,482,482,482,482,482,482,482,482,482,482,482,482,482,482,482,482,482,482,482,482,482,
size:7
[agent] id:14
path:773,805,837,838,839,840,841,842,843,844,845,846,847,848,849,850,851,852,853,854,855,823,824,825,857,858,859,860,892,924,956,988,989,990,990,990,990,990,990,990,990,990,990,990,990,990,990,990,990,990,990,990,
goal:990,990,990,990,990,990,990,990,990,990,990,990,990,990,990,990,990,990,990,990,990,990,990,990,990,990,990,990,990,990,990,990,990,990,990,990,990,990,990,990,990,990,990,990,990,990,990,990,990,990,990,990,
size:33
[agent] id:15
path:207,206,174,173,172,140,139,107,75,74,42,41,40,39,38,37,37,37,37,37,37,37,37,37,37,37,37,37,37,37,37,37,37,37,37,37,37,37,37,37,37,37,37,37,37,37,37,37,37,37,37,37,
goal:37,37,37,37,37,37,37,37,37,37,37,37,37,37,37,37,37,37,37,37,37,37,37,37,37,37,37,37,37,37,37,37,37,37,37,37,37,37,37,37,37,37,37,37,37,37,37,37,37,37,37,37,
size:15
[agent] id:16
path:633,632,664,696,728,760,792,824,823,855,887,919,920,952,984,985,986,986,986,986,986,986,986,986,986,986,986,986,986,986,986,986,986,986,986,986,986,986,986,986,986,986,986,986,986,986,986,986,986,986,986,986,
goal:986,986,986,986,986,986,986,986,986,986,986,986,986,986,986,986,986,986,986,986,986,986,986,986,986,986,986,986,986,986,986,986,986,986,986,986,986,986,986,986,986,986,986,986,986,986,986,986,986,986,986,986,
size:16
[agent] id:17
path:634,602,570,538,537,536,535,534,533,501,469,437,405,373,341,309,277,245,213,181,182,150,151,152,153,121,122,123,123,123,123,123,123,123,123,123,123,123,123,123,123,123,123,123,123,123,123,123,123,123,123,123,
goal:123,123,123,123,123,123,123,123,123,123,123,123,123,123,123,123,123,123,123,123,123,123,123,123,123,123,123,123,123,123,123,123,123,123,123,123,123,123,123,123,123,123,123,123,123,123,123,123,123,123,123,123,
size:27
[agent] id:18
path:803,835,836,837,838,839,840,841,842,843,844,844,844,844,844,844,844,844,844,844,844,844,844,844,844,844,844,844,844,844,844,844,844,844,844,844,844,844,844,844,844,844,844,844,844,844,844,844,844,844,844,844,
goal:844,844,844,844,844,844,844,844,844,844,844,844,844,844,844,844,844,844,844,844,844,844,844,844,844,844,844,844,844,844,844,844,844,844,844,844,844,844,844,844,844,844,844,844,844,844,844,844,844,844,844,844,
size:10
[agent] id:19
path:692,691,690,689,688,687,686,718,750,782,782,782,782,782,782,782,782,782,782,782,782,782,782,782,782,782,782,782,782,782,782,782,782,782,782,782,782,782,782,782,782,782,782,782,782,782,782,782,782,782,782,782,
goal:782,782,782,782,782,782,782,782,782,782,782,782,782,782,782,782,782,782,782,782,782,782,782,782,782,782,782,782,782,782,782,782,782,782,782,782,782,782,782,782,782,782,782,782,782,782,782,782,782,782,782,782,
size:9
[agent] id:20
path:221,189,188,156,155,123,122,121,120,120,120,120,120,120,120,120,120,120,120,120,120,120,120,120,120,120,120,120,120,120,120,120,120,120,120,120,120,120,120,120,120,120,120,120,120,120,120,120,120,120,120,120,
goal:120,120,120,120,120,120,120,120,120,120,120,120,120,120,120,120,120,120,120,120,120,120,120,120,120,120,120,120,120,120,120,120,120,120,120,120,120,120,120,120,120,120,120,120,120,120,120,120,120,120,120,120,
size:8
[agent] id:21
path:876,844,812,811,779,747,715,683,683,683,683,683,683,683,683,683,683,683,683,683,683,683,683,683,683,683,683,683,683,683,683,683,683,683,683,683,683,683,683,683,683,683,683,683,683,683,683,683,683,683,683,683,
goal:683,683,683,683,683,683,683,683,683,683,683,683,683,683,683,683,683,683,683,683,683,683,683,683,683,683,683,683,683,683,683,683,683,683,683,683,683,683,683,683,683,683,683,683,683,683,683,683,683,683,683,683,
size:7
[agent] id:22
path:724,692,660,628,627,626,594,593,592,591,590,590,590,590,590,590,590,590,590,590,590,590,590,590,590,590,590,590,590,590,590,590,590,590,590,590,590,590,590,590,590,590,590,590,590,590,590,590,590,590,590,590,
goal:590,590,590,590,590,590,590,590,590,590,590,590,590,590,590,590,590,590,590,590,590,590,590,590,590,590,590,590,590,590,590,590,590,590,590,590,590,590,590,590,590,590,590,590,590,590,590,590,590,590,590,590,
size:10
[agent] id:23
path:313,312,311,310,309,308,307,306,274,242,241,240,239,207,206,174,173,172,140,139,107,75,74,73,72,71,70,69,68,67,66,65,64,64,64,64,64,64,64,64,64,64,64,64,64,64,64,64,64,64,64,64,
goal:64,64,64,64,64,64,64,64,64,64,64,64,64,64,64,64,64,64,64,64,64,64,64,64,64,64,64,64,64,64,64,64,64,64,64,64,64,64,64,64,64,64,64,64,64,64,64,64,64,64,64,64,
size:32
[agent] id:24
path:408,409,441,473,472,504,504,504,504,504,504,504,504,504,504,504,504,504,504,504,504,504,504,504,504,504,504,504,504,504,504,504,504,504,504,504,504,504,504,504,504,504,504,504,504,504,504,504,504,504,504,504,
goal:504,504,504,504,504,504,504,504,504,504,504,504,504,504,504,504,504,504,504,504,504,504,504,504,504,504,504,504,504,504,504,504,504,504,504,504,504,504,504,504,504,504,504,504,504,504,504,504,504,504,504,504,
size:5
[agent] id:25
path:548,549,550,582,614,646,678,710,742,774,806,838,870,902,934,935,936,937,938,939,940,941,941,941,941,941,941,941,941,941,941,941,941,941,941,941,941,941,941,941,941,941,941,941,941,941,941,941,941,941,941,941,
goal:941,941,941,941,941,941,941,941,941,941,941,941,941,941,941,941,941,941,941,941,941,941,941,941,941,941,941,941,941,941,941,941,941,941,941,941,941,941,941,941,941,941,941,941,941,941,941,941,941,941,941,941,
size:21
[agent] id:26
path:322,323,355,356,357,358,359,391,392,393,394,395,396,364,332,300,301,302,303,304,305,306,307,307,307,307,307,307,307,307,307,307,307,307,307,307,307,307,307,307,307,307,307,307,307,307,307,307,307,307,307,307,
goal:307,307,307,307,307,307,307,307,307,307,307,307,307,307,307,307,307,307,307,307,307,307,307,307,307,307,307,307,307,307,307,307,307,307,307,307,307,307,307,307,307,307,307,307,307,307,307,307,307,307,307,307,
size:22
[agent] id:27
path:452,420,421,389,390,391,392,393,394,395,396,364,332,331,299,299,300,268,236,204,172,173,174,142,110,78,79,80,48,49,17,18,19,20,21,21,21,21,21,21,21,21,21,21,21,21,21,21,21,21,21,21,
goal:21,21,21,21,21,21,21,21,21,21,21,21,21,21,21,21,21,21,21,21,21,21,21,21,21,21,21,21,21,21,21,21,21,21,21,21,21,21,21,21,21,21,21,21,21,21,21,21,21,21,21,21,
size:34
[agent] id:28
path:437,405,406,374,342,310,309,277,245,213,212,211,210,210,210,210,210,210,210,210,210,210,210,210,210,210,210,210,210,210,210,210,210,210,210,210,210,210,210,210,210,210,210,210,210,210,210,210,210,210,210,210,
goal:210,210,210,210,210,210,210,210,210,210,210,210,210,210,210,210,210,210,210,210,210,210,210,210,210,210,210,210,210,210,210,210,210,210,210,210,210,210,210,210,210,210,210,210,210,210,210,210,210,210,210,210,
size:12
[agent] id:29
path:242,274,306,305,337,369,401,433,465,497,498,499,500,501,533,565,597,629,661,693,725,757,758,759,791,823,824,825,857,858,859,860,892,924,956,988,989,989,989,989,989,989,989,989,989,989,989,989,989,989,989,989,
goal:989,989,989,989,989,989,989,989,989,989,989,989,989,989,989,989,989,989,989,989,989,989,989,989,989,989,989,989,989,989,989,989,989,989,989,989,989,989,989,989,989,989,989,989,989,989,989,989,989,989,989,989,
size:36
SolutionCost:637
