[setting] seed:5884
[solver] type:SASB-ECBS
[solver] w:2.000000
[solver] ID:0
[solver] Lowlevelnode:6874
[solver] Highlevelnode:17
[solver] ConflictCount:9
[solver] solved:1
[solver] elapsed:49
[solver] makespan:55
[problem] timesteplimit:15000
[problem] type:MAPF
[problem] agentnum:30
[graph] width:32
[graph] height:32
[graph] filename:./map/32by32_agents10_ex30.map
[task] id:17,start:0,end:0,service time:0,nodes:835,
[task] id:22,start:0,end:0,service time:0,nodes:618,
[task] id:26,start:0,end:0,service time:0,nodes:395,
[task] id:20,start:0,end:0,service time:0,nodes:482,
[task] id:5,start:0,end:0,service time:0,nodes:217,
[task] id:15,start:0,end:0,service time:0,nodes:798,
[task] id:28,start:0,end:0,service time:0,nodes:130,
[task] id:19,start:0,end:0,service time:0,nodes:794,
[task] id:1,start:0,end:0,service time:0,nodes:651,
[task] id:4,start:0,end:0,service time:0,nodes:760,
[task] id:14,start:0,end:0,service time:0,nodes:658,
[task] id:6,start:0,end:0,service time:0,nodes:857,
[task] id:13,start:0,end:0,service time:0,nodes:306,
[task] id:8,start:0,end:0,service time:0,nodes:58,
[task] id:10,start:0,end:0,service time:0,nodes:725,
[task] id:24,start:0,end:0,service time:0,nodes:132,
[task] id:0,start:0,end:0,service time:0,nodes:602,
[task] id:9,start:0,end:0,service time:0,nodes:191,
[task] id:18,start:0,end:0,service time:0,nodes:67,
[task] id:2,start:0,end:0,service time:0,nodes:337,
[task] id:29,start:0,end:0,service time:0,nodes:895,
[task] id:12,start:0,end:0,service time:0,nodes:446,
[task] id:21,start:0,end:0,service time:0,nodes:461,
[task] id:27,start:0,end:0,service time:0,nodes:123,
[task] id:25,start:0,end:0,service time:0,nodes:48,
[task] id:7,start:0,end:0,service time:0,nodes:564,
[task] id:3,start:0,end:0,service time:0,nodes:643,
[task] id:16,start:0,end:0,service time:0,nodes:218,
[task] id:11,start:0,end:0,service time:0,nodes:1019,
[task] id:23,start:0,end:0,service time:0,nodes:30,
[agent] id:0
path:1007,1006,974,942,943,911,879,847,848,849,850,818,786,754,722,690,691,659,627,628,629,630,631,632,633,634,602,602,602,602,602,602,602,602,602,602,602,602,602,602,602,602,602,602,602,602,602,602,602,602,602,602,602,602,602,602,
goal:602,602,602,602,602,602,602,602,602,602,602,602,602,602,602,602,602,602,602,602,602,602,602,602,602,602,602,602,602,602,602,602,602,602,602,602,602,602,602,602,602,602,602,602,602,602,602,602,602,602,602,602,602,602,602,602,
size:26
[agent] id:1
path:598,630,662,661,660,659,658,657,656,655,654,653,652,651,651,651,651,651,651,651,651,651,651,651,651,651,651,651,651,651,651,651,651,651,651,651,651,651,651,651,651,651,651,651,651,651,651,651,651,651,651,651,651,651,651,651,
goal:651,651,651,651,651,651,651,651,651,651,651,651,651,651,651,651,651,651,651,651,651,651,651,651,651,651,651,651,651,651,651,651,651,651,651,651,651,651,651,651,651,651,651,651,651,651,651,651,651,651,651,651,651,651,651,651,
size:13
[agent] id:2
path:836,804,805,773,741,709,677,645,613,614,582,550,551,552,553,554,555,556,524,525,526,527,528,529,497,465,433,401,369,337,337,337,337,337,337,337,337,337,337,337,337,337,337,337,337,337,337,337,337,337,337,337,337,337,337,337,
goal:337,337,337,337,337,337,337,337,337,337,337,337,337,337,337,337,337,337,337,337,337,337,337,337,337,337,337,337,337,337,337,337,337,337,337,337,337,337,337,337,337,337,337,337,337,337,337,337,337,337,337,337,337,337,337,337,
size:29
[agent] id:3
path:182,214,213,245,277,309,341,373,405,437,469,501,500,499,531,530,529,561,560,559,558,557,556,555,554,522,554,553,552,584,616,648,647,646,645,644,643,643,643,643,643,643,643,643,643,643,643,643,643,643,643,643,643,643,643,643,
goal:643,643,643,643,643,643,643,643,643,643,643,643,643,643,643,643,643,643,643,643,643,643,643,643,643,643,643,643,643,643,643,643,643,643,643,643,643,643,643,643,643,643,643,643,643,643,643,643,643,643,643,643,643,643,643,643,
size:36
[agent] id:4
path:717,718,686,687,688,720,721,722,723,724,725,757,758,759,760,760,760,760,760,760,760,760,760,760,760,760,760,760,760,760,760,760,760,760,760,760,760,760,760,760,760,760,760,760,760,760,760,760,760,760,760,760,760,760,760,760,
goal:760,760,760,760,760,760,760,760,760,760,760,760,760,760,760,760,760,760,760,760,760,760,760,760,760,760,760,760,760,760,760,760,760,760,760,760,760,760,760,760,760,760,760,760,760,760,760,760,760,760,760,760,760,760,760,760,
size:14
[agent] id:5
path:24,56,88,120,152,184,216,217,217,217,217,217,217,217,217,217,217,217,217,217,217,217,217,217,217,217,217,217,217,217,217,217,217,217,217,217,217,217,217,217,217,217,217,217,217,217,217,217,217,217,217,217,217,217,217,217,
goal:217,217,217,217,217,217,217,217,217,217,217,217,217,217,217,217,217,217,217,217,217,217,217,217,217,217,217,217,217,217,217,217,217,217,217,217,217,217,217,217,217,217,217,217,217,217,217,217,217,217,217,217,217,217,217,217,
size:7
[agent] id:6
path:342,374,406,438,470,469,501,533,565,597,629,661,693,725,757,758,759,791,823,824,825,857,857,857,857,857,857,857,857,857,857,857,857,857,857,857,857,857,857,857,857,857,857,857,857,857,857,857,857,857,857,857,857,857,857,857,
goal:857,857,857,857,857,857,857,857,857,857,857,857,857,857,857,857,857,857,857,857,857,857,857,857,857,857,857,857,857,857,857,857,857,857,857,857,857,857,857,857,857,857,857,857,857,857,857,857,857,857,857,857,857,857,857,857,
size:21
[agent] id:7
path:2,3,35,67,68,69,101,133,165,197,229,261,293,294,326,358,390,422,454,486,518,550,551,552,553,554,555,556,557,558,559,560,561,562,563,564,564,564,564,564,564,564,564,564,564,564,564,564,564,564,564,564,564,564,564,564,
goal:564,564,564,564,564,564,564,564,564,564,564,564,564,564,564,564,564,564,564,564,564,564,564,564,564,564,564,564,564,564,564,564,564,564,564,564,564,564,564,564,564,564,564,564,564,564,564,564,564,564,564,564,564,564,564,564,
size:35
[agent] id:8
path:663,631,599,567,535,503,504,472,473,441,409,377,345,313,281,280,248,216,184,152,120,88,56,57,58,58,58,58,58,58,58,58,58,58,58,58,58,58,58,58,58,58,58,58,58,58,58,58,58,58,58,58,58,58,58,58,
goal:58,58,58,58,58,58,58,58,58,58,58,58,58,58,58,58,58,58,58,58,58,58,58,58,58,58,58,58,58,58,58,58,58,58,58,58,58,58,58,58,58,58,58,58,58,58,58,58,58,58,58,58,58,58,58,58,
size:24
[agent] id:9
path:693,661,629,597,565,533,534,535,503,504,472,473,441,409,377,378,379,347,315,316,317,285,286,287,255,223,191,191,191,191,191,191,191,191,191,191,191,191,191,191,191,191,191,191,191,191,191,191,191,191,191,191,191,191,191,191,
goal:191,191,191,191,191,191,191,191,191,191,191,191,191,191,191,191,191,191,191,191,191,191,191,191,191,191,191,191,191,191,191,191,191,191,191,191,191,191,191,191,191,191,191,191,191,191,191,191,191,191,191,191,191,191,191,191,
size:26
[agent] id:10
path:673,705,706,707,708,708,709,710,711,712,713,714,715,716,717,685,686,687,688,720,721,722,723,724,725,725,725,725,725,725,725,725,725,725,725,725,725,725,725,725,725,725,725,725,725,725,725,725,725,725,725,725,725,725,725,725,
goal:725,725,725,725,725,725,725,725,725,725,725,725,725,725,725,725,725,725,725,725,725,725,725,725,725,725,725,725,725,725,725,725,725,725,725,725,725,725,725,725,725,725,725,725,725,725,725,725,725,725,725,725,725,725,725,725,
size:24
[agent] id:11
path:161,193,225,257,258,290,322,354,355,356,357,389,421,453,485,517,549,550,582,614,646,678,710,742,774,806,838,839,840,841,842,874,875,876,877,878,879,880,881,882,883,884,885,886,918,950,982,983,984,985,986,987,1019,1019,1019,1019,
goal:1019,1019,1019,1019,1019,1019,1019,1019,1019,1019,1019,1019,1019,1019,1019,1019,1019,1019,1019,1019,1019,1019,1019,1019,1019,1019,1019,1019,1019,1019,1019,1019,1019,1019,1019,1019,1019,1019,1019,1019,1019,1019,1019,1019,1019,1019,1019,1019,1019,1019,1019,1019,1019,1019,1019,1019,
size:52
[agent] id:12
path:579,547,548,549,550,551,552,553,554,555,556,557,558,559,560,561,562,563,564,565,533,534,535,536,537,538,539,507,508,476,477,478,446,446,446,446,446,446,446,446,446,446,446,446,446,446,446,446,446,446,446,446,446,446,446,446,
goal:446,446,446,446,446,446,446,446,446,446,446,446,446,446,446,446,446,446,446,446,446,446,446,446,446,446,446,446,446,446,446,446,446,446,446,446,446,446,446,446,446,446,446,446,446,446,446,446,446,446,446,446,446,446,446,446,
size:32
[agent] id:13
path:881,849,850,818,786,754,722,690,658,626,594,562,530,498,466,434,402,401,369,337,305,306,306,306,306,306,306,306,306,306,306,306,306,306,306,306,306,306,306,306,306,306,306,306,306,306,306,306,306,306,306,306,306,306,306,306,
goal:306,306,306,306,306,306,306,306,306,306,306,306,306,306,306,306,306,306,306,306,306,306,306,306,306,306,306,306,306,306,306,306,306,306,306,306,306,306,306,306,306,306,306,306,306,306,306,306,306,306,306,306,306,306,306,306,
size:21
[agent] id:14
path:409,441,473,472,504,536,535,567,599,631,663,662,661,660,659,658,658,658,658,658,658,658,658,658,658,658,658,658,658,658,658,658,658,658,658,658,658,658,658,658,658,658,658,658,658,658,658,658,658,658,658,658,658,658,658,658,
goal:658,658,658,658,658,658,658,658,658,658,658,658,658,658,658,658,658,658,658,658,658,658,658,658,658,658,658,658,658,658,658,658,658,658,658,658,658,658,658,658,658,658,658,658,658,658,658,658,658,658,658,658,658,658,658,658,
size:15
[agent] id:15
path:860,861,893,894,895,863,831,799,798,798,798,798,798,798,798,798,798,798,798,798,798,798,798,798,798,798,798,798,798,798,798,798,798,798,798,798,798,798,798,798,798,798,798,798,798,798,798,798,798,798,798,798,798,798,798,798,
goal:798,798,798,798,798,798,798,798,798,798,798,798,798,798,798,798,798,798,798,798,798,798,798,798,798,798,798,798,798,798,798,798,798,798,798,798,798,798,798,798,798,798,798,798,798,798,798,798,798,798,798,798,798,798,798,798,
size:8
[agent] id:16
path:706,707,708,676,644,612,613,614,582,550,518,519,520,521,489,457,458,426,427,428,396,364,332,300,268,269,270,271,239,240,241,209,210,211,212,213,214,215,216,184,185,186,218,218,218,218,218,218,218,218,218,218,218,218,218,218,
goal:218,218,218,218,218,218,218,218,218,218,218,218,218,218,218,218,218,218,218,218,218,218,218,218,218,218,218,218,218,218,218,218,218,218,218,218,218,218,218,218,218,218,218,218,218,218,218,218,218,218,218,218,218,218,218,218,
size:42
[agent] id:17
path:739,771,803,835,835,835,835,835,835,835,835,835,835,835,835,835,835,835,835,835,835,835,835,835,835,835,835,835,835,835,835,835,835,835,835,835,835,835,835,835,835,835,835,835,835,835,835,835,835,835,835,835,835,835,835,835,
goal:835,835,835,835,835,835,835,835,835,835,835,835,835,835,835,835,835,835,835,835,835,835,835,835,835,835,835,835,835,835,835,835,835,835,835,835,835,835,835,835,835,835,835,835,835,835,835,835,835,835,835,835,835,835,835,835,
size:3
[agent] id:18
path:87,86,54,53,52,84,83,82,81,80,79,78,77,45,44,12,11,10,42,74,73,72,71,70,69,68,67,67,67,67,67,67,67,67,67,67,67,67,67,67,67,67,67,67,67,67,67,67,67,67,67,67,67,67,67,67,
goal:67,67,67,67,67,67,67,67,67,67,67,67,67,67,67,67,67,67,67,67,67,67,67,67,67,67,67,67,67,67,67,67,67,67,67,67,67,67,67,67,67,67,67,67,67,67,67,67,67,67,67,67,67,67,67,67,
size:26
[agent] id:19
path:720,721,722,723,724,725,757,758,759,791,792,793,794,794,794,794,794,794,794,794,794,794,794,794,794,794,794,794,794,794,794,794,794,794,794,794,794,794,794,794,794,794,794,794,794,794,794,794,794,794,794,794,794,794,794,794,
goal:794,794,794,794,794,794,794,794,794,794,794,794,794,794,794,794,794,794,794,794,794,794,794,794,794,794,794,794,794,794,794,794,794,794,794,794,794,794,794,794,794,794,794,794,794,794,794,794,794,794,794,794,794,794,794,794,
size:12
[agent] id:20
path:354,353,385,417,449,450,482,482,482,482,482,482,482,482,482,482,482,482,482,482,482,482,482,482,482,482,482,482,482,482,482,482,482,482,482,482,482,482,482,482,482,482,482,482,482,482,482,482,482,482,482,482,482,482,482,482,
goal:482,482,482,482,482,482,482,482,482,482,482,482,482,482,482,482,482,482,482,482,482,482,482,482,482,482,482,482,482,482,482,482,482,482,482,482,482,482,482,482,482,482,482,482,482,482,482,482,482,482,482,482,482,482,482,482,
size:6
[agent] id:21
path:927,895,863,831,799,798,766,734,702,670,669,637,636,635,634,633,632,600,599,567,566,565,564,563,531,530,529,528,527,526,494,493,461,461,461,461,461,461,461,461,461,461,461,461,461,461,461,461,461,461,461,461,461,461,461,461,
goal:461,461,461,461,461,461,461,461,461,461,461,461,461,461,461,461,461,461,461,461,461,461,461,461,461,461,461,461,461,461,461,461,461,461,461,461,461,461,461,461,461,461,461,461,461,461,461,461,461,461,461,461,461,461,461,461,
size:32
[agent] id:22
path:714,682,650,618,618,618,618,618,618,618,618,618,618,618,618,618,618,618,618,618,618,618,618,618,618,618,618,618,618,618,618,618,618,618,618,618,618,618,618,618,618,618,618,618,618,618,618,618,618,618,618,618,618,618,618,618,
goal:618,618,618,618,618,618,618,618,618,618,618,618,618,618,618,618,618,618,618,618,618,618,618,618,618,618,618,618,618,618,618,618,618,618,618,618,618,618,618,618,618,618,618,618,618,618,618,618,618,618,618,618,618,618,618,618,
size:3
[agent] id:23
path:1000,999,967,935,936,904,872,840,808,776,744,712,680,648,616,584,552,520,521,489,457,458,426,427,428,396,364,332,300,268,236,204,172,173,174,142,110,78,79,80,81,49,17,18,19,20,21,22,23,24,25,26,27,28,29,30,
goal:30,30,30,30,30,30,30,30,30,30,30,30,30,30,30,30,30,30,30,30,30,30,30,30,30,30,30,30,30,30,30,30,30,30,30,30,30,30,30,30,30,30,30,30,30,30,30,30,30,30,30,30,30,30,30,30,
size:55
[agent] id:24
path:497,465,433,401,369,337,305,273,241,240,239,207,206,174,173,172,140,139,138,137,136,135,134,133,132,132,132,132,132,132,132,132,132,132,132,132,132,132,132,132,132,132,132,132,132,132,132,132,132,132,132,132,132,132,132,132,
goal:132,132,132,132,132,132,132,132,132,132,132,132,132,132,132,132,132,132,132,132,132,132,132,132,132,132,132,132,132,132,132,132,132,132,132,132,132,132,132,132,132,132,132,132,132,132,132,132,132,132,132,132,132,132,132,132,
size:24
[agent] id:25
path:841,809,810,778,779,747,715,683,651,619,620,621,589,557,525,493,461,429,397,396,364,332,300,268,236,204,172,173,174,142,110,78,79,80,48,48,48,48,48,48,48,48,48,48,48,48,48,48,48,48,48,48,48,48,48,48,
goal:48,48,48,48,48,48,48,48,48,48,48,48,48,48,48,48,48,48,48,48,48,48,48,48,48,48,48,48,48,48,48,48,48,48,48,48,48,48,48,48,48,48,48,48,48,48,48,48,48,48,48,48,48,48,48,48,
size:34
[agent] id:26
path:458,426,394,395,395,395,395,395,395,395,395,395,395,395,395,395,395,395,395,395,395,395,395,395,395,395,395,395,395,395,395,395,395,395,395,395,395,395,395,395,395,395,395,395,395,395,395,395,395,395,395,395,395,395,395,395,
goal:395,395,395,395,395,395,395,395,395,395,395,395,395,395,395,395,395,395,395,395,395,395,395,395,395,395,395,395,395,395,395,395,395,395,395,395,395,395,395,395,395,395,395,395,395,395,395,395,395,395,395,395,395,395,395,395,
size:3
[agent] id:27
path:651,619,620,621,589,557,525,526,527,528,529,497,465,433,401,369,337,305,273,241,209,210,211,212,213,181,182,150,151,119,120,121,122,123,123,123,123,123,123,123,123,123,123,123,123,123,123,123,123,123,123,123,123,123,123,123,
goal:123,123,123,123,123,123,123,123,123,123,123,123,123,123,123,123,123,123,123,123,123,123,123,123,123,123,123,123,123,123,123,123,123,123,123,123,123,123,123,123,123,123,123,123,123,123,123,123,123,123,123,123,123,123,123,123,
size:33
[agent] id:28
path:385,384,352,320,288,256,257,225,193,161,162,130,130,130,130,130,130,130,130,130,130,130,130,130,130,130,130,130,130,130,130,130,130,130,130,130,130,130,130,130,130,130,130,130,130,130,130,130,130,130,130,130,130,130,130,130,
goal:130,130,130,130,130,130,130,130,130,130,130,130,130,130,130,130,130,130,130,130,130,130,130,130,130,130,130,130,130,130,130,130,130,130,130,130,130,130,130,130,130,130,130,130,130,130,130,130,130,130,130,130,130,130,130,130,
size:11
[agent] id:29
path:1002,970,938,939,940,941,942,943,944,945,946,978,979,980,948,949,950,982,983,984,985,986,987,955,956,924,892,893,894,895,895,895,895,895,895,895,895,895,895,895,895,895,895,895,895,895,895,895,895,895,895,895,895,895,895,895,
goal:895,895,895,895,895,895,895,895,895,895,895,895,895,895,895,895,895,895,895,895,895,895,895,895,895,895,895,895,895,895,895,895,895,895,895,895,895,895,895,895,895,895,895,895,895,895,895,895,895,895,895,895,895,895,895,895,
size:29
SolutionCost:696
