[setting] seed:3417
[solver] type:SASB-ECBS
[solver] w:2.000000
[solver] ID:0
[solver] Lowlevelnode:3949
[solver] Highlevelnode:23
[solver] ConflictCount:12
[solver] solved:1
[solver] elapsed:31
[solver] makespan:40
[problem] timesteplimit:15000
[problem] type:MAPF
[problem] agentnum:30
[graph] width:32
[graph] height:32
[graph] filename:./map/32by32_agents10_ex30.map
[task] id:17,start:0,end:0,service time:0,nodes:452,
[task] id:27,start:0,end:0,service time:0,nodes:614,
[task] id:15,start:0,end:0,service time:0,nodes:716,
[task] id:1,start:0,end:0,service time:0,nodes:50,
[task] id:10,start:0,end:0,service time:0,nodes:126,
[task] id:13,start:0,end:0,service time:0,nodes:474,
[task] id:8,start:0,end:0,service time:0,nodes:807,
[task] id:16,start:0,end:0,service time:0,nodes:705,
[task] id:2,start:0,end:0,service time:0,nodes:661,
[task] id:29,start:0,end:0,service time:0,nodes:620,
[task] id:18,start:0,end:0,service time:0,nodes:182,
[task] id:24,start:0,end:0,service time:0,nodes:538,
[task] id:5,start:0,end:0,service time:0,nodes:178,
[task] id:6,start:0,end:0,service time:0,nodes:507,
[task] id:26,start:0,end:0,service time:0,nodes:988,
[task] id:11,start:0,end:0,service time:0,nodes:277,
[task] id:20,start:0,end:0,service time:0,nodes:618,
[task] id:7,start:0,end:0,service time:0,nodes:77,
[task] id:23,start:0,end:0,service time:0,nodes:68,
[task] id:0,start:0,end:0,service time:0,nodes:918,
[task] id:9,start:0,end:0,service time:0,nodes:477,
[task] id:28,start:0,end:0,service time:0,nodes:300,
[task] id:3,start:0,end:0,service time:0,nodes:227,
[task] id:14,start:0,end:0,service time:0,nodes:796,
[task] id:21,start:0,end:0,service time:0,nodes:190,
[task] id:22,start:0,end:0,service time:0,nodes:151,
[task] id:25,start:0,end:0,service time:0,nodes:250,
[task] id:4,start:0,end:0,service time:0,nodes:359,
[task] id:19,start:0,end:0,service time:0,nodes:1017,
[task] id:12,start:0,end:0,service time:0,nodes:898,
[agent] id:0
path:337,369,401,433,434,466,498,497,498,530,562,594,626,658,657,689,721,753,785,786,818,850,882,883,884,885,886,918,918,918,918,918,918,918,918,918,918,918,918,918,918,
goal:918,918,918,918,918,918,918,918,918,918,918,918,918,918,918,918,918,918,918,918,918,918,918,918,918,918,918,918,918,918,918,918,918,918,918,918,918,918,918,918,918,
size:27
[agent] id:1
path:123,91,90,58,57,56,55,54,53,52,51,50,50,50,50,50,50,50,50,50,50,50,50,50,50,50,50,50,50,50,50,50,50,50,50,50,50,50,50,50,50,
goal:50,50,50,50,50,50,50,50,50,50,50,50,50,50,50,50,50,50,50,50,50,50,50,50,50,50,50,50,50,50,50,50,50,50,50,50,50,50,50,50,50,
size:11
[agent] id:2
path:745,713,681,649,650,651,652,653,654,655,656,657,658,659,660,661,661,661,661,661,661,661,661,661,661,661,661,661,661,661,661,661,661,661,661,661,661,661,661,661,661,
goal:661,661,661,661,661,661,661,661,661,661,661,661,661,661,661,661,661,661,661,661,661,661,661,661,661,661,661,661,661,661,661,661,661,661,661,661,661,661,661,661,661,
size:15
[agent] id:3
path:938,906,874,842,810,809,808,776,744,712,680,648,616,584,552,520,519,487,486,454,422,390,358,326,294,262,230,229,228,227,227,227,227,227,227,227,227,227,227,227,227,
goal:227,227,227,227,227,227,227,227,227,227,227,227,227,227,227,227,227,227,227,227,227,227,227,227,227,227,227,227,227,227,227,227,227,227,227,227,227,227,227,227,227,
size:29
[agent] id:4
path:798,766,734,702,670,669,637,636,635,634,633,632,600,599,567,566,565,564,563,531,530,529,528,527,526,494,493,461,429,397,396,395,394,393,392,391,359,359,359,359,359,
goal:359,359,359,359,359,359,359,359,359,359,359,359,359,359,359,359,359,359,359,359,359,359,359,359,359,359,359,359,359,359,359,359,359,359,359,359,359,359,359,359,359,
size:36
[agent] id:5
path:689,657,658,626,594,562,530,498,466,434,402,401,369,337,305,273,241,209,177,178,178,178,178,178,178,178,178,178,178,178,178,178,178,178,178,178,178,178,178,178,178,
goal:178,178,178,178,178,178,178,178,178,178,178,178,178,178,178,178,178,178,178,178,178,178,178,178,178,178,178,178,178,178,178,178,178,178,178,178,178,178,178,178,178,
size:19
[agent] id:6
path:686,687,655,623,591,592,593,594,562,563,564,565,566,534,535,536,537,538,539,507,507,507,507,507,507,507,507,507,507,507,507,507,507,507,507,507,507,507,507,507,507,
goal:507,507,507,507,507,507,507,507,507,507,507,507,507,507,507,507,507,507,507,507,507,507,507,507,507,507,507,507,507,507,507,507,507,507,507,507,507,507,507,507,507,
size:19
[agent] id:7
path:443,442,410,378,377,345,313,281,280,248,216,215,214,213,212,211,210,178,146,114,82,81,80,79,78,77,77,77,77,77,77,77,77,77,77,77,77,77,77,77,77,
goal:77,77,77,77,77,77,77,77,77,77,77,77,77,77,77,77,77,77,77,77,77,77,77,77,77,77,77,77,77,77,77,77,77,77,77,77,77,77,77,77,77,
size:25
[agent] id:8
path:622,654,686,718,717,716,715,747,779,811,810,809,808,807,807,807,807,807,807,807,807,807,807,807,807,807,807,807,807,807,807,807,807,807,807,807,807,807,807,807,807,
goal:807,807,807,807,807,807,807,807,807,807,807,807,807,807,807,807,807,807,807,807,807,807,807,807,807,807,807,807,807,807,807,807,807,807,807,807,807,807,807,807,807,
size:13
[agent] id:9
path:330,331,332,300,301,302,303,304,305,306,307,308,309,341,373,374,375,376,377,378,379,380,412,413,414,446,478,477,477,477,477,477,477,477,477,477,477,477,477,477,477,
goal:477,477,477,477,477,477,477,477,477,477,477,477,477,477,477,477,477,477,477,477,477,477,477,477,477,477,477,477,477,477,477,477,477,477,477,477,477,477,477,477,477,
size:27
[agent] id:10
path:214,182,183,184,185,186,187,188,189,190,158,126,126,126,126,126,126,126,126,126,126,126,126,126,126,126,126,126,126,126,126,126,126,126,126,126,126,126,126,126,126,
goal:126,126,126,126,126,126,126,126,126,126,126,126,126,126,126,126,126,126,126,126,126,126,126,126,126,126,126,126,126,126,126,126,126,126,126,126,126,126,126,126,126,
size:11
[agent] id:11
path:553,521,489,457,458,426,394,395,396,364,332,300,301,302,303,304,305,306,307,308,276,277,277,277,277,277,277,277,277,277,277,277,277,277,277,277,277,277,277,277,277,
goal:277,277,277,277,277,277,277,277,277,277,277,277,277,277,277,277,277,277,277,277,277,277,277,277,277,277,277,277,277,277,277,277,277,277,277,277,277,277,277,277,277,
size:21
[agent] id:12
path:33,65,66,67,68,69,101,133,165,197,229,261,260,259,258,290,322,354,353,385,417,449,450,482,514,515,547,579,611,643,644,676,708,707,739,771,803,835,867,899,898,
goal:898,898,898,898,898,898,898,898,898,898,898,898,898,898,898,898,898,898,898,898,898,898,898,898,898,898,898,898,898,898,898,898,898,898,898,898,898,898,898,898,898,
size:40
[agent] id:13
path:728,696,664,632,600,599,567,535,503,504,472,473,474,474,474,474,474,474,474,474,474,474,474,474,474,474,474,474,474,474,474,474,474,474,474,474,474,474,474,474,474,
goal:474,474,474,474,474,474,474,474,474,474,474,474,474,474,474,474,474,474,474,474,474,474,474,474,474,474,474,474,474,474,474,474,474,474,474,474,474,474,474,474,474,
size:12
[agent] id:14
path:184,216,248,280,312,344,376,408,409,441,473,441,473,472,504,503,535,567,599,631,663,695,727,759,791,792,793,794,795,796,796,796,796,796,796,796,796,796,796,796,796,
goal:796,796,796,796,796,796,796,796,796,796,796,796,796,796,796,796,796,796,796,796,796,796,796,796,796,796,796,796,796,796,796,796,796,796,796,796,796,796,796,796,796,
size:29
[agent] id:15
path:912,880,848,847,846,814,782,750,718,717,716,716,716,716,716,716,716,716,716,716,716,716,716,716,716,716,716,716,716,716,716,716,716,716,716,716,716,716,716,716,716,
goal:716,716,716,716,716,716,716,716,716,716,716,716,716,716,716,716,716,716,716,716,716,716,716,716,716,716,716,716,716,716,716,716,716,716,716,716,716,716,716,716,716,
size:10
[agent] id:16
path:936,904,872,840,808,776,744,712,711,710,709,708,707,706,705,705,705,705,705,705,705,705,705,705,705,705,705,705,705,705,705,705,705,705,705,705,705,705,705,705,705,
goal:705,705,705,705,705,705,705,705,705,705,705,705,705,705,705,705,705,705,705,705,705,705,705,705,705,705,705,705,705,705,705,705,705,705,705,705,705,705,705,705,705,
size:14
[agent] id:17
path:357,389,421,453,452,452,452,452,452,452,452,452,452,452,452,452,452,452,452,452,452,452,452,452,452,452,452,452,452,452,452,452,452,452,452,452,452,452,452,452,452,
goal:452,452,452,452,452,452,452,452,452,452,452,452,452,452,452,452,452,452,452,452,452,452,452,452,452,452,452,452,452,452,452,452,452,452,452,452,452,452,452,452,452,
size:4
[agent] id:18
path:560,528,529,497,465,433,401,369,337,305,306,307,308,276,277,245,213,181,182,182,182,182,182,182,182,182,182,182,182,182,182,182,182,182,182,182,182,182,182,182,182,
goal:182,182,182,182,182,182,182,182,182,182,182,182,182,182,182,182,182,182,182,182,182,182,182,182,182,182,182,182,182,182,182,182,182,182,182,182,182,182,182,182,182,
size:18
[agent] id:19
path:389,421,453,485,517,549,550,582,583,615,647,679,711,743,775,776,808,840,841,842,874,875,876,877,878,879,880,881,882,883,884,885,886,887,919,920,952,984,1016,1017,1017,
goal:1017,1017,1017,1017,1017,1017,1017,1017,1017,1017,1017,1017,1017,1017,1017,1017,1017,1017,1017,1017,1017,1017,1017,1017,1017,1017,1017,1017,1017,1017,1017,1017,1017,1017,1017,1017,1017,1017,1017,1017,1017,
size:39
[agent] id:20
path:949,948,980,979,978,946,914,882,850,818,786,754,722,690,658,657,656,655,654,653,652,651,619,618,618,618,618,618,618,618,618,618,618,618,618,618,618,618,618,618,618,
goal:618,618,618,618,618,618,618,618,618,618,618,618,618,618,618,618,618,618,618,618,618,618,618,618,618,618,618,618,618,618,618,618,618,618,618,618,618,618,618,618,618,
size:23
[agent] id:21
path:654,655,623,591,559,527,528,529,497,465,433,434,435,436,437,405,373,341,309,277,245,213,214,215,183,184,185,186,187,188,189,190,190,190,190,190,190,190,190,190,190,
goal:190,190,190,190,190,190,190,190,190,190,190,190,190,190,190,190,190,190,190,190,190,190,190,190,190,190,190,190,190,190,190,190,190,190,190,190,190,190,190,190,190,
size:31
[agent] id:22
path:911,879,880,848,849,850,818,786,754,722,690,691,659,627,628,596,597,597,565,533,501,469,437,405,373,341,309,310,311,279,247,215,183,151,151,151,151,151,151,151,151,
goal:151,151,151,151,151,151,151,151,151,151,151,151,151,151,151,151,151,151,151,151,151,151,151,151,151,151,151,151,151,151,151,151,151,151,151,151,151,151,151,151,151,
size:33
[agent] id:23
path:682,650,618,617,616,584,552,520,519,487,486,454,422,390,358,326,294,262,230,229,197,165,133,101,69,68,68,68,68,68,68,68,68,68,68,68,68,68,68,68,68,
goal:68,68,68,68,68,68,68,68,68,68,68,68,68,68,68,68,68,68,68,68,68,68,68,68,68,68,68,68,68,68,68,68,68,68,68,68,68,68,68,68,68,
size:25
[agent] id:24
path:685,653,621,589,557,558,559,560,561,562,563,564,565,533,534,535,536,537,538,538,538,538,538,538,538,538,538,538,538,538,538,538,538,538,538,538,538,538,538,538,538,
goal:538,538,538,538,538,538,538,538,538,538,538,538,538,538,538,538,538,538,538,538,538,538,538,538,538,538,538,538,538,538,538,538,538,538,538,538,538,538,538,538,538,
size:18
[agent] id:25
path:352,353,354,355,356,357,358,359,391,392,393,394,395,396,364,332,300,301,302,303,304,305,306,307,308,309,310,311,279,247,248,216,217,218,250,250,250,250,250,250,250,
goal:250,250,250,250,250,250,250,250,250,250,250,250,250,250,250,250,250,250,250,250,250,250,250,250,250,250,250,250,250,250,250,250,250,250,250,250,250,250,250,250,250,
size:34
[agent] id:26
path:542,574,606,607,639,671,703,735,734,766,798,830,831,863,895,927,959,991,990,989,988,988,988,988,988,988,988,988,988,988,988,988,988,988,988,988,988,988,988,988,988,
goal:988,988,988,988,988,988,988,988,988,988,988,988,988,988,988,988,988,988,988,988,988,988,988,988,988,988,988,988,988,988,988,988,988,988,988,988,988,988,988,988,988,
size:20
[agent] id:27
path:838,806,774,742,710,678,646,614,614,614,614,614,614,614,614,614,614,614,614,614,614,614,614,614,614,614,614,614,614,614,614,614,614,614,614,614,614,614,614,614,614,
goal:614,614,614,614,614,614,614,614,614,614,614,614,614,614,614,614,614,614,614,614,614,614,614,614,614,614,614,614,614,614,614,614,614,614,614,614,614,614,614,614,614,
size:7
[agent] id:28
path:855,823,791,759,727,695,663,631,599,567,535,534,533,501,469,437,436,435,403,402,401,369,337,305,304,303,302,301,300,300,300,300,300,300,300,300,300,300,300,300,300,
goal:300,300,300,300,300,300,300,300,300,300,300,300,300,300,300,300,300,300,300,300,300,300,300,300,300,300,300,300,300,300,300,300,300,300,300,300,300,300,300,300,300,
size:28
[agent] id:29
path:634,633,632,631,630,629,628,627,626,594,593,592,591,623,622,621,620,620,620,620,620,620,620,620,620,620,620,620,620,620,620,620,620,620,620,620,620,620,620,620,620,
goal:620,620,620,620,620,620,620,620,620,620,620,620,620,620,620,620,620,620,620,620,620,620,620,620,620,620,620,620,620,620,620,620,620,620,620,620,620,620,620,620,620,
size:16
SolutionCost:654
