[setting] seed:755
[solver] type:SASB-ECBS
[solver] w:2.000000
[solver] ID:0
[solver] Lowlevelnode:5031
[solver] Highlevelnode:17
[solver] ConflictCount:9
[solver] solved:1
[solver] elapsed:35
[solver] makespan:43
[problem] timesteplimit:15000
[problem] type:MAPF
[problem] agentnum:30
[graph] width:32
[graph] height:32
[graph] filename:./map/32by32_agents10_ex30.map
[task] id:27,start:0,end:0,service time:0,nodes:219,
[task] id:14,start:0,end:0,service time:0,nodes:378,
[task] id:18,start:0,end:0,service time:0,nodes:19,
[task] id:1,start:0,end:0,service time:0,nodes:966,
[task] id:29,start:0,end:0,service time:0,nodes:464,
[task] id:6,start:0,end:0,service time:0,nodes:88,
[task] id:2,start:0,end:0,service time:0,nodes:406,
[task] id:23,start:0,end:0,service time:0,nodes:228,
[task] id:16,start:0,end:0,service time:0,nodes:197,
[task] id:10,start:0,end:0,service time:0,nodes:433,
[task] id:12,start:0,end:0,service time:0,nodes:762,
[task] id:15,start:0,end:0,service time:0,nodes:443,
[task] id:11,start:0,end:0,service time:0,nodes:639,
[task] id:21,start:0,end:0,service time:0,nodes:882,
[task] id:22,start:0,end:0,service time:0,nodes:941,
[task] id:8,start:0,end:0,service time:0,nodes:679,
[task] id:17,start:0,end:0,service time:0,nodes:1006,
[task] id:5,start:0,end:0,service time:0,nodes:622,
[task] id:4,start:0,end:0,service time:0,nodes:167,
[task] id:25,start:0,end:0,service time:0,nodes:301,
[task] id:0,start:0,end:0,service time:0,nodes:389,
[task] id:3,start:0,end:0,service time:0,nodes:31,
[task] id:26,start:0,end:0,service time:0,nodes:899,
[task] id:7,start:0,end:0,service time:0,nodes:1004,
[task] id:20,start:0,end:0,service time:0,nodes:512,
[task] id:24,start:0,end:0,service time:0,nodes:106,
[task] id:9,start:0,end:0,service time:0,nodes:474,
[task] id:28,start:0,end:0,service time:0,nodes:234,
[task] id:19,start:0,end:0,service time:0,nodes:814,
[task] id:13,start:0,end:0,service time:0,nodes:971,
[agent] id:0
path:1007,1006,974,942,941,909,877,845,844,812,811,779,747,715,683,651,619,618,617,616,584,552,520,519,487,486,454,422,390,389,389,389,389,389,389,389,389,389,389,389,389,389,389,389,
goal:389,389,389,389,389,389,389,389,389,389,389,389,389,389,389,389,389,389,389,389,389,389,389,389,389,389,389,389,389,389,389,389,389,389,389,389,389,389,389,389,389,389,389,389,
size:29
[agent] id:1
path:679,711,743,775,807,839,871,870,902,934,966,966,966,966,966,966,966,966,966,966,966,966,966,966,966,966,966,966,966,966,966,966,966,966,966,966,966,966,966,966,966,966,966,966,
goal:966,966,966,966,966,966,966,966,966,966,966,966,966,966,966,966,966,966,966,966,966,966,966,966,966,966,966,966,966,966,966,966,966,966,966,966,966,966,966,966,966,966,966,966,
size:10
[agent] id:2
path:721,689,657,658,626,594,562,530,498,466,434,435,436,437,405,406,406,406,406,406,406,406,406,406,406,406,406,406,406,406,406,406,406,406,406,406,406,406,406,406,406,406,406,406,
goal:406,406,406,406,406,406,406,406,406,406,406,406,406,406,406,406,406,406,406,406,406,406,406,406,406,406,406,406,406,406,406,406,406,406,406,406,406,406,406,406,406,406,406,406,
size:15
[agent] id:3
path:670,669,637,605,604,603,571,539,507,508,476,477,478,446,414,413,381,349,317,285,286,287,255,223,191,159,127,95,63,31,31,31,31,31,31,31,31,31,31,31,31,31,31,31,
goal:31,31,31,31,31,31,31,31,31,31,31,31,31,31,31,31,31,31,31,31,31,31,31,31,31,31,31,31,31,31,31,31,31,31,31,31,31,31,31,31,31,31,31,31,
size:29
[agent] id:4
path:23,55,54,53,52,84,83,115,114,146,145,144,143,142,174,173,172,171,139,138,137,169,168,167,167,167,167,167,167,167,167,167,167,167,167,167,167,167,167,167,167,167,167,167,
goal:167,167,167,167,167,167,167,167,167,167,167,167,167,167,167,167,167,167,167,167,167,167,167,167,167,167,167,167,167,167,167,167,167,167,167,167,167,167,167,167,167,167,167,167,
size:23
[agent] id:5
path:953,952,952,920,888,887,886,854,853,852,851,819,818,786,754,722,690,658,657,656,655,654,622,622,622,622,622,622,622,622,622,622,622,622,622,622,622,622,622,622,622,622,622,622,
goal:622,622,622,622,622,622,622,622,622,622,622,622,622,622,622,622,622,622,622,622,622,622,622,622,622,622,622,622,622,622,622,622,622,622,622,622,622,622,622,622,622,622,622,622,
size:22
[agent] id:6
path:412,380,379,378,377,345,313,281,280,248,216,184,152,120,88,88,88,88,88,88,88,88,88,88,88,88,88,88,88,88,88,88,88,88,88,88,88,88,88,88,88,88,88,88,
goal:88,88,88,88,88,88,88,88,88,88,88,88,88,88,88,88,88,88,88,88,88,88,88,88,88,88,88,88,88,88,88,88,88,88,88,88,88,88,88,88,88,88,88,88,
size:14
[agent] id:7
path:82,114,146,178,210,242,274,306,305,337,369,401,433,465,497,529,561,593,592,591,623,655,687,686,718,750,782,814,846,878,877,909,908,940,972,1004,1004,1004,1004,1004,1004,1004,1004,1004,
goal:1004,1004,1004,1004,1004,1004,1004,1004,1004,1004,1004,1004,1004,1004,1004,1004,1004,1004,1004,1004,1004,1004,1004,1004,1004,1004,1004,1004,1004,1004,1004,1004,1004,1004,1004,1004,1004,1004,1004,1004,1004,1004,1004,1004,
size:35
[agent] id:8
path:760,728,727,726,725,693,692,691,690,689,688,687,686,685,653,652,651,683,682,681,680,679,679,679,679,679,679,679,679,679,679,679,679,679,679,679,679,679,679,679,679,679,679,679,
goal:679,679,679,679,679,679,679,679,679,679,679,679,679,679,679,679,679,679,679,679,679,679,679,679,679,679,679,679,679,679,679,679,679,679,679,679,679,679,679,679,679,679,679,679,
size:21
[agent] id:9
path:800,768,736,737,705,673,641,609,577,578,579,547,548,549,550,551,552,553,554,555,556,557,558,559,560,561,562,563,564,565,533,534,535,503,504,472,473,474,474,474,474,474,474,474,
goal:474,474,474,474,474,474,474,474,474,474,474,474,474,474,474,474,474,474,474,474,474,474,474,474,474,474,474,474,474,474,474,474,474,474,474,474,474,474,474,474,474,474,474,474,
size:37
[agent] id:10
path:121,153,185,217,216,248,280,312,344,376,408,407,439,438,437,436,435,434,433,433,433,433,433,433,433,433,433,433,433,433,433,433,433,433,433,433,433,433,433,433,433,433,433,433,
goal:433,433,433,433,433,433,433,433,433,433,433,433,433,433,433,433,433,433,433,433,433,433,433,433,433,433,433,433,433,433,433,433,433,433,433,433,433,433,433,433,433,433,433,433,
size:18
[agent] id:11
path:922,921,920,888,887,855,823,791,759,727,695,696,697,698,699,667,668,669,670,671,639,639,639,639,639,639,639,639,639,639,639,639,639,639,639,639,639,639,639,639,639,639,639,639,
goal:639,639,639,639,639,639,639,639,639,639,639,639,639,639,639,639,639,639,639,639,639,639,639,639,639,639,639,639,639,639,639,639,639,639,639,639,639,639,639,639,639,639,639,639,
size:20
[agent] id:12
path:375,407,439,438,470,469,501,533,565,597,629,661,693,725,726,727,728,729,730,762,762,762,762,762,762,762,762,762,762,762,762,762,762,762,762,762,762,762,762,762,762,762,762,762,
goal:762,762,762,762,762,762,762,762,762,762,762,762,762,762,762,762,762,762,762,762,762,762,762,762,762,762,762,762,762,762,762,762,762,762,762,762,762,762,762,762,762,762,762,762,
size:19
[agent] id:13
path:123,155,187,219,218,217,216,248,247,279,311,310,342,374,406,438,470,469,501,500,499,531,563,562,594,626,658,690,722,754,786,818,850,849,881,913,945,944,943,942,974,973,972,971,
goal:971,971,971,971,971,971,971,971,971,971,971,971,971,971,971,971,971,971,971,971,971,971,971,971,971,971,971,971,971,971,971,971,971,971,971,971,971,971,971,971,971,971,971,971,
size:43
[agent] id:14
path:307,308,309,341,373,374,375,376,377,378,378,378,378,378,378,378,378,378,378,378,378,378,378,378,378,378,378,378,378,378,378,378,378,378,378,378,378,378,378,378,378,378,378,378,
goal:378,378,378,378,378,378,378,378,378,378,378,378,378,378,378,378,378,378,378,378,378,378,378,378,378,378,378,378,378,378,378,378,378,378,378,378,378,378,378,378,378,378,378,378,
size:9
[agent] id:15
path:25,57,89,121,153,185,217,216,248,247,279,311,312,344,376,408,409,441,442,443,443,443,443,443,443,443,443,443,443,443,443,443,443,443,443,443,443,443,443,443,443,443,443,443,
goal:443,443,443,443,443,443,443,443,443,443,443,443,443,443,443,443,443,443,443,443,443,443,443,443,443,443,443,443,443,443,443,443,443,443,443,443,443,443,443,443,443,443,443,443,
size:19
[agent] id:16
path:545,513,514,482,450,418,419,420,421,389,357,358,326,294,262,230,229,197,197,197,197,197,197,197,197,197,197,197,197,197,197,197,197,197,197,197,197,197,197,197,197,197,197,197,
goal:197,197,197,197,197,197,197,197,197,197,197,197,197,197,197,197,197,197,197,197,197,197,197,197,197,197,197,197,197,197,197,197,197,197,197,197,197,197,197,197,197,197,197,197,
size:17
[agent] id:17
path:990,989,988,987,986,985,984,983,982,950,949,948,980,979,978,946,945,944,943,942,974,1006,1006,1006,1006,1006,1006,1006,1006,1006,1006,1006,1006,1006,1006,1006,1006,1006,1006,1006,1006,1006,1006,1006,
goal:1006,1006,1006,1006,1006,1006,1006,1006,1006,1006,1006,1006,1006,1006,1006,1006,1006,1006,1006,1006,1006,1006,1006,1006,1006,1006,1006,1006,1006,1006,1006,1006,1006,1006,1006,1006,1006,1006,1006,1006,1006,1006,1006,1006,
size:21
[agent] id:18
path:152,120,88,56,24,23,22,21,20,19,19,19,19,19,19,19,19,19,19,19,19,19,19,19,19,19,19,19,19,19,19,19,19,19,19,19,19,19,19,19,19,19,19,19,
goal:19,19,19,19,19,19,19,19,19,19,19,19,19,19,19,19,19,19,19,19,19,19,19,19,19,19,19,19,19,19,19,19,19,19,19,19,19,19,19,19,19,19,19,19,
size:9
[agent] id:19
path:126,158,190,190,189,188,187,186,185,184,183,215,247,279,311,310,342,374,373,405,437,436,468,500,499,531,530,529,561,593,592,591,623,655,687,686,718,750,782,814,814,814,814,814,
goal:814,814,814,814,814,814,814,814,814,814,814,814,814,814,814,814,814,814,814,814,814,814,814,814,814,814,814,814,814,814,814,814,814,814,814,814,814,814,814,814,814,814,814,814,
size:39
[agent] id:20
path:218,217,216,248,280,312,311,310,309,308,307,306,305,304,303,302,301,300,332,364,396,428,460,459,458,490,522,521,520,519,518,517,516,515,514,513,512,512,512,512,512,512,512,512,
goal:512,512,512,512,512,512,512,512,512,512,512,512,512,512,512,512,512,512,512,512,512,512,512,512,512,512,512,512,512,512,512,512,512,512,512,512,512,512,512,512,512,512,512,512,
size:36
[agent] id:21
path:961,962,963,964,965,933,934,935,936,937,938,906,874,875,876,877,878,879,880,881,882,882,882,882,882,882,882,882,882,882,882,882,882,882,882,882,882,882,882,882,882,882,882,882,
goal:882,882,882,882,882,882,882,882,882,882,882,882,882,882,882,882,882,882,882,882,882,882,882,882,882,882,882,882,882,882,882,882,882,882,882,882,882,882,882,882,882,882,882,882,
size:20
[agent] id:22
path:729,729,728,727,726,725,724,723,755,754,786,818,850,849,848,847,846,845,877,909,941,941,941,941,941,941,941,941,941,941,941,941,941,941,941,941,941,941,941,941,941,941,941,941,
goal:941,941,941,941,941,941,941,941,941,941,941,941,941,941,941,941,941,941,941,941,941,941,941,941,941,941,941,941,941,941,941,941,941,941,941,941,941,941,941,941,941,941,941,941,
size:20
[agent] id:23
path:366,334,302,270,269,268,236,235,234,233,201,200,199,231,230,229,228,228,228,228,228,228,228,228,228,228,228,228,228,228,228,228,228,228,228,228,228,228,228,228,228,228,228,228,
goal:228,228,228,228,228,228,228,228,228,228,228,228,228,228,228,228,228,228,228,228,228,228,228,228,228,228,228,228,228,228,228,228,228,228,228,228,228,228,228,228,228,228,228,228,
size:16
[agent] id:24
path:1010,978,946,914,882,850,818,786,754,722,690,658,626,594,562,530,498,466,434,402,401,369,337,305,273,241,240,239,207,206,174,173,172,140,139,107,106,106,106,106,106,106,106,106,
goal:106,106,106,106,106,106,106,106,106,106,106,106,106,106,106,106,106,106,106,106,106,106,106,106,106,106,106,106,106,106,106,106,106,106,106,106,106,106,106,106,106,106,106,106,
size:36
[agent] id:25
path:223,222,221,189,188,156,188,187,186,218,217,216,248,280,312,311,310,309,308,307,306,305,304,303,302,301,301,301,301,301,301,301,301,301,301,301,301,301,301,301,301,301,301,301,
goal:301,301,301,301,301,301,301,301,301,301,301,301,301,301,301,301,301,301,301,301,301,301,301,301,301,301,301,301,301,301,301,301,301,301,301,301,301,301,301,301,301,301,301,301,
size:25
[agent] id:26
path:337,369,401,433,465,497,529,561,593,592,591,623,655,687,686,718,750,782,814,846,845,844,843,842,841,840,872,871,870,902,901,900,899,899,899,899,899,899,899,899,899,899,899,899,
goal:899,899,899,899,899,899,899,899,899,899,899,899,899,899,899,899,899,899,899,899,899,899,899,899,899,899,899,899,899,899,899,899,899,899,899,899,899,899,899,899,899,899,899,899,
size:32
[agent] id:27
path:60,92,91,123,155,187,219,219,219,219,219,219,219,219,219,219,219,219,219,219,219,219,219,219,219,219,219,219,219,219,219,219,219,219,219,219,219,219,219,219,219,219,219,219,
goal:219,219,219,219,219,219,219,219,219,219,219,219,219,219,219,219,219,219,219,219,219,219,219,219,219,219,219,219,219,219,219,219,219,219,219,219,219,219,219,219,219,219,219,219,
size:6
[agent] id:28
path:799,798,766,734,702,670,669,637,605,604,603,571,539,538,537,536,535,534,533,501,469,437,405,373,341,309,308,307,306,305,304,303,271,270,269,268,236,235,234,234,234,234,234,234,
goal:234,234,234,234,234,234,234,234,234,234,234,234,234,234,234,234,234,234,234,234,234,234,234,234,234,234,234,234,234,234,234,234,234,234,234,234,234,234,234,234,234,234,234,234,
size:38
[agent] id:29
path:618,619,620,621,589,557,525,526,527,528,529,497,465,464,464,464,464,464,464,464,464,464,464,464,464,464,464,464,464,464,464,464,464,464,464,464,464,464,464,464,464,464,464,464,
goal:464,464,464,464,464,464,464,464,464,464,464,464,464,464,464,464,464,464,464,464,464,464,464,464,464,464,464,464,464,464,464,464,464,464,464,464,464,464,464,464,464,464,464,464,
size:13
SolutionCost:691
