[setting] seed:10645
[solver] type:SASB-ECBS
[solver] w:2.000000
[solver] ID:0
[solver] Lowlevelnode:11337
[solver] Highlevelnode:23
[solver] ConflictCount:12
[solver] solved:1
[solver] elapsed:59
[solver] makespan:50
[problem] timesteplimit:15000
[problem] type:MAPF
[problem] agentnum:30
[graph] width:32
[graph] height:32
[graph] filename:./map/32by32_agents10_ex30.map
[task] id:19,start:0,end:0,service time:0,nodes:550,
[task] id:1,start:0,end:0,service time:0,nodes:123,
[task] id:4,start:0,end:0,service time:0,nodes:866,
[task] id:2,start:0,end:0,service time:0,nodes:172,
[task] id:7,start:0,end:0,service time:0,nodes:844,
[task] id:15,start:0,end:0,service time:0,nodes:489,
[task] id:17,start:0,end:0,service time:0,nodes:487,
[task] id:28,start:0,end:0,service time:0,nodes:982,
[task] id:20,start:0,end:0,service time:0,nodes:723,
[task] id:3,start:0,end:0,service time:0,nodes:604,
[task] id:9,start:0,end:0,service time:0,nodes:793,
[task] id:10,start:0,end:0,service time:0,nodes:900,
[task] id:12,start:0,end:0,service time:0,nodes:385,
[task] id:5,start:0,end:0,service time:0,nodes:582,
[task] id:0,start:0,end:0,service time:0,nodes:618,
[task] id:8,start:0,end:0,service time:0,nodes:449,
[task] id:26,start:0,end:0,service time:0,nodes:313,
[task] id:18,start:0,end:0,service time:0,nodes:922,
[task] id:21,start:0,end:0,service time:0,nodes:261,
[task] id:29,start:0,end:0,service time:0,nodes:571,
[task] id:25,start:0,end:0,service time:0,nodes:551,
[task] id:27,start:0,end:0,service time:0,nodes:644,
[task] id:14,start:0,end:0,service time:0,nodes:738,
[task] id:23,start:0,end:0,service time:0,nodes:110,
[task] id:24,start:0,end:0,service time:0,nodes:84,
[task] id:22,start:0,end:0,service time:0,nodes:669,
[task] id:6,start:0,end:0,service time:0,nodes:151,
[task] id:16,start:0,end:0,service time:0,nodes:823,
[task] id:11,start:0,end:0,service time:0,nodes:709,
[task] id:13,start:0,end:0,service time:0,nodes:957,
[agent] id:0
path:957,925,893,861,860,859,858,857,825,793,792,760,728,696,664,663,662,661,660,659,658,657,656,655,623,622,621,620,619,618,618,618,618,618,618,618,618,618,618,618,618,618,618,618,618,618,618,618,618,618,618,
goal:618,618,618,618,618,618,618,618,618,618,618,618,618,618,618,618,618,618,618,618,618,618,618,618,618,618,618,618,618,618,618,618,618,618,618,618,618,618,618,618,618,618,618,618,618,618,618,618,618,618,618,
size:29
[agent] id:1
path:61,93,92,91,123,123,123,123,123,123,123,123,123,123,123,123,123,123,123,123,123,123,123,123,123,123,123,123,123,123,123,123,123,123,123,123,123,123,123,123,123,123,123,123,123,123,123,123,123,123,123,
goal:123,123,123,123,123,123,123,123,123,123,123,123,123,123,123,123,123,123,123,123,123,123,123,123,123,123,123,123,123,123,123,123,123,123,123,123,123,123,123,123,123,123,123,123,123,123,123,123,123,123,123,
size:4
[agent] id:2
path:358,326,294,262,230,231,199,200,201,202,203,171,172,172,172,172,172,172,172,172,172,172,172,172,172,172,172,172,172,172,172,172,172,172,172,172,172,172,172,172,172,172,172,172,172,172,172,172,172,172,172,
goal:172,172,172,172,172,172,172,172,172,172,172,172,172,172,172,172,172,172,172,172,172,172,172,172,172,172,172,172,172,172,172,172,172,172,172,172,172,172,172,172,172,172,172,172,172,172,172,172,172,172,172,
size:12
[agent] id:3
path:399,431,463,464,465,497,498,499,500,501,533,534,535,536,537,569,570,602,603,604,604,604,604,604,604,604,604,604,604,604,604,604,604,604,604,604,604,604,604,604,604,604,604,604,604,604,604,604,604,604,604,
goal:604,604,604,604,604,604,604,604,604,604,604,604,604,604,604,604,604,604,604,604,604,604,604,604,604,604,604,604,604,604,604,604,604,604,604,604,604,604,604,604,604,604,604,604,604,604,604,604,604,604,604,
size:19
[agent] id:4
path:840,839,838,837,836,835,867,866,866,866,866,866,866,866,866,866,866,866,866,866,866,866,866,866,866,866,866,866,866,866,866,866,866,866,866,866,866,866,866,866,866,866,866,866,866,866,866,866,866,866,866,
goal:866,866,866,866,866,866,866,866,866,866,866,866,866,866,866,866,866,866,866,866,866,866,866,866,866,866,866,866,866,866,866,866,866,866,866,866,866,866,866,866,866,866,866,866,866,866,866,866,866,866,866,
size:7
[agent] id:5
path:181,213,245,277,309,341,373,405,437,469,501,533,565,564,563,562,561,560,559,558,557,556,555,554,553,552,584,583,582,582,582,582,582,582,582,582,582,582,582,582,582,582,582,582,582,582,582,582,582,582,582,
goal:582,582,582,582,582,582,582,582,582,582,582,582,582,582,582,582,582,582,582,582,582,582,582,582,582,582,582,582,582,582,582,582,582,582,582,582,582,582,582,582,582,582,582,582,582,582,582,582,582,582,582,
size:28
[agent] id:6
path:963,931,899,867,835,803,771,739,707,708,676,644,612,613,614,582,583,551,552,553,554,522,490,458,426,394,395,396,364,332,300,268,269,270,271,239,240,241,209,210,211,212,213,181,182,150,151,151,151,151,151,
goal:151,151,151,151,151,151,151,151,151,151,151,151,151,151,151,151,151,151,151,151,151,151,151,151,151,151,151,151,151,151,151,151,151,151,151,151,151,151,151,151,151,151,151,151,151,151,151,151,151,151,151,
size:46
[agent] id:7
path:801,802,803,804,805,806,807,808,809,810,811,812,844,844,844,844,844,844,844,844,844,844,844,844,844,844,844,844,844,844,844,844,844,844,844,844,844,844,844,844,844,844,844,844,844,844,844,844,844,844,844,
goal:844,844,844,844,844,844,844,844,844,844,844,844,844,844,844,844,844,844,844,844,844,844,844,844,844,844,844,844,844,844,844,844,844,844,844,844,844,844,844,844,844,844,844,844,844,844,844,844,844,844,844,
size:12
[agent] id:8
path:472,504,536,535,567,566,565,564,563,562,561,560,559,558,557,556,555,554,522,521,520,519,518,486,454,453,452,451,450,449,449,449,449,449,449,449,449,449,449,449,449,449,449,449,449,449,449,449,449,449,449,
goal:449,449,449,449,449,449,449,449,449,449,449,449,449,449,449,449,449,449,449,449,449,449,449,449,449,449,449,449,449,449,449,449,449,449,449,449,449,449,449,449,449,449,449,449,449,449,449,449,449,449,449,
size:29
[agent] id:9
path:308,309,341,373,405,437,469,501,533,565,597,629,661,693,725,757,758,759,791,792,793,793,793,793,793,793,793,793,793,793,793,793,793,793,793,793,793,793,793,793,793,793,793,793,793,793,793,793,793,793,793,
goal:793,793,793,793,793,793,793,793,793,793,793,793,793,793,793,793,793,793,793,793,793,793,793,793,793,793,793,793,793,793,793,793,793,793,793,793,793,793,793,793,793,793,793,793,793,793,793,793,793,793,793,
size:20
[agent] id:10
path:689,688,687,686,718,750,782,814,846,845,844,843,842,841,840,872,871,870,902,901,900,900,900,900,900,900,900,900,900,900,900,900,900,900,900,900,900,900,900,900,900,900,900,900,900,900,900,900,900,900,900,
goal:900,900,900,900,900,900,900,900,900,900,900,900,900,900,900,900,900,900,900,900,900,900,900,900,900,900,900,900,900,900,900,900,900,900,900,900,900,900,900,900,900,900,900,900,900,900,900,900,900,900,900,
size:20
[agent] id:11
path:31,63,95,127,159,191,223,255,287,286,318,317,349,381,380,379,378,410,409,408,407,439,438,470,469,501,533,565,597,629,661,693,692,691,690,689,688,687,686,718,717,716,715,714,713,712,711,710,709,709,709,
goal:709,709,709,709,709,709,709,709,709,709,709,709,709,709,709,709,709,709,709,709,709,709,709,709,709,709,709,709,709,709,709,709,709,709,709,709,709,709,709,709,709,709,709,709,709,709,709,709,709,709,709,
size:48
[agent] id:12
path:688,656,655,623,591,559,527,526,494,493,461,460,459,458,457,456,424,423,422,421,420,419,418,417,385,385,385,385,385,385,385,385,385,385,385,385,385,385,385,385,385,385,385,385,385,385,385,385,385,385,385,
goal:385,385,385,385,385,385,385,385,385,385,385,385,385,385,385,385,385,385,385,385,385,385,385,385,385,385,385,385,385,385,385,385,385,385,385,385,385,385,385,385,385,385,385,385,385,385,385,385,385,385,385,
size:24
[agent] id:13
path:8,40,72,104,136,168,200,201,233,234,235,236,268,300,332,364,396,428,460,461,493,525,557,589,590,591,623,655,656,657,658,659,660,661,693,725,757,758,759,791,823,824,825,857,858,859,860,892,924,956,957,
goal:957,957,957,957,957,957,957,957,957,957,957,957,957,957,957,957,957,957,957,957,957,957,957,957,957,957,957,957,957,957,957,957,957,957,957,957,957,957,957,957,957,957,957,957,957,957,957,957,957,957,957,
size:50
[agent] id:14
path:279,311,310,342,374,406,438,470,469,468,500,499,531,563,562,594,593,592,591,623,655,687,686,718,717,716,715,714,713,712,711,710,709,708,707,739,738,738,738,738,738,738,738,738,738,738,738,738,738,738,738,
goal:738,738,738,738,738,738,738,738,738,738,738,738,738,738,738,738,738,738,738,738,738,738,738,738,738,738,738,738,738,738,738,738,738,738,738,738,738,738,738,738,738,738,738,738,738,738,738,738,738,738,738,
size:36
[agent] id:15
path:366,334,302,301,300,332,364,396,428,460,459,458,490,489,489,489,489,489,489,489,489,489,489,489,489,489,489,489,489,489,489,489,489,489,489,489,489,489,489,489,489,489,489,489,489,489,489,489,489,489,489,
goal:489,489,489,489,489,489,489,489,489,489,489,489,489,489,489,489,489,489,489,489,489,489,489,489,489,489,489,489,489,489,489,489,489,489,489,489,489,489,489,489,489,489,489,489,489,489,489,489,489,489,489,
size:13
[agent] id:16
path:2,3,35,67,68,69,101,133,165,197,229,261,293,294,326,358,390,391,392,424,456,457,458,459,460,461,493,525,557,589,621,653,654,655,656,657,658,690,691,692,724,725,757,758,759,791,823,823,823,823,823,
goal:823,823,823,823,823,823,823,823,823,823,823,823,823,823,823,823,823,823,823,823,823,823,823,823,823,823,823,823,823,823,823,823,823,823,823,823,823,823,823,823,823,823,823,823,823,823,823,823,823,823,823,
size:46
[agent] id:17
path:737,705,673,641,609,577,545,513,514,482,483,484,485,486,487,487,487,487,487,487,487,487,487,487,487,487,487,487,487,487,487,487,487,487,487,487,487,487,487,487,487,487,487,487,487,487,487,487,487,487,487,
goal:487,487,487,487,487,487,487,487,487,487,487,487,487,487,487,487,487,487,487,487,487,487,487,487,487,487,487,487,487,487,487,487,487,487,487,487,487,487,487,487,487,487,487,487,487,487,487,487,487,487,487,
size:14
[agent] id:18
path:487,519,551,583,615,647,679,711,743,775,807,808,809,810,842,874,875,876,877,878,879,880,881,882,883,884,885,886,918,919,920,921,922,922,922,922,922,922,922,922,922,922,922,922,922,922,922,922,922,922,922,
goal:922,922,922,922,922,922,922,922,922,922,922,922,922,922,922,922,922,922,922,922,922,922,922,922,922,922,922,922,922,922,922,922,922,922,922,922,922,922,922,922,922,922,922,922,922,922,922,922,922,922,922,
size:32
[agent] id:19
path:613,614,582,550,550,550,550,550,550,550,550,550,550,550,550,550,550,550,550,550,550,550,550,550,550,550,550,550,550,550,550,550,550,550,550,550,550,550,550,550,550,550,550,550,550,550,550,550,550,550,550,
goal:550,550,550,550,550,550,550,550,550,550,550,550,550,550,550,550,550,550,550,550,550,550,550,550,550,550,550,550,550,550,550,550,550,550,550,550,550,550,550,550,550,550,550,550,550,550,550,550,550,550,550,
size:3
[agent] id:20
path:459,460,461,493,525,557,589,621,653,685,686,687,688,720,721,722,723,723,723,723,723,723,723,723,723,723,723,723,723,723,723,723,723,723,723,723,723,723,723,723,723,723,723,723,723,723,723,723,723,723,723,
goal:723,723,723,723,723,723,723,723,723,723,723,723,723,723,723,723,723,723,723,723,723,723,723,723,723,723,723,723,723,723,723,723,723,723,723,723,723,723,723,723,723,723,723,723,723,723,723,723,723,723,723,
size:16
[agent] id:21
path:882,850,818,786,754,722,690,658,626,594,562,530,529,528,527,526,494,493,461,429,397,396,395,394,393,392,391,359,358,326,294,262,261,261,261,261,261,261,261,261,261,261,261,261,261,261,261,261,261,261,261,
goal:261,261,261,261,261,261,261,261,261,261,261,261,261,261,261,261,261,261,261,261,261,261,261,261,261,261,261,261,261,261,261,261,261,261,261,261,261,261,261,261,261,261,261,261,261,261,261,261,261,261,261,
size:32
[agent] id:22
path:132,133,165,197,229,261,293,294,326,358,390,391,392,393,394,426,458,459,459,460,461,493,525,557,589,590,591,592,593,594,626,627,628,629,630,631,632,633,634,635,667,668,669,669,669,669,669,669,669,669,669,
goal:669,669,669,669,669,669,669,669,669,669,669,669,669,669,669,669,669,669,669,669,669,669,669,669,669,669,669,669,669,669,669,669,669,669,669,669,669,669,669,669,669,669,669,669,669,669,669,669,669,669,669,
size:42
[agent] id:23
path:953,921,920,888,887,855,854,853,852,851,819,818,786,754,722,690,658,626,594,562,530,529,497,465,433,401,369,337,305,273,241,209,177,145,113,112,111,110,110,110,110,110,110,110,110,110,110,110,110,110,110,
goal:110,110,110,110,110,110,110,110,110,110,110,110,110,110,110,110,110,110,110,110,110,110,110,110,110,110,110,110,110,110,110,110,110,110,110,110,110,110,110,110,110,110,110,110,110,110,110,110,110,110,110,
size:37
[agent] id:24
path:892,860,859,858,857,825,793,792,760,728,696,664,632,600,599,567,535,534,533,501,469,437,405,373,341,309,277,245,213,212,211,210,178,146,114,82,83,84,84,84,84,84,84,84,84,84,84,84,84,84,84,
goal:84,84,84,84,84,84,84,84,84,84,84,84,84,84,84,84,84,84,84,84,84,84,84,84,84,84,84,84,84,84,84,84,84,84,84,84,84,84,84,84,84,84,84,84,84,84,84,84,84,84,84,
size:37
[agent] id:25
path:1020,988,956,924,892,860,859,858,857,825,793,792,760,728,696,664,632,600,599,567,566,565,564,563,562,561,560,559,558,557,556,555,554,553,552,551,551,551,551,551,551,551,551,551,551,551,551,551,551,551,551,
goal:551,551,551,551,551,551,551,551,551,551,551,551,551,551,551,551,551,551,551,551,551,551,551,551,551,551,551,551,551,551,551,551,551,551,551,551,551,551,551,551,551,551,551,551,551,551,551,551,551,551,551,
size:35
[agent] id:26
path:991,959,927,895,863,831,799,798,766,734,702,670,669,637,605,604,603,571,539,538,537,536,504,472,473,441,409,377,345,313,313,313,313,313,313,313,313,313,313,313,313,313,313,313,313,313,313,313,313,313,313,
goal:313,313,313,313,313,313,313,313,313,313,313,313,313,313,313,313,313,313,313,313,313,313,313,313,313,313,313,313,313,313,313,313,313,313,313,313,313,313,313,313,313,313,313,313,313,313,313,313,313,313,313,
size:29
[agent] id:27
path:151,183,215,247,279,311,310,342,374,406,438,470,469,501,533,565,597,629,661,660,659,658,657,656,655,654,653,652,651,650,649,648,647,646,645,644,644,644,644,644,644,644,644,644,644,644,644,644,644,644,644,
goal:644,644,644,644,644,644,644,644,644,644,644,644,644,644,644,644,644,644,644,644,644,644,644,644,644,644,644,644,644,644,644,644,644,644,644,644,644,644,644,644,644,644,644,644,644,644,644,644,644,644,644,
size:35
[agent] id:28
path:598,630,662,663,695,727,759,791,823,855,887,919,918,950,982,982,982,982,982,982,982,982,982,982,982,982,982,982,982,982,982,982,982,982,982,982,982,982,982,982,982,982,982,982,982,982,982,982,982,982,982,
goal:982,982,982,982,982,982,982,982,982,982,982,982,982,982,982,982,982,982,982,982,982,982,982,982,982,982,982,982,982,982,982,982,982,982,982,982,982,982,982,982,982,982,982,982,982,982,982,982,982,982,982,
size:14
[agent] id:29
path:357,389,390,391,392,393,394,426,427,428,429,461,493,525,526,558,559,527,528,529,497,498,499,500,501,533,534,535,536,537,569,570,571,571,571,571,571,571,571,571,571,571,571,571,571,571,571,571,571,571,571,
goal:571,571,571,571,571,571,571,571,571,571,571,571,571,571,571,571,571,571,571,571,571,571,571,571,571,571,571,571,571,571,571,571,571,571,571,571,571,571,571,571,571,571,571,571,571,571,571,571,571,571,571,
size:32
SolutionCost:801
