[setting] seed:5778
[solver] type:SASB-ECBS
[solver] w:2.000000
[solver] ID:0
[solver] Lowlevelnode:3578
[solver] Highlevelnode:23
[solver] ConflictCount:12
[solver] solved:1
[solver] elapsed:30
[solver] makespan:40
[problem] timesteplimit:15000
[problem] type:MAPF
[problem] agentnum:30
[graph] width:32
[graph] height:32
[graph] filename:./map/32by32_agents10_ex30.map
[task] id:11,start:0,end:0,service time:0,nodes:230,
[task] id:5,start:0,end:0,service time:0,nodes:892,
[task] id:2,start:0,end:0,service time:0,nodes:122,
[task] id:23,start:0,end:0,service time:0,nodes:456,
[task] id:12,start:0,end:0,service time:0,nodes:721,
[task] id:9,start:0,end:0,service time:0,nodes:493,
[task] id:20,start:0,end:0,service time:0,nodes:176,
[task] id:24,start:0,end:0,service time:0,nodes:724,
[task] id:19,start:0,end:0,service time:0,nodes:663,
[task] id:6,start:0,end:0,service time:0,nodes:819,
[task] id:3,start:0,end:0,service time:0,nodes:229,
[task] id:22,start:0,end:0,service time:0,nodes:463,
[task] id:0,start:0,end:0,service time:0,nodes:392,
[task] id:13,start:0,end:0,service time:0,nodes:686,
[task] id:15,start:0,end:0,service time:0,nodes:460,
[task] id:1,start:0,end:0,service time:0,nodes:336,
[task] id:29,start:0,end:0,service time:0,nodes:670,
[task] id:14,start:0,end:0,service time:0,nodes:707,
[task] id:4,start:0,end:0,service time:0,nodes:239,
[task] id:7,start:0,end:0,service time:0,nodes:726,
[task] id:21,start:0,end:0,service time:0,nodes:373,
[task] id:25,start:0,end:0,service time:0,nodes:557,
[task] id:18,start:0,end:0,service time:0,nodes:939,
[task] id:8,start:0,end:0,service time:0,nodes:216,
[task] id:26,start:0,end:0,service time:0,nodes:139,
[task] id:28,start:0,end:0,service time:0,nodes:7,
[task] id:27,start:0,end:0,service time:0,nodes:312,
[task] id:17,start:0,end:0,service time:0,nodes:258,
[task] id:16,start:0,end:0,service time:0,nodes:878,
[task] id:10,start:0,end:0,service time:0,nodes:261,
[agent] id:0
path:660,659,658,657,656,655,623,591,559,558,557,556,555,554,522,490,458,426,394,393,392,392,392,392,392,392,392,392,392,392,392,392,392,392,392,392,392,392,392,392,392,
goal:392,392,392,392,392,392,392,392,392,392,392,392,392,392,392,392,392,392,392,392,392,392,392,392,392,392,392,392,392,392,392,392,392,392,392,392,392,392,392,392,392,
size:20
[agent] id:1
path:264,263,231,263,263,231,231,199,200,168,200,201,233,234,235,236,268,269,301,302,303,304,336,336,336,336,336,336,336,336,336,336,336,336,336,336,336,336,336,336,336,
goal:336,336,336,336,336,336,336,336,336,336,336,336,336,336,336,336,336,336,336,336,336,336,336,336,336,336,336,336,336,336,336,336,336,336,336,336,336,336,336,336,336,
size:22
[agent] id:2
path:222,190,189,188,156,155,123,122,122,122,122,122,122,122,122,122,122,122,122,122,122,122,122,122,122,122,122,122,122,122,122,122,122,122,122,122,122,122,122,122,122,
goal:122,122,122,122,122,122,122,122,122,122,122,122,122,122,122,122,122,122,122,122,122,122,122,122,122,122,122,122,122,122,122,122,122,122,122,122,122,122,122,122,122,
size:7
[agent] id:3
path:302,270,269,268,236,204,203,202,202,201,169,168,167,166,165,197,229,229,229,229,229,229,229,229,229,229,229,229,229,229,229,229,229,229,229,229,229,229,229,229,229,
goal:229,229,229,229,229,229,229,229,229,229,229,229,229,229,229,229,229,229,229,229,229,229,229,229,229,229,229,229,229,229,229,229,229,229,229,229,229,229,229,229,229,
size:16
[agent] id:4
path:578,579,547,515,483,451,419,420,421,389,390,391,392,393,394,395,396,364,332,300,268,269,270,271,239,239,239,239,239,239,239,239,239,239,239,239,239,239,239,239,239,
goal:239,239,239,239,239,239,239,239,239,239,239,239,239,239,239,239,239,239,239,239,239,239,239,239,239,239,239,239,239,239,239,239,239,239,239,239,239,239,239,239,239,
size:24
[agent] id:5
path:824,825,857,858,859,860,892,892,892,892,892,892,892,892,892,892,892,892,892,892,892,892,892,892,892,892,892,892,892,892,892,892,892,892,892,892,892,892,892,892,892,
goal:892,892,892,892,892,892,892,892,892,892,892,892,892,892,892,892,892,892,892,892,892,892,892,892,892,892,892,892,892,892,892,892,892,892,892,892,892,892,892,892,892,
size:6
[agent] id:6
path:806,807,808,809,810,811,812,844,845,846,847,848,849,850,818,819,819,819,819,819,819,819,819,819,819,819,819,819,819,819,819,819,819,819,819,819,819,819,819,819,819,
goal:819,819,819,819,819,819,819,819,819,819,819,819,819,819,819,819,819,819,819,819,819,819,819,819,819,819,819,819,819,819,819,819,819,819,819,819,819,819,819,819,819,
size:15
[agent] id:7
path:484,516,548,549,550,582,583,615,647,648,649,650,651,652,653,685,686,687,688,689,690,691,692,693,725,726,726,726,726,726,726,726,726,726,726,726,726,726,726,726,726,
goal:726,726,726,726,726,726,726,726,726,726,726,726,726,726,726,726,726,726,726,726,726,726,726,726,726,726,726,726,726,726,726,726,726,726,726,726,726,726,726,726,726,
size:25
[agent] id:8
path:482,450,418,419,420,421,389,390,391,392,393,394,395,396,364,332,300,268,269,270,271,239,240,241,209,210,211,212,213,214,215,216,216,216,216,216,216,216,216,216,216,
goal:216,216,216,216,216,216,216,216,216,216,216,216,216,216,216,216,216,216,216,216,216,216,216,216,216,216,216,216,216,216,216,216,216,216,216,216,216,216,216,216,216,
size:31
[agent] id:9
path:452,453,454,422,423,424,456,457,458,459,460,461,493,493,493,493,493,493,493,493,493,493,493,493,493,493,493,493,493,493,493,493,493,493,493,493,493,493,493,493,493,
goal:493,493,493,493,493,493,493,493,493,493,493,493,493,493,493,493,493,493,493,493,493,493,493,493,493,493,493,493,493,493,493,493,493,493,493,493,493,493,493,493,493,
size:12
[agent] id:10
path:921,920,888,887,855,823,791,759,727,726,725,693,661,629,597,565,564,563,562,561,560,559,558,557,556,555,554,522,521,520,519,487,486,454,422,390,358,326,294,262,261,
goal:261,261,261,261,261,261,261,261,261,261,261,261,261,261,261,261,261,261,261,261,261,261,261,261,261,261,261,261,261,261,261,261,261,261,261,261,261,261,261,261,261,
size:40
[agent] id:11
path:135,167,199,231,230,230,230,230,230,230,230,230,230,230,230,230,230,230,230,230,230,230,230,230,230,230,230,230,230,230,230,230,230,230,230,230,230,230,230,230,230,
goal:230,230,230,230,230,230,230,230,230,230,230,230,230,230,230,230,230,230,230,230,230,230,230,230,230,230,230,230,230,230,230,230,230,230,230,230,230,230,230,230,230,
size:4
[agent] id:12
path:468,500,499,531,563,562,594,626,658,690,722,721,721,721,721,721,721,721,721,721,721,721,721,721,721,721,721,721,721,721,721,721,721,721,721,721,721,721,721,721,721,
goal:721,721,721,721,721,721,721,721,721,721,721,721,721,721,721,721,721,721,721,721,721,721,721,721,721,721,721,721,721,721,721,721,721,721,721,721,721,721,721,721,721,
size:11
[agent] id:13
path:996,964,965,933,901,869,837,805,773,741,709,710,711,712,713,714,715,716,717,685,686,686,686,686,686,686,686,686,686,686,686,686,686,686,686,686,686,686,686,686,686,
goal:686,686,686,686,686,686,686,686,686,686,686,686,686,686,686,686,686,686,686,686,686,686,686,686,686,686,686,686,686,686,686,686,686,686,686,686,686,686,686,686,686,
size:20
[agent] id:14
path:499,531,563,562,561,560,559,558,590,589,621,620,619,618,650,682,714,713,712,711,710,709,708,707,707,707,707,707,707,707,707,707,707,707,707,707,707,707,707,707,707,
goal:707,707,707,707,707,707,707,707,707,707,707,707,707,707,707,707,707,707,707,707,707,707,707,707,707,707,707,707,707,707,707,707,707,707,707,707,707,707,707,707,707,
size:23
[agent] id:15
path:693,661,629,597,565,564,563,562,561,560,559,558,557,556,555,554,522,490,458,459,460,460,460,460,460,460,460,460,460,460,460,460,460,460,460,460,460,460,460,460,460,
goal:460,460,460,460,460,460,460,460,460,460,460,460,460,460,460,460,460,460,460,460,460,460,460,460,460,460,460,460,460,460,460,460,460,460,460,460,460,460,460,460,460,
size:20
[agent] id:16
path:71,103,135,167,166,165,197,229,261,293,294,326,358,390,422,454,453,485,517,549,550,582,614,646,678,710,742,774,806,838,839,840,841,842,874,875,876,877,878,878,878,
goal:878,878,878,878,878,878,878,878,878,878,878,878,878,878,878,878,878,878,878,878,878,878,878,878,878,878,878,878,878,878,878,878,878,878,878,878,878,878,878,878,878,
size:38
[agent] id:17
path:698,697,696,664,632,631,630,598,566,565,564,563,562,561,560,559,558,557,556,555,554,522,521,520,519,487,486,454,422,390,358,326,294,262,261,260,259,258,258,258,258,
goal:258,258,258,258,258,258,258,258,258,258,258,258,258,258,258,258,258,258,258,258,258,258,258,258,258,258,258,258,258,258,258,258,258,258,258,258,258,258,258,258,258,
size:37
[agent] id:18
path:639,671,703,735,734,766,798,797,796,795,794,793,825,824,823,855,887,886,885,884,883,915,914,946,945,944,943,942,941,940,939,939,939,939,939,939,939,939,939,939,939,
goal:939,939,939,939,939,939,939,939,939,939,939,939,939,939,939,939,939,939,939,939,939,939,939,939,939,939,939,939,939,939,939,939,939,939,939,939,939,939,939,939,939,
size:30
[agent] id:19
path:347,379,378,410,442,474,473,472,504,536,535,567,599,631,663,663,663,663,663,663,663,663,663,663,663,663,663,663,663,663,663,663,663,663,663,663,663,663,663,663,663,
goal:663,663,663,663,663,663,663,663,663,663,663,663,663,663,663,663,663,663,663,663,663,663,663,663,663,663,663,663,663,663,663,663,663,663,663,663,663,663,663,663,663,
size:14
[agent] id:20
path:219,218,217,216,215,214,213,212,211,210,178,177,176,176,176,176,176,176,176,176,176,176,176,176,176,176,176,176,176,176,176,176,176,176,176,176,176,176,176,176,176,
goal:176,176,176,176,176,176,176,176,176,176,176,176,176,176,176,176,176,176,176,176,176,176,176,176,176,176,176,176,176,176,176,176,176,176,176,176,176,176,176,176,176,
size:12
[agent] id:21
path:38,70,71,103,135,167,199,200,201,233,234,235,236,268,300,301,302,303,304,305,306,307,308,309,341,373,373,373,373,373,373,373,373,373,373,373,373,373,373,373,373,
goal:373,373,373,373,373,373,373,373,373,373,373,373,373,373,373,373,373,373,373,373,373,373,373,373,373,373,373,373,373,373,373,373,373,373,373,373,373,373,373,373,373,
size:25
[agent] id:22
path:845,846,814,782,750,718,686,654,622,590,558,526,527,528,529,497,465,464,463,463,463,463,463,463,463,463,463,463,463,463,463,463,463,463,463,463,463,463,463,463,463,
goal:463,463,463,463,463,463,463,463,463,463,463,463,463,463,463,463,463,463,463,463,463,463,463,463,463,463,463,463,463,463,463,463,463,463,463,463,463,463,463,463,463,
size:18
[agent] id:23
path:649,617,616,584,552,520,521,489,457,456,456,456,456,456,456,456,456,456,456,456,456,456,456,456,456,456,456,456,456,456,456,456,456,456,456,456,456,456,456,456,456,
goal:456,456,456,456,456,456,456,456,456,456,456,456,456,456,456,456,456,456,456,456,456,456,456,456,456,456,456,456,456,456,456,456,456,456,456,456,456,456,456,456,456,
size:9
[agent] id:24
path:473,472,504,536,535,567,599,631,663,695,727,726,725,724,724,724,724,724,724,724,724,724,724,724,724,724,724,724,724,724,724,724,724,724,724,724,724,724,724,724,724,
goal:724,724,724,724,724,724,724,724,724,724,724,724,724,724,724,724,724,724,724,724,724,724,724,724,724,724,724,724,724,724,724,724,724,724,724,724,724,724,724,724,724,
size:13
[agent] id:25
path:54,53,52,84,83,115,114,146,178,177,209,241,273,305,337,369,401,433,465,497,529,561,560,559,558,557,557,557,557,557,557,557,557,557,557,557,557,557,557,557,557,
goal:557,557,557,557,557,557,557,557,557,557,557,557,557,557,557,557,557,557,557,557,557,557,557,557,557,557,557,557,557,557,557,557,557,557,557,557,557,557,557,557,557,
size:25
[agent] id:26
path:967,935,936,904,872,840,808,776,744,712,680,648,616,584,552,520,521,489,457,458,426,394,395,396,364,332,300,268,236,204,172,140,139,139,139,139,139,139,139,139,139,
goal:139,139,139,139,139,139,139,139,139,139,139,139,139,139,139,139,139,139,139,139,139,139,139,139,139,139,139,139,139,139,139,139,139,139,139,139,139,139,139,139,139,
size:32
[agent] id:27
path:741,709,677,645,613,614,582,550,518,486,454,422,390,391,392,393,394,395,396,364,332,300,301,302,303,304,305,306,307,308,309,310,311,312,312,312,312,312,312,312,312,
goal:312,312,312,312,312,312,312,312,312,312,312,312,312,312,312,312,312,312,312,312,312,312,312,312,312,312,312,312,312,312,312,312,312,312,312,312,312,312,312,312,312,
size:33
[agent] id:28
path:810,809,841,840,808,776,744,712,680,679,647,615,583,551,519,487,486,454,422,390,358,326,294,262,263,231,199,167,135,103,71,39,7,7,7,7,7,7,7,7,7,
goal:7,7,7,7,7,7,7,7,7,7,7,7,7,7,7,7,7,7,7,7,7,7,7,7,7,7,7,7,7,7,7,7,7,7,7,7,7,7,7,7,7,
size:32
[agent] id:29
path:245,277,309,341,373,405,437,469,501,533,565,597,629,630,631,632,633,634,635,667,668,669,670,670,670,670,670,670,670,670,670,670,670,670,670,670,670,670,670,670,670,
goal:670,670,670,670,670,670,670,670,670,670,670,670,670,670,670,670,670,670,670,670,670,670,670,670,670,670,670,670,670,670,670,670,670,670,670,670,670,670,670,670,670,
size:22
SolutionCost:636
