[setting] seed:14599
[solver] type:SASB-ECBS
[solver] w:2.000000
[solver] ID:0
[solver] Lowlevelnode:9095
[solver] Highlevelnode:29
[solver] ConflictCount:15
[solver] solved:1
[solver] elapsed:52
[solver] makespan:41
[problem] timesteplimit:15000
[problem] type:MAPF
[problem] agentnum:30
[graph] width:32
[graph] height:32
[graph] filename:./map/32by32_agents10_ex30.map
[task] id:24,start:0,end:0,service time:0,nodes:528,
[task] id:27,start:0,end:0,service time:0,nodes:778,
[task] id:23,start:0,end:0,service time:0,nodes:10,
[task] id:2,start:0,end:0,service time:0,nodes:524,
[task] id:6,start:0,end:0,service time:0,nodes:724,
[task] id:14,start:0,end:0,service time:0,nodes:677,
[task] id:11,start:0,end:0,service time:0,nodes:623,
[task] id:1,start:0,end:0,service time:0,nodes:806,
[task] id:18,start:0,end:0,service time:0,nodes:296,
[task] id:5,start:0,end:0,service time:0,nodes:962,
[task] id:13,start:0,end:0,service time:0,nodes:326,
[task] id:16,start:0,end:0,service time:0,nodes:361,
[task] id:9,start:0,end:0,service time:0,nodes:145,
[task] id:8,start:0,end:0,service time:0,nodes:844,
[task] id:25,start:0,end:0,service time:0,nodes:241,
[task] id:26,start:0,end:0,service time:0,nodes:337,
[task] id:29,start:0,end:0,service time:0,nodes:303,
[task] id:4,start:0,end:0,service time:0,nodes:700,
[task] id:28,start:0,end:0,service time:0,nodes:514,
[task] id:0,start:0,end:0,service time:0,nodes:669,
[task] id:3,start:0,end:0,service time:0,nodes:818,
[task] id:7,start:0,end:0,service time:0,nodes:466,
[task] id:15,start:0,end:0,service time:0,nodes:470,
[task] id:17,start:0,end:0,service time:0,nodes:413,
[task] id:19,start:0,end:0,service time:0,nodes:359,
[task] id:20,start:0,end:0,service time:0,nodes:1009,
[task] id:12,start:0,end:0,service time:0,nodes:961,
[task] id:10,start:0,end:0,service time:0,nodes:142,
[task] id:21,start:0,end:0,service time:0,nodes:879,
[task] id:22,start:0,end:0,service time:0,nodes:804,
[agent] id:0
path:644,645,646,647,648,649,650,651,652,653,654,655,656,657,658,659,660,661,662,663,664,632,633,634,635,667,668,669,669,669,669,669,669,669,669,669,669,669,669,669,669,669,
goal:669,669,669,669,669,669,669,669,669,669,669,669,669,669,669,669,669,669,669,669,669,669,669,669,669,669,669,669,669,669,669,669,669,669,669,669,669,669,669,669,669,669,
size:27
[agent] id:1
path:558,590,622,654,653,652,651,683,682,714,713,745,744,776,808,807,806,806,806,806,806,806,806,806,806,806,806,806,806,806,806,806,806,806,806,806,806,806,806,806,806,806,
goal:806,806,806,806,806,806,806,806,806,806,806,806,806,806,806,806,806,806,806,806,806,806,806,806,806,806,806,806,806,806,806,806,806,806,806,806,806,806,806,806,806,806,
size:16
[agent] id:2
path:270,302,301,300,332,364,396,428,460,461,493,525,524,524,524,524,524,524,524,524,524,524,524,524,524,524,524,524,524,524,524,524,524,524,524,524,524,524,524,524,524,524,
goal:524,524,524,524,524,524,524,524,524,524,524,524,524,524,524,524,524,524,524,524,524,524,524,524,524,524,524,524,524,524,524,524,524,524,524,524,524,524,524,524,524,524,
size:12
[agent] id:3
path:317,349,381,380,379,378,410,442,474,473,472,504,536,535,567,599,631,630,629,661,693,692,691,723,755,754,786,818,818,818,818,818,818,818,818,818,818,818,818,818,818,818,
goal:818,818,818,818,818,818,818,818,818,818,818,818,818,818,818,818,818,818,818,818,818,818,818,818,818,818,818,818,818,818,818,818,818,818,818,818,818,818,818,818,818,818,
size:27
[agent] id:4
path:1004,972,940,908,876,844,845,846,847,848,849,850,851,852,853,821,822,823,791,759,727,695,696,697,698,699,700,700,700,700,700,700,700,700,700,700,700,700,700,700,700,700,
goal:700,700,700,700,700,700,700,700,700,700,700,700,700,700,700,700,700,700,700,700,700,700,700,700,700,700,700,700,700,700,700,700,700,700,700,700,700,700,700,700,700,700,
size:26
[agent] id:5
path:618,650,682,714,713,745,744,776,808,840,872,904,936,935,967,966,965,964,963,962,962,962,962,962,962,962,962,962,962,962,962,962,962,962,962,962,962,962,962,962,962,962,
goal:962,962,962,962,962,962,962,962,962,962,962,962,962,962,962,962,962,962,962,962,962,962,962,962,962,962,962,962,962,962,962,962,962,962,962,962,962,962,962,962,962,962,
size:19
[agent] id:6
path:473,472,504,536,535,567,599,631,663,695,727,726,725,724,724,724,724,724,724,724,724,724,724,724,724,724,724,724,724,724,724,724,724,724,724,724,724,724,724,724,724,724,
goal:724,724,724,724,724,724,724,724,724,724,724,724,724,724,724,724,724,724,724,724,724,724,724,724,724,724,724,724,724,724,724,724,724,724,724,724,724,724,724,724,724,724,
size:13
[agent] id:7
path:990,958,926,894,893,861,860,859,858,857,825,793,792,760,728,696,664,632,600,599,567,535,534,533,501,469,468,467,466,466,466,466,466,466,466,466,466,466,466,466,466,466,
goal:466,466,466,466,466,466,466,466,466,466,466,466,466,466,466,466,466,466,466,466,466,466,466,466,466,466,466,466,466,466,466,466,466,466,466,466,466,466,466,466,466,466,
size:28
[agent] id:8
path:301,300,332,364,396,428,460,461,493,525,557,589,621,653,685,717,749,781,782,814,846,845,844,844,844,844,844,844,844,844,844,844,844,844,844,844,844,844,844,844,844,844,
goal:844,844,844,844,844,844,844,844,844,844,844,844,844,844,844,844,844,844,844,844,844,844,844,844,844,844,844,844,844,844,844,844,844,844,844,844,844,844,844,844,844,844,
size:22
[agent] id:9
path:553,521,489,457,458,426,394,395,396,364,332,300,268,236,204,172,173,174,142,143,144,145,145,145,145,145,145,145,145,145,145,145,145,145,145,145,145,145,145,145,145,145,
goal:145,145,145,145,145,145,145,145,145,145,145,145,145,145,145,145,145,145,145,145,145,145,145,145,145,145,145,145,145,145,145,145,145,145,145,145,145,145,145,145,145,145,
size:21
[agent] id:10
path:922,921,920,888,887,855,823,791,759,727,726,725,693,661,629,597,565,533,501,469,437,405,373,341,309,277,245,213,212,211,210,178,177,176,144,143,142,142,142,142,142,142,
goal:142,142,142,142,142,142,142,142,142,142,142,142,142,142,142,142,142,142,142,142,142,142,142,142,142,142,142,142,142,142,142,142,142,142,142,142,142,142,142,142,142,142,
size:36
[agent] id:11
path:938,906,874,842,810,778,779,747,715,683,651,619,620,621,622,623,623,623,623,623,623,623,623,623,623,623,623,623,623,623,623,623,623,623,623,623,623,623,623,623,623,623,
goal:623,623,623,623,623,623,623,623,623,623,623,623,623,623,623,623,623,623,623,623,623,623,623,623,623,623,623,623,623,623,623,623,623,623,623,623,623,623,623,623,623,623,
size:15
[agent] id:12
path:467,499,531,563,562,594,626,658,690,689,688,687,686,718,750,782,814,846,845,844,843,842,841,840,872,871,870,902,901,900,899,931,930,929,961,961,961,961,961,961,961,961,
goal:961,961,961,961,961,961,961,961,961,961,961,961,961,961,961,961,961,961,961,961,961,961,961,961,961,961,961,961,961,961,961,961,961,961,961,961,961,961,961,961,961,961,
size:34
[agent] id:13
path:274,242,241,240,239,207,206,205,204,203,202,201,200,199,231,230,230,262,294,326,326,326,326,326,326,326,326,326,326,326,326,326,326,326,326,326,326,326,326,326,326,326,
goal:326,326,326,326,326,326,326,326,326,326,326,326,326,326,326,326,326,326,326,326,326,326,326,326,326,326,326,326,326,326,326,326,326,326,326,326,326,326,326,326,326,326,
size:19
[agent] id:14
path:877,845,844,812,811,779,747,715,683,682,681,680,679,678,677,677,677,677,677,677,677,677,677,677,677,677,677,677,677,677,677,677,677,677,677,677,677,677,677,677,677,677,
goal:677,677,677,677,677,677,677,677,677,677,677,677,677,677,677,677,677,677,677,677,677,677,677,677,677,677,677,677,677,677,677,677,677,677,677,677,677,677,677,677,677,677,
size:14
[agent] id:15
path:640,641,609,577,578,579,547,548,549,550,551,552,553,554,555,556,557,558,559,560,560,561,562,530,498,499,500,501,469,470,470,470,470,470,470,470,470,470,470,470,470,470,
goal:470,470,470,470,470,470,470,470,470,470,470,470,470,470,470,470,470,470,470,470,470,470,470,470,470,470,470,470,470,470,470,470,470,470,470,470,470,470,470,470,470,470,
size:29
[agent] id:16
path:660,628,627,626,594,593,592,591,590,558,526,494,493,461,429,397,396,395,394,393,361,361,361,361,361,361,361,361,361,361,361,361,361,361,361,361,361,361,361,361,361,361,
goal:361,361,361,361,361,361,361,361,361,361,361,361,361,361,361,361,361,361,361,361,361,361,361,361,361,361,361,361,361,361,361,361,361,361,361,361,361,361,361,361,361,361,
size:20
[agent] id:17
path:649,617,618,619,620,621,589,557,558,559,560,561,562,563,564,565,533,534,535,536,537,538,539,507,508,476,477,478,446,414,413,413,413,413,413,413,413,413,413,413,413,413,
goal:413,413,413,413,413,413,413,413,413,413,413,413,413,413,413,413,413,413,413,413,413,413,413,413,413,413,413,413,413,413,413,413,413,413,413,413,413,413,413,413,413,413,
size:30
[agent] id:18
path:680,648,616,584,552,520,519,487,486,454,422,390,358,326,294,262,263,264,296,296,296,296,296,296,296,296,296,296,296,296,296,296,296,296,296,296,296,296,296,296,296,296,
goal:296,296,296,296,296,296,296,296,296,296,296,296,296,296,296,296,296,296,296,296,296,296,296,296,296,296,296,296,296,296,296,296,296,296,296,296,296,296,296,296,296,296,
size:18
[agent] id:19
path:191,190,189,188,187,219,218,217,216,248,280,312,311,310,309,308,307,306,305,304,303,302,301,300,332,364,396,395,394,393,392,391,359,359,359,359,359,359,359,359,359,359,
goal:359,359,359,359,359,359,359,359,359,359,359,359,359,359,359,359,359,359,359,359,359,359,359,359,359,359,359,359,359,359,359,359,359,359,359,359,359,359,359,359,359,359,
size:32
[agent] id:20
path:483,515,547,579,611,643,644,676,708,709,741,773,805,837,869,901,933,934,935,936,937,938,939,940,941,942,943,944,945,946,978,1010,1009,1009,1009,1009,1009,1009,1009,1009,1009,1009,
goal:1009,1009,1009,1009,1009,1009,1009,1009,1009,1009,1009,1009,1009,1009,1009,1009,1009,1009,1009,1009,1009,1009,1009,1009,1009,1009,1009,1009,1009,1009,1009,1009,1009,1009,1009,1009,1009,1009,1009,1009,1009,1009,
size:32
[agent] id:21
path:22,54,53,52,84,83,115,114,146,178,210,242,274,306,305,337,369,401,433,465,497,529,561,593,592,591,590,622,654,686,718,750,782,814,846,878,879,879,879,879,879,879,
goal:879,879,879,879,879,879,879,879,879,879,879,879,879,879,879,879,879,879,879,879,879,879,879,879,879,879,879,879,879,879,879,879,879,879,879,879,879,879,879,879,879,879,
size:36
[agent] id:22
path:20,52,84,83,115,114,146,178,210,242,274,306,305,337,369,401,433,465,497,529,561,593,592,591,590,622,654,686,718,717,716,715,714,713,745,744,776,775,774,773,805,804,
goal:804,804,804,804,804,804,804,804,804,804,804,804,804,804,804,804,804,804,804,804,804,804,804,804,804,804,804,804,804,804,804,804,804,804,804,804,804,804,804,804,804,804,
size:41
[agent] id:23
path:69,37,38,39,7,8,9,10,10,10,10,10,10,10,10,10,10,10,10,10,10,10,10,10,10,10,10,10,10,10,10,10,10,10,10,10,10,10,10,10,10,10,
goal:10,10,10,10,10,10,10,10,10,10,10,10,10,10,10,10,10,10,10,10,10,10,10,10,10,10,10,10,10,10,10,10,10,10,10,10,10,10,10,10,10,10,
size:7
[agent] id:24
path:687,655,623,591,559,527,528,528,528,528,528,528,528,528,528,528,528,528,528,528,528,528,528,528,528,528,528,528,528,528,528,528,528,528,528,528,528,528,528,528,528,528,
goal:528,528,528,528,528,528,528,528,528,528,528,528,528,528,528,528,528,528,528,528,528,528,528,528,528,528,528,528,528,528,528,528,528,528,528,528,528,528,528,528,528,528,
size:6
[agent] id:25
path:650,651,619,620,621,589,557,558,559,560,561,529,497,465,433,432,400,368,336,337,305,273,241,241,241,241,241,241,241,241,241,241,241,241,241,241,241,241,241,241,241,241,
goal:241,241,241,241,241,241,241,241,241,241,241,241,241,241,241,241,241,241,241,241,241,241,241,241,241,241,241,241,241,241,241,241,241,241,241,241,241,241,241,241,241,241,
size:22
[agent] id:26
path:547,548,549,550,551,552,553,554,555,556,556,557,558,559,560,561,529,497,498,466,434,402,401,369,337,337,337,337,337,337,337,337,337,337,337,337,337,337,337,337,337,337,
goal:337,337,337,337,337,337,337,337,337,337,337,337,337,337,337,337,337,337,337,337,337,337,337,337,337,337,337,337,337,337,337,337,337,337,337,337,337,337,337,337,337,337,
size:24
[agent] id:27
path:745,744,776,808,809,810,778,778,778,778,778,778,778,778,778,778,778,778,778,778,778,778,778,778,778,778,778,778,778,778,778,778,778,778,778,778,778,778,778,778,778,778,
goal:778,778,778,778,778,778,778,778,778,778,778,778,778,778,778,778,778,778,778,778,778,778,778,778,778,778,778,778,778,778,778,778,778,778,778,778,778,778,778,778,778,778,
size:6
[agent] id:28
path:943,911,879,847,846,814,782,750,718,686,685,653,652,620,619,618,617,616,584,552,520,519,518,517,516,515,514,514,514,514,514,514,514,514,514,514,514,514,514,514,514,514,
goal:514,514,514,514,514,514,514,514,514,514,514,514,514,514,514,514,514,514,514,514,514,514,514,514,514,514,514,514,514,514,514,514,514,514,514,514,514,514,514,514,514,514,
size:26
[agent] id:29
path:885,853,852,851,819,818,786,754,722,690,658,626,594,562,530,498,466,434,402,401,369,337,305,304,303,303,303,303,303,303,303,303,303,303,303,303,303,303,303,303,303,303,
goal:303,303,303,303,303,303,303,303,303,303,303,303,303,303,303,303,303,303,303,303,303,303,303,303,303,303,303,303,303,303,303,303,303,303,303,303,303,303,303,303,303,303,
size:24
SolutionCost:682
