[setting] seed:23880
[solver] type:SASB-ECBS
[solver] w:2.000000
[solver] ID:0
[solver] Lowlevelnode:57462
[solver] Highlevelnode:29
[solver] ConflictCount:15
[solver] solved:1
[solver] elapsed:286
[solver] makespan:50
[problem] timesteplimit:15000
[problem] type:MAPF
[problem] agentnum:30
[graph] width:32
[graph] height:32
[graph] filename:./map/32by32_agents10_ex30.map
[task] id:23,start:0,end:0,service time:0,nodes:646,
[task] id:6,start:0,end:0,service time:0,nodes:982,
[task] id:22,start:0,end:0,service time:0,nodes:949,
[task] id:9,start:0,end:0,service time:0,nodes:459,
[task] id:27,start:0,end:0,service time:0,nodes:288,
[task] id:1,start:0,end:0,service time:0,nodes:853,
[task] id:3,start:0,end:0,service time:0,nodes:240,
[task] id:21,start:0,end:0,service time:0,nodes:654,
[task] id:30,start:0,end:0,service time:0,nodes:646,
[task] id:12,start:0,end:0,service time:0,nodes:794,
[task] id:4,start:0,end:0,service time:0,nodes:655,
[task] id:15,start:0,end:0,service time:0,nodes:52,
[task] id:2,start:0,end:0,service time:0,nodes:189,
[task] id:7,start:0,end:0,service time:0,nodes:385,
[task] id:14,start:0,end:0,service time:0,nodes:590,
[task] id:0,start:0,end:0,service time:0,nodes:503,
[task] id:29,start:0,end:0,service time:0,nodes:465,
[task] id:5,start:0,end:0,service time:0,nodes:760,
[task] id:19,start:0,end:0,service time:0,nodes:536,
[task] id:11,start:0,end:0,service time:0,nodes:36,
[task] id:18,start:0,end:0,service time:0,nodes:779,
[task] id:8,start:0,end:0,service time:0,nodes:928,
[task] id:13,start:0,end:0,service time:0,nodes:215,
[task] id:26,start:0,end:0,service time:0,nodes:913,
[task] id:17,start:0,end:0,service time:0,nodes:851,
[task] id:16,start:0,end:0,service time:0,nodes:575,
[task] id:28,start:0,end:0,service time:0,nodes:119,
[task] id:20,start:0,end:0,service time:0,nodes:156,
[task] id:10,start:0,end:0,service time:0,nodes:417,
[task] id:25,start:0,end:0,service time:0,nodes:62,
[task] id:31,start:0,end:0,service time:0,nodes:928,
[task] id:24,start:0,end:0,service time:0,nodes:864,
[agent] id:0
path:545,513,514,515,516,517,518,519,520,521,522,554,555,556,557,558,559,560,561,562,563,564,565,533,534,535,503,503,503,503,503,503,503,503,503,503,503,503,503,503,503,503,503,503,503,503,503,503,503,503,503,
goal:503,503,503,503,503,503,503,503,503,503,503,503,503,503,503,503,503,503,503,503,503,503,503,503,503,503,503,503,503,503,503,503,503,503,503,503,503,503,503,503,503,503,503,503,503,503,503,503,503,503,503,
size:26
[agent] id:1
path:956,988,987,986,985,953,921,920,888,887,886,885,885,853,853,853,853,853,853,853,853,853,853,853,853,853,853,853,853,853,853,853,853,853,853,853,853,853,853,853,853,853,853,853,853,853,853,853,853,853,853,
goal:853,853,853,853,853,853,853,853,853,853,853,853,853,853,853,853,853,853,853,853,853,853,853,853,853,853,853,853,853,853,853,853,853,853,853,853,853,853,853,853,853,853,853,853,853,853,853,853,853,853,853,
size:13
[agent] id:2
path:696,664,632,600,599,567,535,503,504,472,473,441,409,377,345,313,281,280,248,216,184,185,186,187,188,189,189,189,189,189,189,189,189,189,189,189,189,189,189,189,189,189,189,189,189,189,189,189,189,189,189,
goal:189,189,189,189,189,189,189,189,189,189,189,189,189,189,189,189,189,189,189,189,189,189,189,189,189,189,189,189,189,189,189,189,189,189,189,189,189,189,189,189,189,189,189,189,189,189,189,189,189,189,189,
size:25
[agent] id:3
path:622,590,558,526,527,528,529,497,465,433,401,369,337,305,273,241,240,240,240,240,240,240,240,240,240,240,240,240,240,240,240,240,240,240,240,240,240,240,240,240,240,240,240,240,240,240,240,240,240,240,240,
goal:240,240,240,240,240,240,240,240,240,240,240,240,240,240,240,240,240,240,240,240,240,240,240,240,240,240,240,240,240,240,240,240,240,240,240,240,240,240,240,240,240,240,240,240,240,240,240,240,240,240,240,
size:16
[agent] id:4
path:899,867,835,803,771,739,707,708,709,710,711,712,713,714,715,716,717,685,686,687,655,655,655,655,655,655,655,655,655,655,655,655,655,655,655,655,655,655,655,655,655,655,655,655,655,655,655,655,655,655,655,
goal:655,655,655,655,655,655,655,655,655,655,655,655,655,655,655,655,655,655,655,655,655,655,655,655,655,655,655,655,655,655,655,655,655,655,655,655,655,655,655,655,655,655,655,655,655,655,655,655,655,655,655,
size:20
[agent] id:5
path:578,610,611,612,613,614,615,647,648,649,650,651,652,653,685,686,687,688,689,690,691,692,693,725,757,758,759,760,760,760,760,760,760,760,760,760,760,760,760,760,760,760,760,760,760,760,760,760,760,760,760,
goal:760,760,760,760,760,760,760,760,760,760,760,760,760,760,760,760,760,760,760,760,760,760,760,760,760,760,760,760,760,760,760,760,760,760,760,760,760,760,760,760,760,760,760,760,760,760,760,760,760,760,760,
size:27
[agent] id:6
path:953,985,984,983,982,982,982,982,982,982,982,982,982,982,982,982,982,982,982,982,982,982,982,982,982,982,982,982,982,982,982,982,982,982,982,982,982,982,982,982,982,982,982,982,982,982,982,982,982,982,982,
goal:982,982,982,982,982,982,982,982,982,982,982,982,982,982,982,982,982,982,982,982,982,982,982,982,982,982,982,982,982,982,982,982,982,982,982,982,982,982,982,982,982,982,982,982,982,982,982,982,982,982,982,
size:4
[agent] id:7
path:937,936,904,872,840,808,776,744,712,680,648,616,584,552,520,519,487,486,454,422,421,420,419,418,417,385,385,385,385,385,385,385,385,385,385,385,385,385,385,385,385,385,385,385,385,385,385,385,385,385,385,
goal:385,385,385,385,385,385,385,385,385,385,385,385,385,385,385,385,385,385,385,385,385,385,385,385,385,385,385,385,385,385,385,385,385,385,385,385,385,385,385,385,385,385,385,385,385,385,385,385,385,385,385,
size:25
[agent] id:8
path:133,165,197,229,261,293,294,326,358,390,422,454,486,518,550,582,614,646,678,710,742,774,806,838,870,902,901,900,899,931,930,929,928,928,928,928,928,928,928,928,928,928,928,928,928,928,928,928,960,960,928,
goal:928,928,928,928,928,928,928,928,928,928,928,928,928,928,928,928,928,928,928,928,928,928,928,928,928,928,928,928,928,928,928,928,928,928,928,928,928,928,928,928,928,928,928,928,928,928,928,928,928,928,928,
size:50
[agent] id:9
path:450,451,452,453,454,422,423,424,456,457,458,459,459,459,459,459,459,459,459,459,459,459,459,459,459,459,459,459,459,459,459,459,459,459,459,459,459,459,459,459,459,459,459,459,459,459,459,459,459,459,459,
goal:459,459,459,459,459,459,459,459,459,459,459,459,459,459,459,459,459,459,459,459,459,459,459,459,459,459,459,459,459,459,459,459,459,459,459,459,459,459,459,459,459,459,459,459,459,459,459,459,459,459,459,
size:11
[agent] id:10
path:861,860,859,858,857,825,793,792,760,728,696,664,663,662,661,660,628,627,626,594,593,592,591,559,558,557,556,555,554,522,490,458,457,456,424,423,422,421,420,419,418,417,417,417,417,417,417,417,417,417,417,
goal:417,417,417,417,417,417,417,417,417,417,417,417,417,417,417,417,417,417,417,417,417,417,417,417,417,417,417,417,417,417,417,417,417,417,417,417,417,417,417,417,417,417,417,417,417,417,417,417,417,417,417,
size:41
[agent] id:11
path:375,374,342,310,309,308,307,306,274,242,241,240,239,207,206,174,173,172,140,139,107,75,74,42,41,40,39,38,37,36,36,36,36,36,36,36,36,36,36,36,36,36,36,36,36,36,36,36,36,36,36,
goal:36,36,36,36,36,36,36,36,36,36,36,36,36,36,36,36,36,36,36,36,36,36,36,36,36,36,36,36,36,36,36,36,36,36,36,36,36,36,36,36,36,36,36,36,36,36,36,36,36,36,36,
size:29
[agent] id:12
path:779,811,812,844,845,846,847,848,849,850,851,852,853,821,822,823,791,792,793,794,794,794,794,794,794,794,794,794,794,794,794,794,794,794,794,794,794,794,794,794,794,794,794,794,794,794,794,794,794,794,794,
goal:794,794,794,794,794,794,794,794,794,794,794,794,794,794,794,794,794,794,794,794,794,794,794,794,794,794,794,794,794,794,794,794,794,794,794,794,794,794,794,794,794,794,794,794,794,794,794,794,794,794,794,
size:19
[agent] id:13
path:1012,980,948,949,950,918,886,854,822,823,791,759,727,695,663,631,599,567,535,503,504,472,473,441,409,377,345,313,281,280,248,216,215,215,215,215,215,215,215,215,215,215,215,215,215,215,215,215,215,215,215,
goal:215,215,215,215,215,215,215,215,215,215,215,215,215,215,215,215,215,215,215,215,215,215,215,215,215,215,215,215,215,215,215,215,215,215,215,215,215,215,215,215,215,215,215,215,215,215,215,215,215,215,215,
size:32
[agent] id:14
path:193,225,257,258,259,260,292,293,294,326,358,390,422,454,486,518,550,551,552,553,554,555,556,557,589,590,590,590,590,590,590,590,590,590,590,590,590,590,590,590,590,590,590,590,590,590,590,590,590,590,590,
goal:590,590,590,590,590,590,590,590,590,590,590,590,590,590,590,590,590,590,590,590,590,590,590,590,590,590,590,590,590,590,590,590,590,590,590,590,590,590,590,590,590,590,590,590,590,590,590,590,590,590,590,
size:25
[agent] id:15
path:592,560,528,529,497,465,433,401,369,337,305,273,241,209,177,145,113,81,49,50,51,52,52,52,52,52,52,52,52,52,52,52,52,52,52,52,52,52,52,52,52,52,52,52,52,52,52,52,52,52,52,
goal:52,52,52,52,52,52,52,52,52,52,52,52,52,52,52,52,52,52,52,52,52,52,52,52,52,52,52,52,52,52,52,52,52,52,52,52,52,52,52,52,52,52,52,52,52,52,52,52,52,52,52,
size:21
[agent] id:16
path:45,77,78,110,142,174,206,207,239,271,303,304,336,368,400,432,433,434,466,467,499,531,563,564,596,628,629,630,631,632,633,634,602,603,604,605,573,574,575,575,575,575,575,575,575,575,575,575,575,575,575,
goal:575,575,575,575,575,575,575,575,575,575,575,575,575,575,575,575,575,575,575,575,575,575,575,575,575,575,575,575,575,575,575,575,575,575,575,575,575,575,575,575,575,575,575,575,575,575,575,575,575,575,575,
size:38
[agent] id:17
path:71,103,135,167,199,200,201,233,234,235,236,268,300,332,364,396,428,460,461,493,525,557,589,621,653,685,717,749,781,782,814,846,847,848,849,850,851,851,851,851,851,851,851,851,851,851,851,851,851,851,851,
goal:851,851,851,851,851,851,851,851,851,851,851,851,851,851,851,851,851,851,851,851,851,851,851,851,851,851,851,851,851,851,851,851,851,851,851,851,851,851,851,851,851,851,851,851,851,851,851,851,851,851,851,
size:36
[agent] id:18
path:212,213,245,277,277,309,341,373,405,437,469,501,533,565,597,629,661,660,659,658,657,689,688,687,686,718,718,717,716,715,747,779,779,779,779,779,779,779,779,779,779,779,779,779,779,779,779,779,779,779,779,
goal:779,779,779,779,779,779,779,779,779,779,779,779,779,779,779,779,779,779,779,779,779,779,779,779,779,779,779,779,779,779,779,779,779,779,779,779,779,779,779,779,779,779,779,779,779,779,779,779,779,779,779,
size:31
[agent] id:19
path:75,107,139,171,203,235,236,268,300,301,302,334,366,367,399,431,463,464,465,497,498,499,500,501,533,534,535,536,536,536,536,536,536,536,536,536,536,536,536,536,536,536,536,536,536,536,536,536,536,536,536,
goal:536,536,536,536,536,536,536,536,536,536,536,536,536,536,536,536,536,536,536,536,536,536,536,536,536,536,536,536,536,536,536,536,536,536,536,536,536,536,536,536,536,536,536,536,536,536,536,536,536,536,536,
size:27
[agent] id:20
path:712,680,648,616,584,552,553,554,555,556,524,524,525,526,527,528,529,497,498,466,434,435,436,437,405,373,341,309,277,245,213,181,182,183,184,185,186,187,155,156,156,156,156,156,156,156,156,156,156,156,156,
goal:156,156,156,156,156,156,156,156,156,156,156,156,156,156,156,156,156,156,156,156,156,156,156,156,156,156,156,156,156,156,156,156,156,156,156,156,156,156,156,156,156,156,156,156,156,156,156,156,156,156,156,
size:39
[agent] id:21
path:934,902,870,838,806,774,742,710,678,679,647,648,649,650,651,652,653,654,654,654,654,654,654,654,654,654,654,654,654,654,654,654,654,654,654,654,654,654,654,654,654,654,654,654,654,654,654,654,654,654,654,
goal:654,654,654,654,654,654,654,654,654,654,654,654,654,654,654,654,654,654,654,654,654,654,654,654,654,654,654,654,654,654,654,654,654,654,654,654,654,654,654,654,654,654,654,654,654,654,654,654,654,654,654,
size:17
[agent] id:22
path:695,727,759,791,823,855,887,919,918,950,949,949,949,949,949,949,949,949,949,949,949,949,949,949,949,949,949,949,949,949,949,949,949,949,949,949,949,949,949,949,949,949,949,949,949,949,949,949,949,949,949,
goal:949,949,949,949,949,949,949,949,949,949,949,949,949,949,949,949,949,949,949,949,949,949,949,949,949,949,949,949,949,949,949,949,949,949,949,949,949,949,949,949,949,949,949,949,949,949,949,949,949,949,949,
size:10
[agent] id:23
path:644,645,646,646,646,646,646,646,646,646,646,646,646,646,646,645,645,645,646,646,646,646,646,646,646,646,646,646,646,646,646,646,646,646,646,646,646,646,646,646,646,646,646,646,646,646,646,646,646,646,646,
goal:646,646,646,646,646,646,646,646,646,646,646,646,646,646,646,646,646,646,646,646,646,646,646,646,646,646,646,646,646,646,646,646,646,646,646,646,646,646,646,646,646,646,646,646,646,646,646,646,646,646,646,
size:18
[agent] id:24
path:151,183,215,247,279,311,310,342,374,406,438,470,469,501,533,565,597,629,661,660,659,658,690,689,688,687,686,718,717,716,715,714,713,745,744,776,808,840,872,871,870,902,901,900,899,931,930,929,928,896,864,
goal:864,864,864,864,864,864,864,864,864,864,864,864,864,864,864,864,864,864,864,864,864,864,864,864,864,864,864,864,864,864,864,864,864,864,864,864,864,864,864,864,864,864,864,864,864,864,864,864,864,864,864,
size:50
[agent] id:25
path:778,779,747,715,683,651,619,620,621,589,557,525,526,527,528,529,497,465,433,401,369,337,305,273,241,209,210,211,212,213,181,182,150,151,119,87,88,89,90,91,92,60,61,62,62,62,62,62,62,62,62,
goal:62,62,62,62,62,62,62,62,62,62,62,62,62,62,62,62,62,62,62,62,62,62,62,62,62,62,62,62,62,62,62,62,62,62,62,62,62,62,62,62,62,62,62,62,62,62,62,62,62,62,62,
size:43
[agent] id:26
path:197,229,261,293,294,326,358,390,422,454,486,518,550,582,614,646,678,710,742,774,806,838,839,840,841,842,874,875,876,877,878,879,911,912,913,913,913,913,913,913,913,913,913,913,913,913,913,913,913,913,913,
goal:913,913,913,913,913,913,913,913,913,913,913,913,913,913,913,913,913,913,913,913,913,913,913,913,913,913,913,913,913,913,913,913,913,913,913,913,913,913,913,913,913,913,913,913,913,913,913,913,913,913,913,
size:34
[agent] id:27
path:393,392,391,359,358,357,356,355,354,353,352,320,288,288,288,288,288,288,288,288,288,288,288,288,288,288,288,288,288,288,288,288,288,288,288,288,288,288,288,288,288,288,288,288,288,288,288,288,288,288,288,
goal:288,288,288,288,288,288,288,288,288,288,288,288,288,288,288,288,288,288,288,288,288,288,288,288,288,288,288,288,288,288,288,288,288,288,288,288,288,288,288,288,288,288,288,288,288,288,288,288,288,288,288,
size:12
[agent] id:28
path:811,812,844,845,846,814,782,750,718,686,654,622,590,558,526,527,528,529,530,531,530,498,466,434,435,436,437,405,373,341,309,277,245,213,181,182,150,151,119,119,119,119,119,119,119,119,119,119,119,119,119,
goal:119,119,119,119,119,119,119,119,119,119,119,119,119,119,119,119,119,119,119,119,119,119,119,119,119,119,119,119,119,119,119,119,119,119,119,119,119,119,119,119,119,119,119,119,119,119,119,119,119,119,119,
size:38
[agent] id:29
path:869,837,805,773,741,709,677,645,613,614,582,550,551,551,552,553,554,555,556,557,558,559,560,561,529,497,465,465,465,465,465,465,465,465,465,465,465,465,465,465,465,465,465,465,465,465,465,465,465,465,465,
goal:465,465,465,465,465,465,465,465,465,465,465,465,465,465,465,465,465,465,465,465,465,465,465,465,465,465,465,465,465,465,465,465,465,465,465,465,465,465,465,465,465,465,465,465,465,465,465,465,465,465,465,
size:26
SolutionCost:803
