[setting] seed:3747
[solver] type:SASB-ECBS
[solver] w:2.000000
[solver] ID:0
[solver] Lowlevelnode:2123
[solver] Highlevelnode:9
[solver] ConflictCount:5
[solver] solved:1
[solver] elapsed:22
[solver] makespan:37
[problem] timesteplimit:15000
[problem] type:MAPF
[problem] agentnum:30
[graph] width:32
[graph] height:32
[graph] filename:./map/32by32_agents10_ex30.map
[task] id:29,start:0,end:0,service time:0,nodes:1005,
[task] id:27,start:0,end:0,service time:0,nodes:803,
[task] id:10,start:0,end:0,service time:0,nodes:669,
[task] id:12,start:0,end:0,service time:0,nodes:217,
[task] id:17,start:0,end:0,service time:0,nodes:785,
[task] id:19,start:0,end:0,service time:0,nodes:573,
[task] id:23,start:0,end:0,service time:0,nodes:450,
[task] id:22,start:0,end:0,service time:0,nodes:14,
[task] id:2,start:0,end:0,service time:0,nodes:423,
[task] id:14,start:0,end:0,service time:0,nodes:8,
[task] id:16,start:0,end:0,service time:0,nodes:417,
[task] id:7,start:0,end:0,service time:0,nodes:574,
[task] id:15,start:0,end:0,service time:0,nodes:487,
[task] id:5,start:0,end:0,service time:0,nodes:736,
[task] id:21,start:0,end:0,service time:0,nodes:305,
[task] id:0,start:0,end:0,service time:0,nodes:407,
[task] id:9,start:0,end:0,service time:0,nodes:617,
[task] id:4,start:0,end:0,service time:0,nodes:909,
[task] id:13,start:0,end:0,service time:0,nodes:26,
[task] id:28,start:0,end:0,service time:0,nodes:570,
[task] id:3,start:0,end:0,service time:0,nodes:696,
[task] id:8,start:0,end:0,service time:0,nodes:733,
[task] id:11,start:0,end:0,service time:0,nodes:533,
[task] id:20,start:0,end:0,service time:0,nodes:13,
[task] id:6,start:0,end:0,service time:0,nodes:517,
[task] id:24,start:0,end:0,service time:0,nodes:851,
[task] id:18,start:0,end:0,service time:0,nodes:680,
[task] id:1,start:0,end:0,service time:0,nodes:750,
[task] id:26,start:0,end:0,service time:0,nodes:69,
[task] id:25,start:0,end:0,service time:0,nodes:980,
[agent] id:0
path:985,953,921,920,888,887,855,823,791,759,727,695,663,631,599,567,535,503,504,472,473,441,409,408,407,407,407,407,407,407,407,407,407,407,407,407,407,407,
goal:407,407,407,407,407,407,407,407,407,407,407,407,407,407,407,407,407,407,407,407,407,407,407,407,407,407,407,407,407,407,407,407,407,407,407,407,407,407,
size:24
[agent] id:1
path:219,218,217,216,248,280,312,344,376,408,407,439,438,470,469,501,533,565,597,629,661,693,692,691,690,689,688,687,686,718,750,750,750,750,750,750,750,750,
goal:750,750,750,750,750,750,750,750,750,750,750,750,750,750,750,750,750,750,750,750,750,750,750,750,750,750,750,750,750,750,750,750,750,750,750,750,750,750,
size:30
[agent] id:2
path:710,678,646,614,582,550,518,486,454,422,423,423,423,423,423,423,423,423,423,423,423,423,423,423,423,423,423,423,423,423,423,423,423,423,423,423,423,423,
goal:423,423,423,423,423,423,423,423,423,423,423,423,423,423,423,423,423,423,423,423,423,423,423,423,423,423,423,423,423,423,423,423,423,423,423,423,423,423,
size:10
[agent] id:3
path:900,901,869,837,838,839,840,841,842,843,844,845,846,847,848,849,850,818,786,754,722,723,724,725,726,727,695,696,696,696,696,696,696,696,696,696,696,696,
goal:696,696,696,696,696,696,696,696,696,696,696,696,696,696,696,696,696,696,696,696,696,696,696,696,696,696,696,696,696,696,696,696,696,696,696,696,696,696,
size:27
[agent] id:4
path:270,302,301,300,332,364,396,428,460,461,493,525,557,589,621,653,685,717,749,781,782,814,846,878,877,909,909,909,909,909,909,909,909,909,909,909,909,909,
goal:909,909,909,909,909,909,909,909,909,909,909,909,909,909,909,909,909,909,909,909,909,909,909,909,909,909,909,909,909,909,909,909,909,909,909,909,909,909,
size:25
[agent] id:5
path:392,424,423,422,454,486,485,517,549,548,547,579,611,643,642,641,673,705,737,736,736,736,736,736,736,736,736,736,736,736,736,736,736,736,736,736,736,736,
goal:736,736,736,736,736,736,736,736,736,736,736,736,736,736,736,736,736,736,736,736,736,736,736,736,736,736,736,736,736,736,736,736,736,736,736,736,736,736,
size:19
[agent] id:6
path:855,823,791,759,727,695,663,631,599,567,566,565,564,563,562,561,560,559,558,557,556,555,554,522,521,520,519,518,517,517,517,517,517,517,517,517,517,517,
goal:517,517,517,517,517,517,517,517,517,517,517,517,517,517,517,517,517,517,517,517,517,517,517,517,517,517,517,517,517,517,517,517,517,517,517,517,517,517,
size:28
[agent] id:7
path:591,592,593,594,626,627,628,629,630,631,632,633,634,602,603,604,605,606,574,574,574,574,574,574,574,574,574,574,574,574,574,574,574,574,574,574,574,574,
goal:574,574,574,574,574,574,574,574,574,574,574,574,574,574,574,574,574,574,574,574,574,574,574,574,574,574,574,574,574,574,574,574,574,574,574,574,574,574,
size:18
[agent] id:8
path:396,428,460,461,493,525,557,589,621,653,654,655,656,657,658,659,660,661,662,663,695,696,697,698,699,700,701,733,733,733,733,733,733,733,733,733,733,733,
goal:733,733,733,733,733,733,733,733,733,733,733,733,733,733,733,733,733,733,733,733,733,733,733,733,733,733,733,733,733,733,733,733,733,733,733,733,733,733,
size:27
[agent] id:9
path:509,508,540,539,538,537,536,535,567,566,565,564,563,562,594,593,592,591,623,622,621,620,619,618,617,617,617,617,617,617,617,617,617,617,617,617,617,617,
goal:617,617,617,617,617,617,617,617,617,617,617,617,617,617,617,617,617,617,617,617,617,617,617,617,617,617,617,617,617,617,617,617,617,617,617,617,617,617,
size:24
[agent] id:10
path:762,730,698,699,667,668,669,669,669,669,669,669,669,669,669,669,669,669,669,669,669,669,669,669,669,669,669,669,669,669,669,669,669,669,669,669,669,669,
goal:669,669,669,669,669,669,669,669,669,669,669,669,669,669,669,669,669,669,669,669,669,669,669,669,669,669,669,669,669,669,669,669,669,669,669,669,669,669,
size:6
[agent] id:11
path:72,104,136,168,200,201,233,234,235,236,268,300,301,302,334,366,367,399,431,463,464,465,497,498,499,500,501,533,533,533,533,533,533,533,533,533,533,533,
goal:533,533,533,533,533,533,533,533,533,533,533,533,533,533,533,533,533,533,533,533,533,533,533,533,533,533,533,533,533,533,533,533,533,533,533,533,533,533,
size:27
[agent] id:12
path:25,57,89,121,153,185,217,217,217,217,217,217,217,217,217,217,217,217,217,217,217,217,217,217,217,217,217,217,217,217,217,217,217,217,217,217,217,217,
goal:217,217,217,217,217,217,217,217,217,217,217,217,217,217,217,217,217,217,217,217,217,217,217,217,217,217,217,217,217,217,217,217,217,217,217,217,217,217,
size:6
[agent] id:13
path:628,596,564,565,533,501,469,437,405,373,341,309,277,245,213,181,182,150,151,119,87,55,23,24,25,26,26,26,26,26,26,26,26,26,26,26,26,26,
goal:26,26,26,26,26,26,26,26,26,26,26,26,26,26,26,26,26,26,26,26,26,26,26,26,26,26,26,26,26,26,26,26,26,26,26,26,26,26,
size:25
[agent] id:14
path:49,48,80,79,78,77,45,13,12,11,10,9,8,8,8,8,8,8,8,8,8,8,8,8,8,8,8,8,8,8,8,8,8,8,8,8,8,8,
goal:8,8,8,8,8,8,8,8,8,8,8,8,8,8,8,8,8,8,8,8,8,8,8,8,8,8,8,8,8,8,8,8,8,8,8,8,8,8,
size:12
[agent] id:15
path:939,907,875,843,811,779,747,715,683,651,619,618,617,616,584,552,520,519,487,487,487,487,487,487,487,487,487,487,487,487,487,487,487,487,487,487,487,487,
goal:487,487,487,487,487,487,487,487,487,487,487,487,487,487,487,487,487,487,487,487,487,487,487,487,487,487,487,487,487,487,487,487,487,487,487,487,487,487,
size:18
[agent] id:16
path:618,617,616,584,552,520,519,487,486,454,422,421,420,419,418,417,417,417,417,417,417,417,417,417,417,417,417,417,417,417,417,417,417,417,417,417,417,417,
goal:417,417,417,417,417,417,417,417,417,417,417,417,417,417,417,417,417,417,417,417,417,417,417,417,417,417,417,417,417,417,417,417,417,417,417,417,417,417,
size:15
[agent] id:17
path:725,724,723,755,754,786,785,785,785,785,785,785,785,785,785,785,785,785,785,785,785,785,785,785,785,785,785,785,785,785,785,785,785,785,785,785,785,785,
goal:785,785,785,785,785,785,785,785,785,785,785,785,785,785,785,785,785,785,785,785,785,785,785,785,785,785,785,785,785,785,785,785,785,785,785,785,785,785,
size:6
[agent] id:18
path:213,245,277,309,308,307,306,305,337,369,401,433,465,497,529,528,527,526,525,524,524,556,555,554,553,552,584,616,648,680,680,680,680,680,680,680,680,680,
goal:680,680,680,680,680,680,680,680,680,680,680,680,680,680,680,680,680,680,680,680,680,680,680,680,680,680,680,680,680,680,680,680,680,680,680,680,680,680,
size:29
[agent] id:19
path:633,634,602,603,604,605,573,573,573,573,573,573,573,573,573,573,573,573,573,573,573,573,573,573,573,573,573,573,573,573,573,573,573,573,573,573,573,573,
goal:573,573,573,573,573,573,573,573,573,573,573,573,573,573,573,573,573,573,573,573,573,573,573,573,573,573,573,573,573,573,573,573,573,573,573,573,573,573,
size:6
[agent] id:20
path:163,162,161,193,225,257,258,259,227,228,229,230,231,199,200,201,202,203,171,172,173,174,142,110,78,77,45,13,13,13,13,13,13,13,13,13,13,13,
goal:13,13,13,13,13,13,13,13,13,13,13,13,13,13,13,13,13,13,13,13,13,13,13,13,13,13,13,13,13,13,13,13,13,13,13,13,13,13,
size:27
[agent] id:21
path:36,68,69,101,133,165,166,167,199,200,201,233,234,235,236,268,300,301,302,303,304,305,305,305,305,305,305,305,305,305,305,305,305,305,305,305,305,305,
goal:305,305,305,305,305,305,305,305,305,305,305,305,305,305,305,305,305,305,305,305,305,305,305,305,305,305,305,305,305,305,305,305,305,305,305,305,305,305,
size:21
[agent] id:22
path:50,49,48,80,79,78,77,45,13,14,14,14,14,14,14,14,14,14,14,14,14,14,14,14,14,14,14,14,14,14,14,14,14,14,14,14,14,14,
goal:14,14,14,14,14,14,14,14,14,14,14,14,14,14,14,14,14,14,14,14,14,14,14,14,14,14,14,14,14,14,14,14,14,14,14,14,14,14,
size:9
[agent] id:23
path:644,612,611,579,547,515,483,451,450,450,450,450,450,450,450,450,450,450,450,450,450,450,450,450,450,450,450,450,450,450,450,450,450,450,450,450,450,450,
goal:450,450,450,450,450,450,450,450,450,450,450,450,450,450,450,450,450,450,450,450,450,450,450,450,450,450,450,450,450,450,450,450,450,450,450,450,450,450,
size:8
[agent] id:24
path:110,142,174,206,207,239,271,303,304,336,368,400,432,464,465,497,529,561,593,594,626,658,690,722,754,786,818,850,851,851,851,851,851,851,851,851,851,851,
goal:851,851,851,851,851,851,851,851,851,851,851,851,851,851,851,851,851,851,851,851,851,851,851,851,851,851,851,851,851,851,851,851,851,851,851,851,851,851,
size:28
[agent] id:25
path:23,55,87,119,151,183,215,247,279,311,310,342,374,406,438,470,469,501,533,565,597,629,661,693,725,724,723,755,754,786,818,850,882,914,946,978,979,980,
goal:980,980,980,980,980,980,980,980,980,980,980,980,980,980,980,980,980,980,980,980,980,980,980,980,980,980,980,980,980,980,980,980,980,980,980,980,980,980,
size:37
[agent] id:26
path:60,92,91,90,89,88,87,86,54,53,52,84,83,82,81,80,79,78,77,45,44,12,11,10,42,74,73,72,71,70,69,69,69,69,69,69,69,69,
goal:69,69,69,69,69,69,69,69,69,69,69,69,69,69,69,69,69,69,69,69,69,69,69,69,69,69,69,69,69,69,69,69,69,69,69,69,69,69,
size:30
[agent] id:27
path:737,738,770,802,803,803,803,803,803,803,803,803,803,803,803,803,803,803,803,803,803,803,803,803,803,803,803,803,803,803,803,803,803,803,803,803,803,803,
goal:803,803,803,803,803,803,803,803,803,803,803,803,803,803,803,803,803,803,803,803,803,803,803,803,803,803,803,803,803,803,803,803,803,803,803,803,803,803,
size:4
[agent] id:28
path:111,143,144,176,177,209,241,273,305,337,369,401,433,465,497,498,499,500,501,533,534,535,536,537,569,570,570,570,570,570,570,570,570,570,570,570,570,570,
goal:570,570,570,570,570,570,570,570,570,570,570,570,570,570,570,570,570,570,570,570,570,570,570,570,570,570,570,570,570,570,570,570,570,570,570,570,570,570,
size:25
[agent] id:29
path:941,973,1005,1005,1005,1005,1005,1005,1005,1005,1005,1005,1005,1005,1005,1005,1005,1005,1005,1005,1005,1005,1005,1005,1005,1005,1005,1005,1005,1005,1005,1005,1005,1005,1005,1005,1005,1005,
goal:1005,1005,1005,1005,1005,1005,1005,1005,1005,1005,1005,1005,1005,1005,1005,1005,1005,1005,1005,1005,1005,1005,1005,1005,1005,1005,1005,1005,1005,1005,1005,1005,1005,1005,1005,1005,1005,1005,
size:2
SolutionCost:573
