[setting] seed:5444
[solver] type:SASB-ECBS
[solver] w:2.000000
[solver] ID:0
[solver] Lowlevelnode:9246
[solver] Highlevelnode:21
[solver] ConflictCount:11
[solver] solved:1
[solver] elapsed:52
[solver] makespan:38
[problem] timesteplimit:15000
[problem] type:MAPF
[problem] agentnum:30
[graph] width:32
[graph] height:32
[graph] filename:./map/32by32_agents10_ex30.map
[task] id:7,start:0,end:0,service time:0,nodes:227,
[task] id:26,start:0,end:0,service time:0,nodes:900,
[task] id:11,start:0,end:0,service time:0,nodes:308,
[task] id:23,start:0,end:0,service time:0,nodes:714,
[task] id:4,start:0,end:0,service time:0,nodes:527,
[task] id:13,start:0,end:0,service time:0,nodes:52,
[task] id:28,start:0,end:0,service time:0,nodes:1003,
[task] id:0,start:0,end:0,service time:0,nodes:110,
[task] id:25,start:0,end:0,service time:0,nodes:970,
[task] id:2,start:0,end:0,service time:0,nodes:299,
[task] id:21,start:0,end:0,service time:0,nodes:785,
[task] id:19,start:0,end:0,service time:0,nodes:953,
[task] id:3,start:0,end:0,service time:0,nodes:721,
[task] id:27,start:0,end:0,service time:0,nodes:558,
[task] id:12,start:0,end:0,service time:0,nodes:629,
[task] id:20,start:0,end:0,service time:0,nodes:591,
[task] id:1,start:0,end:0,service time:0,nodes:271,
[task] id:6,start:0,end:0,service time:0,nodes:42,
[task] id:24,start:0,end:0,service time:0,nodes:477,
[task] id:29,start:0,end:0,service time:0,nodes:987,
[task] id:9,start:0,end:0,service time:0,nodes:958,
[task] id:5,start:0,end:0,service time:0,nodes:221,
[task] id:17,start:0,end:0,service time:0,nodes:938,
[task] id:15,start:0,end:0,service time:0,nodes:996,
[task] id:18,start:0,end:0,service time:0,nodes:949,
[task] id:14,start:0,end:0,service time:0,nodes:858,
[task] id:16,start:0,end:0,service time:0,nodes:1,
[task] id:10,start:0,end:0,service time:0,nodes:56,
[task] id:22,start:0,end:0,service time:0,nodes:91,
[task] id:8,start:0,end:0,service time:0,nodes:972,
[agent] id:0
path:330,331,299,300,268,236,204,172,173,174,142,110,110,110,110,110,110,110,110,110,110,110,110,110,110,110,110,110,110,110,110,110,110,110,110,110,110,110,110,
goal:110,110,110,110,110,110,110,110,110,110,110,110,110,110,110,110,110,110,110,110,110,110,110,110,110,110,110,110,110,110,110,110,110,110,110,110,110,110,110,
size:11
[agent] id:1
path:669,637,605,604,603,571,539,538,537,536,535,534,533,501,469,437,436,435,403,402,401,369,337,305,304,303,271,271,271,271,271,271,271,271,271,271,271,271,271,
goal:271,271,271,271,271,271,271,271,271,271,271,271,271,271,271,271,271,271,271,271,271,271,271,271,271,271,271,271,271,271,271,271,271,271,271,271,271,271,271,
size:26
[agent] id:2
path:417,418,419,420,421,389,390,391,392,393,394,395,396,364,332,300,299,299,299,299,299,299,299,299,299,299,299,299,299,299,299,299,299,299,299,299,299,299,299,
goal:299,299,299,299,299,299,299,299,299,299,299,299,299,299,299,299,299,299,299,299,299,299,299,299,299,299,299,299,299,299,299,299,299,299,299,299,299,299,299,
size:16
[agent] id:3
path:800,801,802,803,804,805,806,807,808,809,810,778,779,747,715,716,717,685,686,687,688,720,721,721,721,721,721,721,721,721,721,721,721,721,721,721,721,721,721,
goal:721,721,721,721,721,721,721,721,721,721,721,721,721,721,721,721,721,721,721,721,721,721,721,721,721,721,721,721,721,721,721,721,721,721,721,721,721,721,721,
size:22
[agent] id:4
path:551,552,553,554,555,556,524,525,526,527,527,527,527,527,527,527,527,527,527,527,527,527,527,527,527,527,527,527,527,527,527,527,527,527,527,527,527,527,527,
goal:527,527,527,527,527,527,527,527,527,527,527,527,527,527,527,527,527,527,527,527,527,527,527,527,527,527,527,527,527,527,527,527,527,527,527,527,527,527,527,
size:9
[agent] id:5
path:263,231,199,200,201,202,203,204,205,206,207,239,240,241,209,210,211,212,213,214,215,216,217,218,219,187,188,189,221,221,221,221,221,221,221,221,221,221,221,
goal:221,221,221,221,221,221,221,221,221,221,221,221,221,221,221,221,221,221,221,221,221,221,221,221,221,221,221,221,221,221,221,221,221,221,221,221,221,221,221,
size:28
[agent] id:6
path:649,617,616,584,552,520,521,489,457,458,426,394,395,396,364,332,300,268,236,204,172,140,139,107,75,74,42,42,42,42,42,42,42,42,42,42,42,42,42,
goal:42,42,42,42,42,42,42,42,42,42,42,42,42,42,42,42,42,42,42,42,42,42,42,42,42,42,42,42,42,42,42,42,42,42,42,42,42,42,42,
size:26
[agent] id:7
path:258,259,227,227,227,227,227,227,227,227,227,227,227,227,227,227,227,227,227,227,227,227,227,227,227,227,227,227,227,227,227,227,227,227,227,227,227,227,227,
goal:227,227,227,227,227,227,227,227,227,227,227,227,227,227,227,227,227,227,227,227,227,227,227,227,227,227,227,227,227,227,227,227,227,227,227,227,227,227,227,
size:2
[agent] id:8
path:4,36,68,69,101,133,165,197,229,261,293,294,326,358,390,422,454,486,518,550,582,614,646,678,710,742,774,806,838,839,840,841,842,874,906,907,939,971,972,
goal:972,972,972,972,972,972,972,972,972,972,972,972,972,972,972,972,972,972,972,972,972,972,972,972,972,972,972,972,972,972,972,972,972,972,972,972,972,972,972,
size:38
[agent] id:9
path:528,560,592,593,594,626,658,690,722,723,724,725,757,758,759,791,823,824,825,857,858,859,860,892,924,956,957,958,958,958,958,958,958,958,958,958,958,958,958,
goal:958,958,958,958,958,958,958,958,958,958,958,958,958,958,958,958,958,958,958,958,958,958,958,958,958,958,958,958,958,958,958,958,958,958,958,958,958,958,958,
size:27
[agent] id:10
path:426,427,428,429,461,493,525,526,527,528,529,497,465,433,401,369,337,305,273,241,209,210,211,212,213,181,182,150,151,119,87,55,56,56,56,56,56,56,56,
goal:56,56,56,56,56,56,56,56,56,56,56,56,56,56,56,56,56,56,56,56,56,56,56,56,56,56,56,56,56,56,56,56,56,56,56,56,56,56,56,
size:32
[agent] id:11
path:184,216,248,280,312,311,310,309,308,308,308,308,308,308,308,308,308,308,308,308,308,308,308,308,308,308,308,308,308,308,308,308,308,308,308,308,308,308,308,
goal:308,308,308,308,308,308,308,308,308,308,308,308,308,308,308,308,308,308,308,308,308,308,308,308,308,308,308,308,308,308,308,308,308,308,308,308,308,308,308,
size:8
[agent] id:12
path:234,235,236,268,269,301,302,334,366,367,399,431,463,464,465,497,529,561,593,594,626,627,628,629,629,629,629,629,629,629,629,629,629,629,629,629,629,629,629,
goal:629,629,629,629,629,629,629,629,629,629,629,629,629,629,629,629,629,629,629,629,629,629,629,629,629,629,629,629,629,629,629,629,629,629,629,629,629,629,629,
size:23
[agent] id:13
path:213,181,182,150,151,119,87,55,54,53,52,52,52,52,52,52,52,52,52,52,52,52,52,52,52,52,52,52,52,52,52,52,52,52,52,52,52,52,52,
goal:52,52,52,52,52,52,52,52,52,52,52,52,52,52,52,52,52,52,52,52,52,52,52,52,52,52,52,52,52,52,52,52,52,52,52,52,52,52,52,
size:10
[agent] id:14
path:300,332,364,396,428,460,461,493,525,557,589,621,653,685,686,687,688,720,721,722,723,724,725,757,758,759,791,823,824,825,857,858,858,858,858,858,858,858,858,
goal:858,858,858,858,858,858,858,858,858,858,858,858,858,858,858,858,858,858,858,858,858,858,858,858,858,858,858,858,858,858,858,858,858,858,858,858,858,858,858,
size:31
[agent] id:15
path:531,563,562,561,593,592,591,623,655,687,686,718,750,782,814,846,878,877,909,941,940,939,938,937,936,935,967,999,998,997,996,996,996,996,996,996,996,996,996,
goal:996,996,996,996,996,996,996,996,996,996,996,996,996,996,996,996,996,996,996,996,996,996,996,996,996,996,996,996,996,996,996,996,996,996,996,996,996,996,996,
size:30
[agent] id:16
path:673,641,609,577,545,513,512,480,448,416,384,352,320,288,256,257,258,259,260,228,196,197,165,133,101,69,37,5,4,3,2,1,1,1,1,1,1,1,1,
goal:1,1,1,1,1,1,1,1,1,1,1,1,1,1,1,1,1,1,1,1,1,1,1,1,1,1,1,1,1,1,1,1,1,1,1,1,1,1,1,
size:31
[agent] id:17
path:239,271,303,302,301,300,332,364,396,428,460,461,493,525,557,589,621,653,685,717,716,715,747,779,811,843,875,907,939,938,938,938,938,938,938,938,938,938,938,
goal:938,938,938,938,938,938,938,938,938,938,938,938,938,938,938,938,938,938,938,938,938,938,938,938,938,938,938,938,938,938,938,938,938,938,938,938,938,938,938,
size:29
[agent] id:18
path:518,550,582,614,646,678,710,742,774,806,838,839,840,841,842,874,875,876,877,878,879,880,881,882,883,884,885,886,918,950,949,949,949,949,949,949,949,949,949,
goal:949,949,949,949,949,949,949,949,949,949,949,949,949,949,949,949,949,949,949,949,949,949,949,949,949,949,949,949,949,949,949,949,949,949,949,949,949,949,949,
size:30
[agent] id:19
path:560,592,593,594,626,658,690,722,754,786,818,850,882,883,884,885,886,918,919,920,952,953,953,953,953,953,953,953,953,953,953,953,953,953,953,953,953,953,953,
goal:953,953,953,953,953,953,953,953,953,953,953,953,953,953,953,953,953,953,953,953,953,953,953,953,953,953,953,953,953,953,953,953,953,953,953,953,953,953,953,
size:21
[agent] id:20
path:103,135,167,199,231,263,262,294,326,358,390,422,454,486,518,550,551,552,553,554,555,556,557,589,590,591,591,591,591,591,591,591,591,591,591,591,591,591,591,
goal:591,591,591,591,591,591,591,591,591,591,591,591,591,591,591,591,591,591,591,591,591,591,591,591,591,591,591,591,591,591,591,591,591,591,591,591,591,591,591,
size:25
[agent] id:21
path:957,925,893,861,860,859,858,857,825,824,823,822,821,853,852,851,819,818,786,785,785,785,785,785,785,785,785,785,785,785,785,785,785,785,785,785,785,785,785,
goal:785,785,785,785,785,785,785,785,785,785,785,785,785,785,785,785,785,785,785,785,785,785,785,785,785,785,785,785,785,785,785,785,785,785,785,785,785,785,785,
size:19
[agent] id:22
path:819,818,786,754,722,690,691,659,627,628,596,564,565,533,501,469,437,405,373,341,309,277,245,213,181,182,150,151,119,87,88,89,90,91,91,91,91,91,91,
goal:91,91,91,91,91,91,91,91,91,91,91,91,91,91,91,91,91,91,91,91,91,91,91,91,91,91,91,91,91,91,91,91,91,91,91,91,91,91,91,
size:33
[agent] id:23
path:590,622,654,686,718,717,716,715,714,714,714,714,714,714,714,714,714,714,714,714,714,714,714,714,714,714,714,714,714,714,714,714,714,714,714,714,714,714,714,
goal:714,714,714,714,714,714,714,714,714,714,714,714,714,714,714,714,714,714,714,714,714,714,714,714,714,714,714,714,714,714,714,714,714,714,714,714,714,714,714,
size:8
[agent] id:24
path:207,239,271,303,304,305,337,369,401,433,465,466,498,499,500,501,533,534,535,536,537,538,539,507,508,476,477,477,477,477,477,477,477,477,477,477,477,477,477,
goal:477,477,477,477,477,477,477,477,477,477,477,477,477,477,477,477,477,477,477,477,477,477,477,477,477,477,477,477,477,477,477,477,477,477,477,477,477,477,477,
size:26
[agent] id:25
path:804,836,837,869,901,933,934,935,936,937,969,970,970,970,970,970,970,970,970,970,970,970,970,970,970,970,970,970,970,970,970,970,970,970,970,970,970,970,970,
goal:970,970,970,970,970,970,970,970,970,970,970,970,970,970,970,970,970,970,970,970,970,970,970,970,970,970,970,970,970,970,970,970,970,970,970,970,970,970,970,
size:11
[agent] id:26
path:770,802,803,835,867,899,900,900,900,900,900,900,900,900,900,900,900,900,900,900,900,900,900,900,900,900,900,900,900,900,900,900,900,900,900,900,900,900,900,
goal:900,900,900,900,900,900,900,900,900,900,900,900,900,900,900,900,900,900,900,900,900,900,900,900,900,900,900,900,900,900,900,900,900,900,900,900,900,900,900,
size:6
[agent] id:27
path:257,258,290,322,354,355,356,357,389,421,453,485,517,549,550,551,552,553,554,555,556,557,558,558,558,558,558,558,558,558,558,558,558,558,558,558,558,558,558,
goal:558,558,558,558,558,558,558,558,558,558,558,558,558,558,558,558,558,558,558,558,558,558,558,558,558,558,558,558,558,558,558,558,558,558,558,558,558,558,558,
size:22
[agent] id:28
path:714,715,747,779,811,843,875,907,939,971,1003,1003,1003,1003,1003,1003,1003,1003,1003,1003,1003,1003,1003,1003,1003,1003,1003,1003,1003,1003,1003,1003,1003,1003,1003,1003,1003,1003,1003,
goal:1003,1003,1003,1003,1003,1003,1003,1003,1003,1003,1003,1003,1003,1003,1003,1003,1003,1003,1003,1003,1003,1003,1003,1003,1003,1003,1003,1003,1003,1003,1003,1003,1003,1003,1003,1003,1003,1003,1003,
size:10
[agent] id:29
path:558,590,622,654,686,718,750,782,814,846,878,879,880,881,882,883,884,885,886,918,950,982,983,984,985,986,987,987,987,987,987,987,987,987,987,987,987,987,987,
goal:987,987,987,987,987,987,987,987,987,987,987,987,987,987,987,987,987,987,987,987,987,987,987,987,987,987,987,987,987,987,987,987,987,987,987,987,987,987,987,
size:26
SolutionCost:636
