[setting] seed:17973
[solver] type:SASB-ECBS
[solver] w:2.000000
[solver] ID:0
[solver] Lowlevelnode:4642
[solver] Highlevelnode:23
[solver] ConflictCount:12
[solver] solved:1
[solver] elapsed:55
[solver] makespan:38
[problem] timesteplimit:15000
[problem] type:MAPF
[problem] agentnum:30
[graph] width:32
[graph] height:32
[graph] filename:./map/32by32_agents10_ex30.map
[task] id:14,start:0,end:0,service time:0,nodes:825,
[task] id:7,start:0,end:0,service time:0,nodes:255,
[task] id:16,start:0,end:0,service time:0,nodes:657,
[task] id:15,start:0,end:0,service time:0,nodes:749,
[task] id:3,start:0,end:0,service time:0,nodes:953,
[task] id:18,start:0,end:0,service time:0,nodes:668,
[task] id:4,start:0,end:0,service time:0,nodes:885,
[task] id:22,start:0,end:0,service time:0,nodes:463,
[task] id:12,start:0,end:0,service time:0,nodes:359,
[task] id:9,start:0,end:0,service time:0,nodes:374,
[task] id:26,start:0,end:0,service time:0,nodes:810,
[task] id:27,start:0,end:0,service time:0,nodes:104,
[task] id:2,start:0,end:0,service time:0,nodes:465,
[task] id:10,start:0,end:0,service time:0,nodes:659,
[task] id:20,start:0,end:0,service time:0,nodes:782,
[task] id:23,start:0,end:0,service time:0,nodes:809,
[task] id:8,start:0,end:0,service time:0,nodes:89,
[task] id:11,start:0,end:0,service time:0,nodes:535,
[task] id:17,start:0,end:0,service time:0,nodes:1021,
[task] id:28,start:0,end:0,service time:0,nodes:973,
[task] id:13,start:0,end:0,service time:0,nodes:791,
[task] id:21,start:0,end:0,service time:0,nodes:197,
[task] id:1,start:0,end:0,service time:0,nodes:372,
[task] id:29,start:0,end:0,service time:0,nodes:560,
[task] id:0,start:0,end:0,service time:0,nodes:352,
[task] id:5,start:0,end:0,service time:0,nodes:631,
[task] id:6,start:0,end:0,service time:0,nodes:547,
[task] id:19,start:0,end:0,service time:0,nodes:158,
[task] id:24,start:0,end:0,service time:0,nodes:250,
[task] id:25,start:0,end:0,service time:0,nodes:56,
[agent] id:0
path:436,468,500,499,531,530,529,528,527,526,494,493,461,429,397,396,395,394,393,392,391,390,358,357,356,355,354,353,352,352,352,352,352,352,352,352,352,352,352,
goal:352,352,352,352,352,352,352,352,352,352,352,352,352,352,352,352,352,352,352,352,352,352,352,352,352,352,352,352,352,352,352,352,352,352,352,352,352,352,352,
size:28
[agent] id:1
path:196,228,229,230,231,199,200,201,233,234,235,236,268,300,301,302,303,304,305,306,307,308,309,341,373,372,372,372,372,372,372,372,372,372,372,372,372,372,372,
goal:372,372,372,372,372,372,372,372,372,372,372,372,372,372,372,372,372,372,372,372,372,372,372,372,372,372,372,372,372,372,372,372,372,372,372,372,372,372,372,
size:25
[agent] id:2
path:824,823,791,759,727,695,663,662,630,598,566,565,564,563,531,499,467,466,466,465,465,465,465,465,465,465,465,465,465,465,465,465,465,465,465,465,465,465,465,
goal:465,465,465,465,465,465,465,465,465,465,465,465,465,465,465,465,465,465,465,465,465,465,465,465,465,465,465,465,465,465,465,465,465,465,465,465,465,465,465,
size:19
[agent] id:3
path:799,831,863,895,927,959,958,957,956,955,987,986,985,953,953,953,953,953,953,953,953,953,953,953,953,953,953,953,953,953,953,953,953,953,953,953,953,953,953,
goal:953,953,953,953,953,953,953,953,953,953,953,953,953,953,953,953,953,953,953,953,953,953,953,953,953,953,953,953,953,953,953,953,953,953,953,953,953,953,953,
size:13
[agent] id:4
path:472,504,536,535,567,599,631,663,695,727,759,791,823,855,887,886,885,885,885,885,885,885,885,885,885,885,885,885,885,885,885,885,885,885,885,885,885,885,885,
goal:885,885,885,885,885,885,885,885,885,885,885,885,885,885,885,885,885,885,885,885,885,885,885,885,885,885,885,885,885,885,885,885,885,885,885,885,885,885,885,
size:16
[agent] id:5
path:136,168,200,201,233,234,235,236,268,300,332,364,396,428,460,461,493,525,557,589,590,591,592,593,594,626,627,628,629,630,631,631,631,631,631,631,631,631,631,
goal:631,631,631,631,631,631,631,631,631,631,631,631,631,631,631,631,631,631,631,631,631,631,631,631,631,631,631,631,631,631,631,631,631,631,631,631,631,631,631,
size:30
[agent] id:6
path:950,918,886,854,853,852,851,819,818,786,754,722,690,689,688,656,655,623,622,621,620,619,618,617,616,584,552,551,550,549,548,547,547,547,547,547,547,547,547,
goal:547,547,547,547,547,547,547,547,547,547,547,547,547,547,547,547,547,547,547,547,547,547,547,547,547,547,547,547,547,547,547,547,547,547,547,547,547,547,547,
size:31
[agent] id:7
path:182,183,184,185,186,187,188,189,221,222,223,255,255,255,255,255,255,255,255,255,255,255,255,255,255,255,255,255,255,255,255,255,255,255,255,255,255,255,255,
goal:255,255,255,255,255,255,255,255,255,255,255,255,255,255,255,255,255,255,255,255,255,255,255,255,255,255,255,255,255,255,255,255,255,255,255,255,255,255,255,
size:11
[agent] id:8
path:42,10,11,12,44,45,77,78,79,80,81,82,83,84,52,53,54,86,87,88,89,89,89,89,89,89,89,89,89,89,89,89,89,89,89,89,89,89,89,
goal:89,89,89,89,89,89,89,89,89,89,89,89,89,89,89,89,89,89,89,89,89,89,89,89,89,89,89,89,89,89,89,89,89,89,89,89,89,89,89,
size:20
[agent] id:9
path:793,792,760,728,696,664,632,600,599,567,535,534,533,501,469,437,405,373,374,374,374,374,374,374,374,374,374,374,374,374,374,374,374,374,374,374,374,374,374,
goal:374,374,374,374,374,374,374,374,374,374,374,374,374,374,374,374,374,374,374,374,374,374,374,374,374,374,374,374,374,374,374,374,374,374,374,374,374,374,374,
size:18
[agent] id:10
path:486,487,487,519,551,552,553,554,555,556,557,589,590,591,592,593,594,626,658,659,659,659,659,659,659,659,659,659,659,659,659,659,659,659,659,659,659,659,659,
goal:659,659,659,659,659,659,659,659,659,659,659,659,659,659,659,659,659,659,659,659,659,659,659,659,659,659,659,659,659,659,659,659,659,659,659,659,659,659,659,
size:19
[agent] id:11
path:517,518,519,520,521,522,554,555,556,557,558,559,560,561,562,563,564,565,533,534,535,535,535,535,535,535,535,535,535,535,535,535,535,535,535,535,535,535,535,
goal:535,535,535,535,535,535,535,535,535,535,535,535,535,535,535,535,535,535,535,535,535,535,535,535,535,535,535,535,535,535,535,535,535,535,535,535,535,535,535,
size:20
[agent] id:12
path:771,739,707,708,676,644,612,613,614,582,550,518,486,454,422,390,358,359,359,359,359,359,359,359,359,359,359,359,359,359,359,359,359,359,359,359,359,359,359,
goal:359,359,359,359,359,359,359,359,359,359,359,359,359,359,359,359,359,359,359,359,359,359,359,359,359,359,359,359,359,359,359,359,359,359,359,359,359,359,359,
size:17
[agent] id:13
path:217,216,248,280,312,344,376,408,409,441,473,472,504,536,535,567,599,631,663,695,727,759,791,791,791,791,791,791,791,791,791,791,791,791,791,791,791,791,791,
goal:791,791,791,791,791,791,791,791,791,791,791,791,791,791,791,791,791,791,791,791,791,791,791,791,791,791,791,791,791,791,791,791,791,791,791,791,791,791,791,
size:22
[agent] id:14
path:988,956,924,892,860,859,858,857,825,825,825,825,825,825,825,825,825,825,825,825,825,825,825,825,825,825,825,825,825,825,825,825,825,825,825,825,825,825,825,
goal:825,825,825,825,825,825,825,825,825,825,825,825,825,825,825,825,825,825,825,825,825,825,825,825,825,825,825,825,825,825,825,825,825,825,825,825,825,825,825,
size:8
[agent] id:15
path:562,594,626,658,657,656,655,654,654,653,685,717,749,749,749,749,749,749,749,749,749,749,749,749,749,749,749,749,749,749,749,749,749,749,749,749,749,749,749,
goal:749,749,749,749,749,749,749,749,749,749,749,749,749,749,749,749,749,749,749,749,749,749,749,749,749,749,749,749,749,749,749,749,749,749,749,749,749,749,749,
size:12
[agent] id:16
path:369,401,433,465,497,529,561,593,594,626,658,657,657,657,657,657,657,657,657,657,657,657,657,657,657,657,657,657,657,657,657,657,657,657,657,657,657,657,657,
goal:657,657,657,657,657,657,657,657,657,657,657,657,657,657,657,657,657,657,657,657,657,657,657,657,657,657,657,657,657,657,657,657,657,657,657,657,657,657,657,
size:11
[agent] id:17
path:664,696,728,729,730,762,794,795,796,797,798,830,831,863,895,927,959,991,990,989,1021,1021,1021,1021,1021,1021,1021,1021,1021,1021,1021,1021,1021,1021,1021,1021,1021,1021,1021,
goal:1021,1021,1021,1021,1021,1021,1021,1021,1021,1021,1021,1021,1021,1021,1021,1021,1021,1021,1021,1021,1021,1021,1021,1021,1021,1021,1021,1021,1021,1021,1021,1021,1021,1021,1021,1021,1021,1021,1021,
size:20
[agent] id:18
path:409,441,473,472,504,536,537,569,570,602,634,635,667,668,668,668,668,668,668,668,668,668,668,668,668,668,668,668,668,668,668,668,668,668,668,668,668,668,668,
goal:668,668,668,668,668,668,668,668,668,668,668,668,668,668,668,668,668,668,668,668,668,668,668,668,668,668,668,668,668,668,668,668,668,668,668,668,668,668,668,
size:13
[agent] id:19
path:697,697,696,664,632,600,599,567,535,534,533,501,469,437,405,373,341,309,277,245,213,181,182,183,184,185,186,187,188,189,190,158,158,158,158,158,158,158,158,
goal:158,158,158,158,158,158,158,158,158,158,158,158,158,158,158,158,158,158,158,158,158,158,158,158,158,158,158,158,158,158,158,158,158,158,158,158,158,158,158,
size:31
[agent] id:20
path:391,423,424,456,457,489,521,553,554,555,556,557,589,621,653,685,717,718,750,782,782,782,782,782,782,782,782,782,782,782,782,782,782,782,782,782,782,782,782,
goal:782,782,782,782,782,782,782,782,782,782,782,782,782,782,782,782,782,782,782,782,782,782,782,782,782,782,782,782,782,782,782,782,782,782,782,782,782,782,782,
size:19
[agent] id:21
path:310,309,308,307,306,274,242,241,240,239,207,206,205,204,203,202,201,200,199,167,166,165,197,197,197,197,197,197,197,197,197,197,197,197,197,197,197,197,197,
goal:197,197,197,197,197,197,197,197,197,197,197,197,197,197,197,197,197,197,197,197,197,197,197,197,197,197,197,197,197,197,197,197,197,197,197,197,197,197,197,
size:22
[agent] id:22
path:199,200,201,233,234,235,236,268,300,301,302,334,366,367,399,431,463,463,463,463,463,463,463,463,463,463,463,463,463,463,463,463,463,463,463,463,463,463,463,
goal:463,463,463,463,463,463,463,463,463,463,463,463,463,463,463,463,463,463,463,463,463,463,463,463,463,463,463,463,463,463,463,463,463,463,463,463,463,463,463,
size:16
[agent] id:23
path:983,982,950,918,886,854,853,852,851,850,849,848,847,846,845,844,843,842,841,809,809,809,809,809,809,809,809,809,809,809,809,809,809,809,809,809,809,809,809,
goal:809,809,809,809,809,809,809,809,809,809,809,809,809,809,809,809,809,809,809,809,809,809,809,809,809,809,809,809,809,809,809,809,809,809,809,809,809,809,809,
size:19
[agent] id:24
path:860,859,858,857,825,793,792,760,728,696,664,632,600,599,567,566,534,533,501,469,437,405,406,407,375,376,344,312,280,248,216,217,218,250,250,250,250,250,250,
goal:250,250,250,250,250,250,250,250,250,250,250,250,250,250,250,250,250,250,250,250,250,250,250,250,250,250,250,250,250,250,250,250,250,250,250,250,250,250,250,
size:33
[agent] id:25
path:909,877,845,846,814,782,750,718,686,654,622,590,558,526,527,528,529,497,465,433,401,369,337,305,273,241,209,177,145,113,81,49,50,51,52,53,54,55,56,
goal:56,56,56,56,56,56,56,56,56,56,56,56,56,56,56,56,56,56,56,56,56,56,56,56,56,56,56,56,56,56,56,56,56,56,56,56,56,56,56,
size:38
[agent] id:26
path:663,662,661,693,692,691,690,689,688,687,686,718,717,716,715,747,779,811,810,810,810,810,810,810,810,810,810,810,810,810,810,810,810,810,810,810,810,810,810,
goal:810,810,810,810,810,810,810,810,810,810,810,810,810,810,810,810,810,810,810,810,810,810,810,810,810,810,810,810,810,810,810,810,810,810,810,810,810,810,810,
size:18
[agent] id:27
path:19,51,83,115,114,146,145,144,143,142,174,173,172,140,139,107,106,105,104,104,104,104,104,104,104,104,104,104,104,104,104,104,104,104,104,104,104,104,104,
goal:104,104,104,104,104,104,104,104,104,104,104,104,104,104,104,104,104,104,104,104,104,104,104,104,104,104,104,104,104,104,104,104,104,104,104,104,104,104,104,
size:18
[agent] id:28
path:521,553,554,555,556,557,589,621,653,685,717,749,781,782,814,846,878,877,909,941,973,973,973,973,973,973,973,973,973,973,973,973,973,973,973,973,973,973,973,
goal:973,973,973,973,973,973,973,973,973,973,973,973,973,973,973,973,973,973,973,973,973,973,973,973,973,973,973,973,973,973,973,973,973,973,973,973,973,973,973,
size:20
[agent] id:29
path:898,866,867,835,803,771,739,707,708,676,644,612,613,614,582,550,551,552,553,554,555,556,557,558,559,560,560,560,560,560,560,560,560,560,560,560,560,560,560,
goal:560,560,560,560,560,560,560,560,560,560,560,560,560,560,560,560,560,560,560,560,560,560,560,560,560,560,560,560,560,560,560,560,560,560,560,560,560,560,560,
size:25
SolutionCost:612
