[setting] seed:9524
[solver] type:SASB-ECBS
[solver] w:2.000000
[solver] ID:0
[solver] Lowlevelnode:12034
[solver] Highlevelnode:27
[solver] ConflictCount:14
[solver] solved:1
[solver] elapsed:75
[solver] makespan:50
[problem] timesteplimit:15000
[problem] type:MAPF
[problem] agentnum:30
[graph] width:32
[graph] height:32
[graph] filename:./map/32by32_agents10_ex30.map
[task] id:3,start:0,end:0,service time:0,nodes:853,
[task] id:11,start:0,end:0,service time:0,nodes:448,
[task] id:24,start:0,end:0,service time:0,nodes:172,
[task] id:17,start:0,end:0,service time:0,nodes:843,
[task] id:18,start:0,end:0,service time:0,nodes:644,
[task] id:4,start:0,end:0,service time:0,nodes:535,
[task] id:8,start:0,end:0,service time:0,nodes:136,
[task] id:13,start:0,end:0,service time:0,nodes:945,
[task] id:19,start:0,end:0,service time:0,nodes:299,
[task] id:26,start:0,end:0,service time:0,nodes:367,
[task] id:6,start:0,end:0,service time:0,nodes:887,
[task] id:21,start:0,end:0,service time:0,nodes:107,
[task] id:15,start:0,end:0,service time:0,nodes:426,
[task] id:5,start:0,end:0,service time:0,nodes:197,
[task] id:14,start:0,end:0,service time:0,nodes:178,
[task] id:23,start:0,end:0,service time:0,nodes:589,
[task] id:9,start:0,end:0,service time:0,nodes:421,
[task] id:16,start:0,end:0,service time:0,nodes:989,
[task] id:1,start:0,end:0,service time:0,nodes:420,
[task] id:10,start:0,end:0,service time:0,nodes:822,
[task] id:20,start:0,end:0,service time:0,nodes:248,
[task] id:27,start:0,end:0,service time:0,nodes:231,
[task] id:0,start:0,end:0,service time:0,nodes:270,
[task] id:12,start:0,end:0,service time:0,nodes:921,
[task] id:25,start:0,end:0,service time:0,nodes:926,
[task] id:28,start:0,end:0,service time:0,nodes:770,
[task] id:22,start:0,end:0,service time:0,nodes:341,
[task] id:2,start:0,end:0,service time:0,nodes:1023,
[task] id:7,start:0,end:0,service time:0,nodes:539,
[task] id:29,start:0,end:0,service time:0,nodes:738,
[agent] id:0
path:941,909,877,845,846,846,845,845,846,814,782,750,718,686,654,622,590,558,526,494,493,461,429,397,396,364,332,300,268,269,270,270,270,270,270,270,270,270,270,270,270,270,270,270,270,270,270,270,270,270,270,
goal:270,270,270,270,270,270,270,270,270,270,270,270,270,270,270,270,270,270,270,270,270,270,270,270,270,270,270,270,270,270,270,270,270,270,270,270,270,270,270,270,270,270,270,270,270,270,270,270,270,270,270,
size:30
[agent] id:1
path:881,880,879,878,877,845,844,812,811,779,747,715,683,651,619,618,617,616,584,552,520,519,487,486,454,453,452,420,420,420,420,420,420,420,420,420,420,420,420,420,420,420,420,420,420,420,420,420,420,420,420,
goal:420,420,420,420,420,420,420,420,420,420,420,420,420,420,420,420,420,420,420,420,420,420,420,420,420,420,420,420,420,420,420,420,420,420,420,420,420,420,420,420,420,420,420,420,420,420,420,420,420,420,420,
size:27
[agent] id:2
path:236,268,300,332,364,396,428,460,461,493,525,557,589,621,653,685,686,687,688,720,721,722,723,724,725,757,758,759,791,823,824,825,857,858,859,860,892,924,956,957,958,990,991,1023,1023,1023,1023,1023,1023,1023,1023,
goal:1023,1023,1023,1023,1023,1023,1023,1023,1023,1023,1023,1023,1023,1023,1023,1023,1023,1023,1023,1023,1023,1023,1023,1023,1023,1023,1023,1023,1023,1023,1023,1023,1023,1023,1023,1023,1023,1023,1023,1023,1023,1023,1023,1023,1023,1023,1023,1023,1023,1023,1023,
size:43
[agent] id:3
path:816,848,849,850,851,852,853,853,853,853,853,853,853,853,853,853,853,853,853,853,853,853,853,853,853,853,853,853,853,853,853,853,853,853,853,853,853,853,853,853,853,853,853,853,853,853,853,853,853,853,853,
goal:853,853,853,853,853,853,853,853,853,853,853,853,853,853,853,853,853,853,853,853,853,853,853,853,853,853,853,853,853,853,853,853,853,853,853,853,853,853,853,853,853,853,853,853,853,853,853,853,853,853,853,
size:6
[agent] id:4
path:313,345,377,409,441,473,472,504,536,535,535,535,535,535,535,535,535,535,535,535,535,535,535,535,535,535,535,535,535,535,535,535,535,535,535,535,535,535,535,535,535,535,535,535,535,535,535,535,535,535,535,
goal:535,535,535,535,535,535,535,535,535,535,535,535,535,535,535,535,535,535,535,535,535,535,535,535,535,535,535,535,535,535,535,535,535,535,535,535,535,535,535,535,535,535,535,535,535,535,535,535,535,535,535,
size:9
[agent] id:5
path:400,368,336,304,303,271,239,207,206,205,204,203,202,201,200,199,167,166,165,197,197,197,197,197,197,197,197,197,197,197,197,197,197,197,197,197,197,197,197,197,197,197,197,197,197,197,197,197,197,197,197,
goal:197,197,197,197,197,197,197,197,197,197,197,197,197,197,197,197,197,197,197,197,197,197,197,197,197,197,197,197,197,197,197,197,197,197,197,197,197,197,197,197,197,197,197,197,197,197,197,197,197,197,197,
size:19
[agent] id:6
path:473,472,504,536,535,567,599,631,663,695,727,759,791,823,855,887,887,887,887,887,887,887,887,887,887,887,887,887,887,887,887,887,887,887,887,887,887,887,887,887,887,887,887,887,887,887,887,887,887,887,887,
goal:887,887,887,887,887,887,887,887,887,887,887,887,887,887,887,887,887,887,887,887,887,887,887,887,887,887,887,887,887,887,887,887,887,887,887,887,887,887,887,887,887,887,887,887,887,887,887,887,887,887,887,
size:15
[agent] id:7
path:1,33,65,66,67,68,69,70,71,103,104,105,137,138,139,171,203,235,236,268,300,301,302,303,304,305,306,307,308,309,341,373,405,406,407,408,409,441,473,472,504,536,537,538,539,539,539,539,539,539,539,
goal:539,539,539,539,539,539,539,539,539,539,539,539,539,539,539,539,539,539,539,539,539,539,539,539,539,539,539,539,539,539,539,539,539,539,539,539,539,539,539,539,539,539,539,539,539,539,539,539,539,539,539,
size:44
[agent] id:8
path:271,239,207,206,205,204,203,202,201,169,137,136,136,136,136,136,136,136,136,136,136,136,136,136,136,136,136,136,136,136,136,136,136,136,136,136,136,136,136,136,136,136,136,136,136,136,136,136,136,136,136,
goal:136,136,136,136,136,136,136,136,136,136,136,136,136,136,136,136,136,136,136,136,136,136,136,136,136,136,136,136,136,136,136,136,136,136,136,136,136,136,136,136,136,136,136,136,136,136,136,136,136,136,136,
size:11
[agent] id:9
path:114,146,178,210,242,274,306,305,304,303,302,301,300,332,364,396,395,394,393,392,424,423,422,421,421,421,421,421,421,421,421,421,421,421,421,421,421,421,421,421,421,421,421,421,421,421,421,421,421,421,421,
goal:421,421,421,421,421,421,421,421,421,421,421,421,421,421,421,421,421,421,421,421,421,421,421,421,421,421,421,421,421,421,421,421,421,421,421,421,421,421,421,421,421,421,421,421,421,421,421,421,421,421,421,
size:23
[agent] id:10
path:706,738,770,802,803,804,805,806,807,808,809,810,811,812,844,845,846,847,848,849,850,851,852,884,885,886,854,822,822,822,822,822,822,822,822,822,822,822,822,822,822,822,822,822,822,822,822,822,822,822,822,
goal:822,822,822,822,822,822,822,822,822,822,822,822,822,822,822,822,822,822,822,822,822,822,822,822,822,822,822,822,822,822,822,822,822,822,822,822,822,822,822,822,822,822,822,822,822,822,822,822,822,822,822,
size:27
[agent] id:11
path:355,354,353,385,417,449,448,448,448,448,448,448,448,448,448,448,448,448,448,448,448,448,448,448,448,448,448,448,448,448,448,448,448,448,448,448,448,448,448,448,448,448,448,448,448,448,448,448,448,448,448,
goal:448,448,448,448,448,448,448,448,448,448,448,448,448,448,448,448,448,448,448,448,448,448,448,448,448,448,448,448,448,448,448,448,448,448,448,448,448,448,448,448,448,448,448,448,448,448,448,448,448,448,448,
size:6
[agent] id:12
path:150,182,214,213,245,277,309,341,373,405,437,469,501,533,565,597,629,661,693,725,757,758,759,791,823,855,855,854,886,918,919,920,921,921,921,921,921,921,921,921,921,921,921,921,921,921,921,921,921,921,921,
goal:921,921,921,921,921,921,921,921,921,921,921,921,921,921,921,921,921,921,921,921,921,921,921,921,921,921,921,921,921,921,921,921,921,921,921,921,921,921,921,921,921,921,921,921,921,921,921,921,921,921,921,
size:32
[agent] id:13
path:685,717,749,781,782,814,846,878,879,911,943,944,945,945,945,945,945,945,945,945,945,945,945,945,945,945,945,945,945,945,945,945,945,945,945,945,945,945,945,945,945,945,945,945,945,945,945,945,945,945,945,
goal:945,945,945,945,945,945,945,945,945,945,945,945,945,945,945,945,945,945,945,945,945,945,945,945,945,945,945,945,945,945,945,945,945,945,945,945,945,945,945,945,945,945,945,945,945,945,945,945,945,945,945,
size:12
[agent] id:14
path:688,656,657,658,626,594,562,530,498,466,434,402,401,369,337,305,273,241,209,177,178,178,178,178,178,178,178,178,178,178,178,178,178,178,178,178,178,178,178,178,178,178,178,178,178,178,178,178,178,178,178,
goal:178,178,178,178,178,178,178,178,178,178,178,178,178,178,178,178,178,178,178,178,178,178,178,178,178,178,178,178,178,178,178,178,178,178,178,178,178,178,178,178,178,178,178,178,178,178,178,178,178,178,178,
size:20
[agent] id:15
path:692,691,690,689,657,656,655,623,591,559,558,526,494,493,461,429,428,427,426,426,426,426,426,426,426,426,426,426,426,426,426,426,426,426,426,426,426,426,426,426,426,426,426,426,426,426,426,426,426,426,426,
goal:426,426,426,426,426,426,426,426,426,426,426,426,426,426,426,426,426,426,426,426,426,426,426,426,426,426,426,426,426,426,426,426,426,426,426,426,426,426,426,426,426,426,426,426,426,426,426,426,426,426,426,
size:18
[agent] id:16
path:474,473,472,504,536,535,567,599,631,663,695,727,759,791,823,824,825,857,858,859,860,892,924,956,988,989,989,989,989,989,989,989,989,989,989,989,989,989,989,989,989,989,989,989,989,989,989,989,989,989,989,
goal:989,989,989,989,989,989,989,989,989,989,989,989,989,989,989,989,989,989,989,989,989,989,989,989,989,989,989,989,989,989,989,989,989,989,989,989,989,989,989,989,989,989,989,989,989,989,989,989,989,989,989,
size:25
[agent] id:17
path:774,806,838,839,840,841,842,843,843,843,843,843,843,843,843,843,843,843,843,843,843,843,843,843,843,843,843,843,843,843,843,843,843,843,843,843,843,843,843,843,843,843,843,843,843,843,843,843,843,843,843,
goal:843,843,843,843,843,843,843,843,843,843,843,843,843,843,843,843,843,843,843,843,843,843,843,843,843,843,843,843,843,843,843,843,843,843,843,843,843,843,843,843,843,843,843,843,843,843,843,843,843,843,843,
size:7
[agent] id:18
path:744,712,680,648,647,646,645,644,644,644,644,644,644,644,644,644,644,644,644,644,644,644,644,644,644,644,644,644,644,644,644,644,644,644,644,644,644,644,644,644,644,644,644,644,644,644,644,644,644,644,644,
goal:644,644,644,644,644,644,644,644,644,644,644,644,644,644,644,644,644,644,644,644,644,644,644,644,644,644,644,644,644,644,644,644,644,644,644,644,644,644,644,644,644,644,644,644,644,644,644,644,644,644,644,
size:7
[agent] id:19
path:559,527,526,494,493,461,429,397,396,364,332,331,299,299,299,299,299,299,299,299,299,299,299,299,299,299,299,299,299,299,299,299,299,299,299,299,299,299,299,299,299,299,299,299,299,299,299,299,299,299,299,
goal:299,299,299,299,299,299,299,299,299,299,299,299,299,299,299,299,299,299,299,299,299,299,299,299,299,299,299,299,299,299,299,299,299,299,299,299,299,299,299,299,299,299,299,299,299,299,299,299,299,299,299,
size:12
[agent] id:20
path:814,782,750,718,686,654,622,590,558,526,527,528,529,497,465,433,401,369,337,305,306,307,308,309,310,311,279,247,248,248,248,248,248,248,248,248,248,248,248,248,248,248,248,248,248,248,248,248,248,248,248,
goal:248,248,248,248,248,248,248,248,248,248,248,248,248,248,248,248,248,248,248,248,248,248,248,248,248,248,248,248,248,248,248,248,248,248,248,248,248,248,248,248,248,248,248,248,248,248,248,248,248,248,248,
size:28
[agent] id:21
path:424,392,391,359,358,326,294,262,230,231,199,200,168,169,137,105,106,107,107,107,107,107,107,107,107,107,107,107,107,107,107,107,107,107,107,107,107,107,107,107,107,107,107,107,107,107,107,107,107,107,107,
goal:107,107,107,107,107,107,107,107,107,107,107,107,107,107,107,107,107,107,107,107,107,107,107,107,107,107,107,107,107,107,107,107,107,107,107,107,107,107,107,107,107,107,107,107,107,107,107,107,107,107,107,
size:17
[agent] id:22
path:1000,999,967,935,936,904,872,840,808,776,744,712,680,648,616,584,552,553,554,555,556,524,525,526,527,528,529,497,465,433,434,435,436,437,405,373,341,341,341,341,341,341,341,341,341,341,341,341,341,341,341,
goal:341,341,341,341,341,341,341,341,341,341,341,341,341,341,341,341,341,341,341,341,341,341,341,341,341,341,341,341,341,341,341,341,341,341,341,341,341,341,341,341,341,341,341,341,341,341,341,341,341,341,341,
size:36
[agent] id:23
path:10,42,74,106,138,139,171,203,235,236,268,300,332,364,396,428,460,461,493,525,557,589,589,589,589,589,589,589,589,589,589,589,589,589,589,589,589,589,589,589,589,589,589,589,589,589,589,589,589,589,589,
goal:589,589,589,589,589,589,589,589,589,589,589,589,589,589,589,589,589,589,589,589,589,589,589,589,589,589,589,589,589,589,589,589,589,589,589,589,589,589,589,589,589,589,589,589,589,589,589,589,589,589,589,
size:21
[agent] id:24
path:77,78,110,142,174,173,172,172,172,172,172,172,172,172,172,172,172,172,172,172,172,172,172,172,172,172,172,172,172,172,172,172,172,172,172,172,172,172,172,172,172,172,172,172,172,172,172,172,172,172,172,
goal:172,172,172,172,172,172,172,172,172,172,172,172,172,172,172,172,172,172,172,172,172,172,172,172,172,172,172,172,172,172,172,172,172,172,172,172,172,172,172,172,172,172,172,172,172,172,172,172,172,172,172,
size:6
[agent] id:25
path:274,306,307,308,309,341,373,405,437,469,501,533,565,597,629,661,693,725,757,758,759,791,823,824,825,857,858,859,860,892,924,925,926,926,926,926,926,926,926,926,926,926,926,926,926,926,926,926,926,926,926,
goal:926,926,926,926,926,926,926,926,926,926,926,926,926,926,926,926,926,926,926,926,926,926,926,926,926,926,926,926,926,926,926,926,926,926,926,926,926,926,926,926,926,926,926,926,926,926,926,926,926,926,926,
size:32
[agent] id:26
path:555,556,524,525,526,527,528,529,497,465,433,401,369,368,367,367,367,367,367,367,367,367,367,367,367,367,367,367,367,367,367,367,367,367,367,367,367,367,367,367,367,367,367,367,367,367,367,367,367,367,367,
goal:367,367,367,367,367,367,367,367,367,367,367,367,367,367,367,367,367,367,367,367,367,367,367,367,367,367,367,367,367,367,367,367,367,367,367,367,367,367,367,367,367,367,367,367,367,367,367,367,367,367,367,
size:14
[agent] id:27
path:348,347,379,378,377,345,313,312,311,310,309,308,307,306,305,304,303,271,270,269,268,236,235,234,233,201,200,199,231,231,231,231,231,231,231,231,231,231,231,231,231,231,231,231,231,231,231,231,231,231,231,
goal:231,231,231,231,231,231,231,231,231,231,231,231,231,231,231,231,231,231,231,231,231,231,231,231,231,231,231,231,231,231,231,231,231,231,231,231,231,231,231,231,231,231,231,231,231,231,231,231,231,231,231,
size:28
[agent] id:28
path:893,861,860,859,858,857,825,824,823,855,854,886,885,884,883,882,881,880,879,847,846,845,844,812,811,810,809,808,807,806,805,804,803,771,770,770,770,770,770,770,770,770,770,770,770,770,770,770,770,770,770,
goal:770,770,770,770,770,770,770,770,770,770,770,770,770,770,770,770,770,770,770,770,770,770,770,770,770,770,770,770,770,770,770,770,770,770,770,770,770,770,770,770,770,770,770,770,770,770,770,770,770,770,770,
size:34
[agent] id:29
path:95,127,159,191,223,255,287,286,318,317,349,381,380,379,378,410,409,408,407,439,438,470,469,501,533,565,597,629,661,693,692,691,690,689,688,687,686,718,717,716,715,714,713,712,711,710,709,708,707,739,738,
goal:738,738,738,738,738,738,738,738,738,738,738,738,738,738,738,738,738,738,738,738,738,738,738,738,738,738,738,738,738,738,738,738,738,738,738,738,738,738,738,738,738,738,738,738,738,738,738,738,738,738,738,
size:50
SolutionCost:659
