[setting] seed:29178
[solver] type:SASB-ECBS
[solver] w:2.000000
[solver] ID:0
[solver] Lowlevelnode:6004
[solver] Highlevelnode:29
[solver] ConflictCount:15
[solver] solved:1
[solver] elapsed:47
[solver] makespan:42
[problem] timesteplimit:15000
[problem] type:MAPF
[problem] agentnum:30
[graph] width:32
[graph] height:32
[graph] filename:./map/32by32_agents10_ex30.map
[task] id:20,start:0,end:0,service time:0,nodes:234,
[task] id:28,start:0,end:0,service time:0,nodes:659,
[task] id:16,start:0,end:0,service time:0,nodes:933,
[task] id:11,start:0,end:0,service time:0,nodes:290,
[task] id:18,start:0,end:0,service time:0,nodes:461,
[task] id:27,start:0,end:0,service time:0,nodes:558,
[task] id:0,start:0,end:0,service time:0,nodes:939,
[task] id:15,start:0,end:0,service time:0,nodes:745,
[task] id:5,start:0,end:0,service time:0,nodes:406,
[task] id:23,start:0,end:0,service time:0,nodes:65,
[task] id:22,start:0,end:0,service time:0,nodes:499,
[task] id:7,start:0,end:0,service time:0,nodes:494,
[task] id:25,start:0,end:0,service time:0,nodes:803,
[task] id:26,start:0,end:0,service time:0,nodes:393,
[task] id:1,start:0,end:0,service time:0,nodes:715,
[task] id:10,start:0,end:0,service time:0,nodes:617,
[task] id:8,start:0,end:0,service time:0,nodes:389,
[task] id:14,start:0,end:0,service time:0,nodes:426,
[task] id:21,start:0,end:0,service time:0,nodes:896,
[task] id:19,start:0,end:0,service time:0,nodes:623,
[task] id:3,start:0,end:0,service time:0,nodes:304,
[task] id:9,start:0,end:0,service time:0,nodes:356,
[task] id:12,start:0,end:0,service time:0,nodes:622,
[task] id:29,start:0,end:0,service time:0,nodes:119,
[task] id:13,start:0,end:0,service time:0,nodes:637,
[task] id:17,start:0,end:0,service time:0,nodes:143,
[task] id:6,start:0,end:0,service time:0,nodes:879,
[task] id:2,start:0,end:0,service time:0,nodes:24,
[task] id:24,start:0,end:0,service time:0,nodes:448,
[task] id:4,start:0,end:0,service time:0,nodes:26,
[agent] id:0
path:785,786,818,850,882,914,946,945,944,943,942,941,940,939,939,939,939,939,939,939,939,939,939,939,939,939,939,939,939,939,939,939,939,939,939,939,939,939,939,939,939,939,939,
goal:939,939,939,939,939,939,939,939,939,939,939,939,939,939,939,939,939,939,939,939,939,939,939,939,939,939,939,939,939,939,939,939,939,939,939,939,939,939,939,939,939,939,939,
size:13
[agent] id:1
path:573,605,637,636,635,634,633,632,664,663,662,661,693,692,691,690,689,688,687,686,718,717,716,715,715,715,715,715,715,715,715,715,715,715,715,715,715,715,715,715,715,715,715,
goal:715,715,715,715,715,715,715,715,715,715,715,715,715,715,715,715,715,715,715,715,715,715,715,715,715,715,715,715,715,715,715,715,715,715,715,715,715,715,715,715,715,715,715,
size:23
[agent] id:2
path:614,582,550,518,486,454,422,390,358,326,294,262,230,231,199,200,201,202,203,171,172,173,174,142,110,78,79,80,48,49,17,18,19,20,21,22,23,24,24,24,24,24,24,
goal:24,24,24,24,24,24,24,24,24,24,24,24,24,24,24,24,24,24,24,24,24,24,24,24,24,24,24,24,24,24,24,24,24,24,24,24,24,24,24,24,24,24,24,
size:37
[agent] id:3
path:967,935,936,904,872,840,808,776,744,712,680,648,616,584,552,520,521,489,457,458,426,394,395,396,364,332,300,301,302,303,304,304,304,304,304,304,304,304,304,304,304,304,304,
goal:304,304,304,304,304,304,304,304,304,304,304,304,304,304,304,304,304,304,304,304,304,304,304,304,304,304,304,304,304,304,304,304,304,304,304,304,304,304,304,304,304,304,304,
size:30
[agent] id:4
path:908,876,844,845,846,814,782,750,718,686,654,622,590,591,559,560,561,562,530,498,466,434,435,436,437,405,373,341,309,277,245,213,181,182,150,151,152,120,88,56,57,25,26,
goal:26,26,26,26,26,26,26,26,26,26,26,26,26,26,26,26,26,26,26,26,26,26,26,26,26,26,26,26,26,26,26,26,26,26,26,26,26,26,26,26,26,26,26,
size:42
[agent] id:5
path:857,825,793,792,760,728,696,664,663,631,599,567,535,534,533,501,469,437,405,406,406,406,406,406,406,406,406,406,406,406,406,406,406,406,406,406,406,406,406,406,406,406,406,
goal:406,406,406,406,406,406,406,406,406,406,406,406,406,406,406,406,406,406,406,406,406,406,406,406,406,406,406,406,406,406,406,406,406,406,406,406,406,406,406,406,406,406,406,
size:19
[agent] id:6
path:156,188,187,219,218,217,216,248,280,312,344,376,408,407,439,438,470,469,501,533,565,597,629,661,693,725,724,723,755,754,786,818,850,882,881,880,879,879,879,879,879,879,879,
goal:879,879,879,879,879,879,879,879,879,879,879,879,879,879,879,879,879,879,879,879,879,879,879,879,879,879,879,879,879,879,879,879,879,879,879,879,879,879,879,879,879,879,879,
size:36
[agent] id:7
path:385,417,418,419,420,421,453,454,486,518,550,551,552,553,554,555,556,524,525,525,526,526,494,494,494,494,494,494,494,494,494,494,494,494,494,494,494,494,494,494,494,494,494,
goal:494,494,494,494,494,494,494,494,494,494,494,494,494,494,494,494,494,494,494,494,494,494,494,494,494,494,494,494,494,494,494,494,494,494,494,494,494,494,494,494,494,494,494,
size:22
[agent] id:8
path:864,896,928,929,930,898,866,867,835,803,771,739,707,708,676,644,612,611,579,547,515,483,451,419,420,421,389,389,389,389,389,389,389,389,389,389,389,389,389,389,389,389,389,
goal:389,389,389,389,389,389,389,389,389,389,389,389,389,389,389,389,389,389,389,389,389,389,389,389,389,389,389,389,389,389,389,389,389,389,389,389,389,389,389,389,389,389,389,
size:26
[agent] id:9
path:852,851,819,818,786,754,722,690,658,657,656,655,623,622,590,589,557,556,555,554,522,490,458,457,456,424,392,391,359,358,357,356,356,356,356,356,356,356,356,356,356,356,356,
goal:356,356,356,356,356,356,356,356,356,356,356,356,356,356,356,356,356,356,356,356,356,356,356,356,356,356,356,356,356,356,356,356,356,356,356,356,356,356,356,356,356,356,356,
size:31
[agent] id:10
path:99,67,68,69,101,133,165,197,229,261,293,294,326,358,390,422,454,486,518,550,582,614,615,616,617,617,617,617,617,617,617,617,617,617,617,617,617,617,617,617,617,617,617,
goal:617,617,617,617,617,617,617,617,617,617,617,617,617,617,617,617,617,617,617,617,617,617,617,617,617,617,617,617,617,617,617,617,617,617,617,617,617,617,617,617,617,617,617,
size:24
[agent] id:11
path:297,296,264,263,262,261,260,259,258,290,290,290,290,290,290,290,290,290,290,290,290,290,290,290,290,290,290,290,290,290,290,290,290,290,290,290,290,290,290,290,290,290,290,
goal:290,290,290,290,290,290,290,290,290,290,290,290,290,290,290,290,290,290,290,290,290,290,290,290,290,290,290,290,290,290,290,290,290,290,290,290,290,290,290,290,290,290,290,
size:9
[agent] id:12
path:159,191,223,255,287,286,318,317,349,381,380,379,378,410,442,474,473,472,504,536,535,567,566,565,564,563,562,594,593,592,591,590,622,622,622,622,622,622,622,622,622,622,622,
goal:622,622,622,622,622,622,622,622,622,622,622,622,622,622,622,622,622,622,622,622,622,622,622,622,622,622,622,622,622,622,622,622,622,622,622,622,622,622,622,622,622,622,622,
size:32
[agent] id:13
path:77,78,110,142,174,206,207,239,271,303,304,336,368,400,432,464,465,497,529,561,593,594,626,627,628,629,630,631,632,633,634,635,636,637,637,637,637,637,637,637,637,637,637,
goal:637,637,637,637,637,637,637,637,637,637,637,637,637,637,637,637,637,637,637,637,637,637,637,637,637,637,637,637,637,637,637,637,637,637,637,637,637,637,637,637,637,637,637,
size:33
[agent] id:14
path:886,854,853,852,851,819,818,786,754,722,690,658,626,594,593,592,591,590,589,557,556,555,554,522,490,458,426,426,426,426,426,426,426,426,426,426,426,426,426,426,426,426,426,
goal:426,426,426,426,426,426,426,426,426,426,426,426,426,426,426,426,426,426,426,426,426,426,426,426,426,426,426,426,426,426,426,426,426,426,426,426,426,426,426,426,426,426,426,
size:26
[agent] id:15
path:482,514,515,547,579,611,643,644,676,708,709,741,742,743,744,745,745,745,745,745,745,745,745,745,745,745,745,745,745,745,745,745,745,745,745,745,745,745,745,745,745,745,745,
goal:745,745,745,745,745,745,745,745,745,745,745,745,745,745,745,745,745,745,745,745,745,745,745,745,745,745,745,745,745,745,745,745,745,745,745,745,745,745,745,745,745,745,745,
size:15
[agent] id:16
path:993,961,962,963,964,965,933,933,933,933,933,933,933,933,933,933,933,933,933,933,933,933,933,933,933,933,933,933,933,933,933,933,933,933,933,933,933,933,933,933,933,933,933,
goal:933,933,933,933,933,933,933,933,933,933,933,933,933,933,933,933,933,933,933,933,933,933,933,933,933,933,933,933,933,933,933,933,933,933,933,933,933,933,933,933,933,933,933,
size:6
[agent] id:17
path:952,920,888,887,855,823,791,759,727,695,663,631,599,567,535,534,533,501,500,468,436,435,403,402,401,369,337,305,273,241,209,177,145,144,143,143,143,143,143,143,143,143,143,
goal:143,143,143,143,143,143,143,143,143,143,143,143,143,143,143,143,143,143,143,143,143,143,143,143,143,143,143,143,143,143,143,143,143,143,143,143,143,143,143,143,143,143,143,
size:34
[agent] id:18
path:454,422,423,424,456,457,458,459,460,461,461,461,461,461,461,461,461,461,461,461,461,461,461,461,461,461,461,461,461,461,461,461,461,461,461,461,461,461,461,461,461,461,461,
goal:461,461,461,461,461,461,461,461,461,461,461,461,461,461,461,461,461,461,461,461,461,461,461,461,461,461,461,461,461,461,461,461,461,461,461,461,461,461,461,461,461,461,461,
size:9
[agent] id:19
path:228,260,259,258,290,322,354,355,356,357,389,421,453,485,517,549,550,582,583,615,616,617,618,619,620,621,622,623,623,623,623,623,623,623,623,623,623,623,623,623,623,623,623,
goal:623,623,623,623,623,623,623,623,623,623,623,623,623,623,623,623,623,623,623,623,623,623,623,623,623,623,623,623,623,623,623,623,623,623,623,623,623,623,623,623,623,623,623,
size:27
[agent] id:20
path:202,234,234,234,234,234,234,234,234,234,234,234,234,234,234,234,234,234,234,234,234,234,234,234,234,234,234,234,234,234,234,234,234,234,234,234,234,234,234,234,234,234,234,
goal:234,234,234,234,234,234,234,234,234,234,234,234,234,234,234,234,234,234,234,234,234,234,234,234,234,234,234,234,234,234,234,234,234,234,234,234,234,234,234,234,234,234,234,
size:1
[agent] id:21
path:854,853,852,851,850,849,848,847,846,845,844,843,842,841,840,872,871,870,902,901,900,899,898,930,929,928,896,896,896,896,896,896,896,896,896,896,896,896,896,896,896,896,896,
goal:896,896,896,896,896,896,896,896,896,896,896,896,896,896,896,896,896,896,896,896,896,896,896,896,896,896,896,896,896,896,896,896,896,896,896,896,896,896,896,896,896,896,896,
size:26
[agent] id:22
path:874,842,810,778,779,747,715,683,651,619,620,621,589,590,591,559,560,561,562,530,498,499,499,499,499,499,499,499,499,499,499,499,499,499,499,499,499,499,499,499,499,499,499,
goal:499,499,499,499,499,499,499,499,499,499,499,499,499,499,499,499,499,499,499,499,499,499,499,499,499,499,499,499,499,499,499,499,499,499,499,499,499,499,499,499,499,499,499,
size:21
[agent] id:23
path:457,456,424,392,391,359,358,326,294,262,230,229,197,165,133,101,69,68,67,66,65,65,65,65,65,65,65,65,65,65,65,65,65,65,65,65,65,65,65,65,65,65,65,
goal:65,65,65,65,65,65,65,65,65,65,65,65,65,65,65,65,65,65,65,65,65,65,65,65,65,65,65,65,65,65,65,65,65,65,65,65,65,65,65,65,65,65,65,
size:20
[agent] id:24
path:316,348,380,379,378,377,376,375,374,373,405,437,469,501,500,499,498,498,497,529,528,527,526,525,557,556,555,554,522,521,520,519,487,486,454,453,452,451,450,449,448,448,448,
goal:448,448,448,448,448,448,448,448,448,448,448,448,448,448,448,448,448,448,448,448,448,448,448,448,448,448,448,448,448,448,448,448,448,448,448,448,448,448,448,448,448,448,448,
size:40
[agent] id:25
path:980,979,978,946,914,913,881,849,848,847,846,845,844,812,811,810,809,808,807,806,805,804,803,803,803,803,803,803,803,803,803,803,803,803,803,803,803,803,803,803,803,803,803,
goal:803,803,803,803,803,803,803,803,803,803,803,803,803,803,803,803,803,803,803,803,803,803,803,803,803,803,803,803,803,803,803,803,803,803,803,803,803,803,803,803,803,803,803,
size:22
[agent] id:26
path:802,770,738,706,707,708,676,677,645,613,614,582,550,518,486,454,453,421,389,390,391,392,393,393,393,393,393,393,393,393,393,393,393,393,393,393,393,393,393,393,393,393,393,
goal:393,393,393,393,393,393,393,393,393,393,393,393,393,393,393,393,393,393,393,393,393,393,393,393,393,393,393,393,393,393,393,393,393,393,393,393,393,393,393,393,393,393,393,
size:22
[agent] id:27
path:747,715,683,651,619,620,621,589,557,558,558,558,558,558,558,558,558,558,558,558,558,558,558,558,558,558,558,558,558,558,558,558,558,558,558,558,558,558,558,558,558,558,558,
goal:558,558,558,558,558,558,558,558,558,558,558,558,558,558,558,558,558,558,558,558,558,558,558,558,558,558,558,558,558,558,558,558,558,558,558,558,558,558,558,558,558,558,558,
size:9
[agent] id:28
path:592,593,594,626,658,659,659,659,659,659,659,659,659,659,659,659,659,659,659,659,659,659,659,659,659,659,659,659,659,659,659,659,659,659,659,659,659,659,659,659,659,659,659,
goal:659,659,659,659,659,659,659,659,659,659,659,659,659,659,659,659,659,659,659,659,659,659,659,659,659,659,659,659,659,659,659,659,659,659,659,659,659,659,659,659,659,659,659,
size:5
[agent] id:29
path:849,850,851,819,818,786,754,722,690,658,626,594,562,530,498,466,434,435,436,436,437,405,373,341,309,277,245,213,181,182,150,151,119,119,119,119,119,119,119,119,119,119,119,
goal:119,119,119,119,119,119,119,119,119,119,119,119,119,119,119,119,119,119,119,119,119,119,119,119,119,119,119,119,119,119,119,119,119,119,119,119,119,119,119,119,119,119,119,
size:32
SolutionCost:692
