[setting] seed:1324
[solver] type:SASB-ECBS
[solver] w:2.000000
[solver] ID:0
[solver] Lowlevelnode:12895
[solver] Highlevelnode:25
[solver] ConflictCount:13
[solver] solved:1
[solver] elapsed:80
[solver] makespan:53
[problem] timesteplimit:15000
[problem] type:MAPF
[problem] agentnum:30
[graph] width:32
[graph] height:32
[graph] filename:./map/32by32_agents10_ex30.map
[task] id:8,start:0,end:0,service time:0,nodes:835,
[task] id:9,start:0,end:0,service time:0,nodes:723,
[task] id:16,start:0,end:0,service time:0,nodes:421,
[task] id:22,start:0,end:0,service time:0,nodes:436,
[task] id:24,start:0,end:0,service time:0,nodes:357,
[task] id:3,start:0,end:0,service time:0,nodes:400,
[task] id:15,start:0,end:0,service time:0,nodes:591,
[task] id:17,start:0,end:0,service time:0,nodes:367,
[task] id:21,start:0,end:0,service time:0,nodes:159,
[task] id:10,start:0,end:0,service time:0,nodes:277,
[task] id:7,start:0,end:0,service time:0,nodes:881,
[task] id:29,start:0,end:0,service time:0,nodes:812,
[task] id:23,start:0,end:0,service time:0,nodes:545,
[task] id:6,start:0,end:0,service time:0,nodes:261,
[task] id:28,start:0,end:0,service time:0,nodes:304,
[task] id:4,start:0,end:0,service time:0,nodes:476,
[task] id:18,start:0,end:0,service time:0,nodes:262,
[task] id:20,start:0,end:0,service time:0,nodes:553,
[task] id:19,start:0,end:0,service time:0,nodes:692,
[task] id:13,start:0,end:0,service time:0,nodes:539,
[task] id:25,start:0,end:0,service time:0,nodes:88,
[task] id:27,start:0,end:0,service time:0,nodes:28,
[task] id:1,start:0,end:0,service time:0,nodes:290,
[task] id:26,start:0,end:0,service time:0,nodes:988,
[task] id:0,start:0,end:0,service time:0,nodes:946,
[task] id:2,start:0,end:0,service time:0,nodes:766,
[task] id:11,start:0,end:0,service time:0,nodes:169,
[task] id:5,start:0,end:0,service time:0,nodes:255,
[task] id:14,start:0,end:0,service time:0,nodes:953,
[task] id:12,start:0,end:0,service time:0,nodes:864,
[agent] id:0
path:133,165,197,229,261,293,294,326,358,390,422,454,486,518,550,582,614,646,678,710,742,774,806,838,870,902,934,935,936,937,938,939,940,941,942,943,944,945,946,946,946,946,946,946,946,946,946,946,946,946,946,946,946,946,
goal:946,946,946,946,946,946,946,946,946,946,946,946,946,946,946,946,946,946,946,946,946,946,946,946,946,946,946,946,946,946,946,946,946,946,946,946,946,946,946,946,946,946,946,946,946,946,946,946,946,946,946,946,946,946,
size:38
[agent] id:1
path:159,191,190,189,188,187,219,218,217,216,215,214,213,212,211,243,242,241,240,239,207,206,205,204,203,202,201,200,199,231,230,229,228,260,259,258,290,290,290,290,290,290,290,290,290,290,290,290,290,290,290,290,290,290,
goal:290,290,290,290,290,290,290,290,290,290,290,290,290,290,290,290,290,290,290,290,290,290,290,290,290,290,290,290,290,290,290,290,290,290,290,290,290,290,290,290,290,290,290,290,290,290,290,290,290,290,290,290,290,290,
size:36
[agent] id:2
path:200,201,233,234,235,236,268,300,332,364,396,428,460,461,493,525,557,589,621,653,654,655,656,657,658,659,660,661,662,663,695,696,697,698,699,700,701,733,765,766,766,766,766,766,766,766,766,766,766,766,766,766,766,766,
goal:766,766,766,766,766,766,766,766,766,766,766,766,766,766,766,766,766,766,766,766,766,766,766,766,766,766,766,766,766,766,766,766,766,766,766,766,766,766,766,766,766,766,766,766,766,766,766,766,766,766,766,766,766,766,
size:39
[agent] id:3
path:410,409,408,407,406,405,437,436,435,403,402,401,400,400,400,400,400,400,400,400,400,400,400,400,400,400,400,400,400,400,400,400,400,400,400,400,400,400,400,400,400,400,400,400,400,400,400,400,400,400,400,400,400,400,
goal:400,400,400,400,400,400,400,400,400,400,400,400,400,400,400,400,400,400,400,400,400,400,400,400,400,400,400,400,400,400,400,400,400,400,400,400,400,400,400,400,400,400,400,400,400,400,400,400,400,400,400,400,400,400,
size:12
[agent] id:4
path:486,487,519,520,521,522,554,555,556,557,558,559,560,561,562,563,564,565,533,534,535,536,537,538,539,507,508,476,476,476,476,476,476,476,476,476,476,476,476,476,476,476,476,476,476,476,476,476,476,476,476,476,476,476,
goal:476,476,476,476,476,476,476,476,476,476,476,476,476,476,476,476,476,476,476,476,476,476,476,476,476,476,476,476,476,476,476,476,476,476,476,476,476,476,476,476,476,476,476,476,476,476,476,476,476,476,476,476,476,476,
size:27
[agent] id:5
path:966,934,902,870,838,806,774,742,710,678,646,614,582,550,551,552,553,554,555,556,524,525,526,527,528,529,497,465,466,467,468,469,437,405,373,374,375,376,377,378,379,347,315,316,317,285,286,287,255,255,255,255,255,255,
goal:255,255,255,255,255,255,255,255,255,255,255,255,255,255,255,255,255,255,255,255,255,255,255,255,255,255,255,255,255,255,255,255,255,255,255,255,255,255,255,255,255,255,255,255,255,255,255,255,255,255,255,255,255,255,
size:48
[agent] id:6
path:563,531,530,529,528,527,526,494,494,494,493,461,429,397,396,395,394,393,392,391,359,358,326,294,262,261,261,261,261,261,261,261,261,261,261,261,261,261,261,261,261,261,261,261,261,261,261,261,261,261,261,261,261,261,
goal:261,261,261,261,261,261,261,261,261,261,261,261,261,261,261,261,261,261,261,261,261,261,261,261,261,261,261,261,261,261,261,261,261,261,261,261,261,261,261,261,261,261,261,261,261,261,261,261,261,261,261,261,261,261,
size:25
[agent] id:7
path:456,457,489,521,553,554,555,556,557,589,621,653,685,717,749,781,782,814,846,878,879,880,881,881,881,881,881,881,881,881,881,881,881,881,881,881,881,881,881,881,881,881,881,881,881,881,881,881,881,881,881,881,881,881,
goal:881,881,881,881,881,881,881,881,881,881,881,881,881,881,881,881,881,881,881,881,881,881,881,881,881,881,881,881,881,881,881,881,881,881,881,881,881,881,881,881,881,881,881,881,881,881,881,881,881,881,881,881,881,881,
size:22
[agent] id:8
path:833,801,802,803,835,835,835,835,835,835,835,835,835,835,835,835,835,835,835,835,835,835,835,835,835,835,835,835,835,835,835,835,835,835,835,835,835,835,835,835,835,835,835,835,835,835,835,835,835,835,835,835,835,835,
goal:835,835,835,835,835,835,835,835,835,835,835,835,835,835,835,835,835,835,835,835,835,835,835,835,835,835,835,835,835,835,835,835,835,835,835,835,835,835,835,835,835,835,835,835,835,835,835,835,835,835,835,835,835,835,
size:4
[agent] id:9
path:913,881,849,850,818,786,754,722,723,723,723,723,723,723,723,723,723,723,723,723,723,723,723,723,723,723,723,723,723,723,723,723,723,723,723,723,723,723,723,723,723,723,723,723,723,723,723,723,723,723,723,723,723,723,
goal:723,723,723,723,723,723,723,723,723,723,723,723,723,723,723,723,723,723,723,723,723,723,723,723,723,723,723,723,723,723,723,723,723,723,723,723,723,723,723,723,723,723,723,723,723,723,723,723,723,723,723,723,723,723,
size:8
[agent] id:10
path:74,106,138,139,171,203,204,205,206,207,239,240,241,273,274,306,307,308,276,277,277,277,277,277,277,277,277,277,277,277,277,277,277,277,277,277,277,277,277,277,277,277,277,277,277,277,277,277,277,277,277,277,277,277,
goal:277,277,277,277,277,277,277,277,277,277,277,277,277,277,277,277,277,277,277,277,277,277,277,277,277,277,277,277,277,277,277,277,277,277,277,277,277,277,277,277,277,277,277,277,277,277,277,277,277,277,277,277,277,277,
size:19
[agent] id:11
path:985,953,921,921,920,888,887,855,823,791,759,727,695,663,631,599,567,566,565,564,563,531,530,498,466,434,402,401,369,337,305,273,241,240,239,207,206,205,204,203,202,201,169,169,169,169,169,169,169,169,169,169,169,169,
goal:169,169,169,169,169,169,169,169,169,169,169,169,169,169,169,169,169,169,169,169,169,169,169,169,169,169,169,169,169,169,169,169,169,169,169,169,169,169,169,169,169,169,169,169,169,169,169,169,169,169,169,169,169,169,
size:42
[agent] id:12
path:120,152,184,184,216,248,280,312,344,376,408,407,439,438,470,469,468,500,499,531,530,562,561,560,559,558,590,622,654,686,718,750,782,814,846,845,844,843,842,841,840,872,871,870,902,901,900,899,931,930,929,928,896,864,
goal:864,864,864,864,864,864,864,864,864,864,864,864,864,864,864,864,864,864,864,864,864,864,864,864,864,864,864,864,864,864,864,864,864,864,864,864,864,864,864,864,864,864,864,864,864,864,864,864,864,864,864,864,864,864,
size:53
[agent] id:13
path:872,840,808,776,744,712,680,648,616,584,552,553,554,555,556,557,558,559,560,561,562,563,564,565,533,534,535,536,537,538,539,539,539,539,539,539,539,539,539,539,539,539,539,539,539,539,539,539,539,539,539,539,539,539,
goal:539,539,539,539,539,539,539,539,539,539,539,539,539,539,539,539,539,539,539,539,539,539,539,539,539,539,539,539,539,539,539,539,539,539,539,539,539,539,539,539,539,539,539,539,539,539,539,539,539,539,539,539,539,539,
size:30
[agent] id:14
path:37,69,101,133,165,197,229,261,293,294,326,358,390,422,423,424,456,457,458,459,460,461,493,525,526,527,559,560,592,593,594,626,658,690,722,754,786,818,850,882,883,884,885,886,918,919,920,952,953,953,953,953,953,953,
goal:953,953,953,953,953,953,953,953,953,953,953,953,953,953,953,953,953,953,953,953,953,953,953,953,953,953,953,953,953,953,953,953,953,953,953,953,953,953,953,953,953,953,953,953,953,953,953,953,953,953,953,953,953,953,
size:48
[agent] id:15
path:301,300,332,364,396,428,460,461,493,525,557,589,590,591,591,591,591,591,591,591,591,591,591,591,591,591,591,591,591,591,591,591,591,591,591,591,591,591,591,591,591,591,591,591,591,591,591,591,591,591,591,591,591,591,
goal:591,591,591,591,591,591,591,591,591,591,591,591,591,591,591,591,591,591,591,591,591,591,591,591,591,591,591,591,591,591,591,591,591,591,591,591,591,591,591,591,591,591,591,591,591,591,591,591,591,591,591,591,591,591,
size:13
[agent] id:16
path:296,264,263,262,294,326,358,390,422,421,421,421,421,421,421,421,421,421,421,421,421,421,421,421,421,421,421,421,421,421,421,421,421,421,421,421,421,421,421,421,421,421,421,421,421,421,421,421,421,421,421,421,421,421,
goal:421,421,421,421,421,421,421,421,421,421,421,421,421,421,421,421,421,421,421,421,421,421,421,421,421,421,421,421,421,421,421,421,421,421,421,421,421,421,421,421,421,421,421,421,421,421,421,421,421,421,421,421,421,421,
size:9
[agent] id:17
path:186,218,217,216,248,280,312,311,310,309,308,307,306,305,337,369,368,367,367,367,367,367,367,367,367,367,367,367,367,367,367,367,367,367,367,367,367,367,367,367,367,367,367,367,367,367,367,367,367,367,367,367,367,367,
goal:367,367,367,367,367,367,367,367,367,367,367,367,367,367,367,367,367,367,367,367,367,367,367,367,367,367,367,367,367,367,367,367,367,367,367,367,367,367,367,367,367,367,367,367,367,367,367,367,367,367,367,367,367,367,
size:17
[agent] id:18
path:930,898,899,900,901,869,837,805,773,741,709,677,645,613,614,615,583,551,519,487,486,454,422,390,358,326,294,262,262,262,262,262,262,262,262,262,262,262,262,262,262,262,262,262,262,262,262,262,262,262,262,262,262,262,
goal:262,262,262,262,262,262,262,262,262,262,262,262,262,262,262,262,262,262,262,262,262,262,262,262,262,262,262,262,262,262,262,262,262,262,262,262,262,262,262,262,262,262,262,262,262,262,262,262,262,262,262,262,262,262,
size:27
[agent] id:19
path:52,53,54,86,87,119,151,183,215,247,279,311,310,342,374,406,438,470,469,468,500,499,531,563,564,596,628,660,692,692,692,692,692,692,692,692,692,692,692,692,692,692,692,692,692,692,692,692,692,692,692,692,692,692,
goal:692,692,692,692,692,692,692,692,692,692,692,692,692,692,692,692,692,692,692,692,692,692,692,692,692,692,692,692,692,692,692,692,692,692,692,692,692,692,692,692,692,692,692,692,692,692,692,692,692,692,692,692,692,692,
size:28
[agent] id:20
path:19,51,83,115,114,146,178,210,242,274,306,305,337,369,401,433,465,497,529,528,560,559,558,557,556,555,554,553,553,553,553,553,553,553,553,553,553,553,553,553,553,553,553,553,553,553,553,553,553,553,553,553,553,553,
goal:553,553,553,553,553,553,553,553,553,553,553,553,553,553,553,553,553,553,553,553,553,553,553,553,553,553,553,553,553,553,553,553,553,553,553,553,553,553,553,553,553,553,553,553,553,553,553,553,553,553,553,553,553,553,
size:27
[agent] id:21
path:115,83,84,52,53,54,86,87,88,89,90,91,92,93,94,126,158,159,159,159,159,159,159,159,159,159,159,159,159,159,159,159,159,159,159,159,159,159,159,159,159,159,159,159,159,159,159,159,159,159,159,159,159,159,
goal:159,159,159,159,159,159,159,159,159,159,159,159,159,159,159,159,159,159,159,159,159,159,159,159,159,159,159,159,159,159,159,159,159,159,159,159,159,159,159,159,159,159,159,159,159,159,159,159,159,159,159,159,159,159,
size:17
[agent] id:22
path:443,442,441,409,408,407,439,438,437,436,436,436,436,436,436,436,436,436,436,436,436,436,436,436,436,436,436,436,436,436,436,436,436,436,436,436,436,436,436,436,436,436,436,436,436,436,436,436,436,436,436,436,436,436,
goal:436,436,436,436,436,436,436,436,436,436,436,436,436,436,436,436,436,436,436,436,436,436,436,436,436,436,436,436,436,436,436,436,436,436,436,436,436,436,436,436,436,436,436,436,436,436,436,436,436,436,436,436,436,436,
size:9
[agent] id:23
path:4,36,68,69,101,133,165,197,229,261,260,259,258,290,322,354,353,385,417,449,448,480,512,544,545,545,545,545,545,545,545,545,545,545,545,545,545,545,545,545,545,545,545,545,545,545,545,545,545,545,545,545,545,545,
goal:545,545,545,545,545,545,545,545,545,545,545,545,545,545,545,545,545,545,545,545,545,545,545,545,545,545,545,545,545,545,545,545,545,545,545,545,545,545,545,545,545,545,545,545,545,545,545,545,545,545,545,545,545,545,
size:24
[agent] id:24
path:132,133,165,197,229,261,293,294,326,358,357,357,357,357,357,357,357,357,357,357,357,357,357,357,357,357,357,357,357,357,357,357,357,357,357,357,357,357,357,357,357,357,357,357,357,357,357,357,357,357,357,357,357,357,
goal:357,357,357,357,357,357,357,357,357,357,357,357,357,357,357,357,357,357,357,357,357,357,357,357,357,357,357,357,357,357,357,357,357,357,357,357,357,357,357,357,357,357,357,357,357,357,357,357,357,357,357,357,357,357,
size:10
[agent] id:25
path:1016,984,952,920,888,887,855,823,791,759,727,695,663,631,599,567,535,503,504,472,473,441,409,377,345,313,281,280,248,216,184,152,120,88,88,88,88,88,88,88,88,88,88,88,88,88,88,88,88,88,88,88,88,88,
goal:88,88,88,88,88,88,88,88,88,88,88,88,88,88,88,88,88,88,88,88,88,88,88,88,88,88,88,88,88,88,88,88,88,88,88,88,88,88,88,88,88,88,88,88,88,88,88,88,88,88,88,88,88,88,
size:33
[agent] id:26
path:87,119,151,183,215,247,279,280,312,344,376,408,409,441,473,472,504,536,535,567,599,631,663,695,727,759,791,823,855,887,919,920,952,984,985,986,987,988,988,988,988,988,988,988,988,988,988,988,988,988,988,988,988,988,
goal:988,988,988,988,988,988,988,988,988,988,988,988,988,988,988,988,988,988,988,988,988,988,988,988,988,988,988,988,988,988,988,988,988,988,988,988,988,988,988,988,988,988,988,988,988,988,988,988,988,988,988,988,988,988,
size:37
[agent] id:27
path:653,621,589,557,558,559,527,528,529,497,465,466,467,468,469,437,405,373,341,309,310,311,279,247,215,183,151,119,87,55,23,24,25,26,27,28,28,28,28,28,28,28,28,28,28,28,28,28,28,28,28,28,28,28,
goal:28,28,28,28,28,28,28,28,28,28,28,28,28,28,28,28,28,28,28,28,28,28,28,28,28,28,28,28,28,28,28,28,28,28,28,28,28,28,28,28,28,28,28,28,28,28,28,28,28,28,28,28,28,28,
size:35
[agent] id:28
path:857,825,793,792,760,728,696,664,632,600,599,567,535,534,533,501,469,437,405,373,341,309,308,307,306,305,304,304,304,304,304,304,304,304,304,304,304,304,304,304,304,304,304,304,304,304,304,304,304,304,304,304,304,304,
goal:304,304,304,304,304,304,304,304,304,304,304,304,304,304,304,304,304,304,304,304,304,304,304,304,304,304,304,304,304,304,304,304,304,304,304,304,304,304,304,304,304,304,304,304,304,304,304,304,304,304,304,304,304,304,
size:26
[agent] id:29
path:393,394,426,458,490,490,522,554,555,556,556,557,589,621,653,685,717,716,715,747,779,811,812,812,812,812,812,812,812,812,812,812,812,812,812,812,812,812,812,812,812,812,812,812,812,812,812,812,812,812,812,812,812,812,
goal:812,812,812,812,812,812,812,812,812,812,812,812,812,812,812,812,812,812,812,812,812,812,812,812,812,812,812,812,812,812,812,812,812,812,812,812,812,812,812,812,812,812,812,812,812,812,812,812,812,812,812,812,812,812,
size:22
SolutionCost:785
