[setting] seed:5110
[solver] type:SASB-ECBS
[solver] w:2.000000
[solver] ID:0
[solver] Lowlevelnode:2987
[solver] Highlevelnode:17
[solver] ConflictCount:9
[solver] solved:1
[solver] elapsed:32
[solver] makespan:52
[problem] timesteplimit:15000
[problem] type:MAPF
[problem] agentnum:30
[graph] width:32
[graph] height:32
[graph] filename:./map/32by32_agents10_ex30.map
[task] id:11,start:0,end:0,service time:0,nodes:427,
[task] id:27,start:0,end:0,service time:0,nodes:600,
[task] id:28,start:0,end:0,service time:0,nodes:389,
[task] id:25,start:0,end:0,service time:0,nodes:633,
[task] id:5,start:0,end:0,service time:0,nodes:271,
[task] id:1,start:0,end:0,service time:0,nodes:21,
[task] id:19,start:0,end:0,service time:0,nodes:614,
[task] id:6,start:0,end:0,service time:0,nodes:150,
[task] id:12,start:0,end:0,service time:0,nodes:330,
[task] id:29,start:0,end:0,service time:0,nodes:473,
[task] id:21,start:0,end:0,service time:0,nodes:943,
[task] id:10,start:0,end:0,service time:0,nodes:503,
[task] id:3,start:0,end:0,service time:0,nodes:469,
[task] id:9,start:0,end:0,service time:0,nodes:1005,
[task] id:26,start:0,end:0,service time:0,nodes:130,
[task] id:14,start:0,end:0,service time:0,nodes:51,
[task] id:18,start:0,end:0,service time:0,nodes:648,
[task] id:22,start:0,end:0,service time:0,nodes:120,
[task] id:0,start:0,end:0,service time:0,nodes:119,
[task] id:13,start:0,end:0,service time:0,nodes:565,
[task] id:4,start:0,end:0,service time:0,nodes:896,
[task] id:24,start:0,end:0,service time:0,nodes:729,
[task] id:7,start:0,end:0,service time:0,nodes:40,
[task] id:20,start:0,end:0,service time:0,nodes:323,
[task] id:23,start:0,end:0,service time:0,nodes:884,
[task] id:17,start:0,end:0,service time:0,nodes:837,
[task] id:8,start:0,end:0,service time:0,nodes:77,
[task] id:2,start:0,end:0,service time:0,nodes:448,
[task] id:15,start:0,end:0,service time:0,nodes:92,
[task] id:16,start:0,end:0,service time:0,nodes:23,
[agent] id:0
path:639,607,606,605,604,603,571,539,538,537,536,504,472,473,474,442,410,378,377,345,313,281,280,248,216,184,183,151,119,119,119,119,119,119,119,119,119,119,119,119,119,119,119,119,119,119,119,119,119,119,119,119,119,
goal:119,119,119,119,119,119,119,119,119,119,119,119,119,119,119,119,119,119,119,119,119,119,119,119,119,119,119,119,119,119,119,119,119,119,119,119,119,119,119,119,119,119,119,119,119,119,119,119,119,119,119,119,119,
size:28
[agent] id:1
path:172,173,174,142,110,78,79,80,48,49,17,18,19,20,21,21,21,21,21,21,21,21,21,21,21,21,21,21,21,21,21,21,21,21,21,21,21,21,21,21,21,21,21,21,21,21,21,21,21,21,21,21,21,
goal:21,21,21,21,21,21,21,21,21,21,21,21,21,21,21,21,21,21,21,21,21,21,21,21,21,21,21,21,21,21,21,21,21,21,21,21,21,21,21,21,21,21,21,21,21,21,21,21,21,21,21,21,21,
size:14
[agent] id:2
path:26,58,57,56,55,54,53,52,84,83,115,114,146,145,144,143,142,174,206,205,204,203,202,201,200,199,167,166,165,197,229,261,260,259,258,290,322,354,353,385,417,449,448,448,448,448,448,448,448,448,448,448,448,
goal:448,448,448,448,448,448,448,448,448,448,448,448,448,448,448,448,448,448,448,448,448,448,448,448,448,448,448,448,448,448,448,448,448,448,448,448,448,448,448,448,448,448,448,448,448,448,448,448,448,448,448,448,448,
size:42
[agent] id:3
path:680,648,616,617,618,619,620,621,589,557,525,526,527,528,529,530,498,466,467,468,469,469,469,469,469,469,469,469,469,469,469,469,469,469,469,469,469,469,469,469,469,469,469,469,469,469,469,469,469,469,469,469,469,
goal:469,469,469,469,469,469,469,469,469,469,469,469,469,469,469,469,469,469,469,469,469,469,469,469,469,469,469,469,469,469,469,469,469,469,469,469,469,469,469,469,469,469,469,469,469,469,469,469,469,469,469,469,469,
size:20
[agent] id:4
path:626,658,690,722,754,786,818,850,849,848,847,846,845,844,843,842,841,840,872,871,870,902,901,900,899,898,930,929,928,896,896,896,896,896,896,896,896,896,896,896,896,896,896,896,896,896,896,896,896,896,896,896,896,
goal:896,896,896,896,896,896,896,896,896,896,896,896,896,896,896,896,896,896,896,896,896,896,896,896,896,896,896,896,896,896,896,896,896,896,896,896,896,896,896,896,896,896,896,896,896,896,896,896,896,896,896,896,896,
size:29
[agent] id:5
path:151,183,215,214,213,212,211,243,242,241,240,239,271,271,271,271,271,271,271,271,271,271,271,271,271,271,271,271,271,271,271,271,271,271,271,271,271,271,271,271,271,271,271,271,271,271,271,271,271,271,271,271,271,
goal:271,271,271,271,271,271,271,271,271,271,271,271,271,271,271,271,271,271,271,271,271,271,271,271,271,271,271,271,271,271,271,271,271,271,271,271,271,271,271,271,271,271,271,271,271,271,271,271,271,271,271,271,271,
size:12
[agent] id:6
path:536,504,472,473,441,409,377,345,313,281,280,248,216,184,152,151,150,150,150,150,150,150,150,150,150,150,150,150,150,150,150,150,150,150,150,150,150,150,150,150,150,150,150,150,150,150,150,150,150,150,150,150,150,
goal:150,150,150,150,150,150,150,150,150,150,150,150,150,150,150,150,150,150,150,150,150,150,150,150,150,150,150,150,150,150,150,150,150,150,150,150,150,150,150,150,150,150,150,150,150,150,150,150,150,150,150,150,150,
size:16
[agent] id:7
path:998,966,934,902,870,838,806,774,742,710,678,646,614,582,550,518,486,454,422,390,358,326,294,262,230,231,199,167,135,103,71,39,40,40,40,40,40,40,40,40,40,40,40,40,40,40,40,40,40,40,40,40,40,
goal:40,40,40,40,40,40,40,40,40,40,40,40,40,40,40,40,40,40,40,40,40,40,40,40,40,40,40,40,40,40,40,40,40,40,40,40,40,40,40,40,40,40,40,40,40,40,40,40,40,40,40,40,40,
size:32
[agent] id:8
path:922,921,920,888,887,855,823,791,759,727,695,663,662,630,598,566,565,564,563,531,499,467,435,403,402,401,369,337,305,273,241,209,177,145,113,81,80,79,78,77,77,77,77,77,77,77,77,77,77,77,77,77,77,
goal:77,77,77,77,77,77,77,77,77,77,77,77,77,77,77,77,77,77,77,77,77,77,77,77,77,77,77,77,77,77,77,77,77,77,77,77,77,77,77,77,77,77,77,77,77,77,77,77,77,77,77,77,77,
size:39
[agent] id:9
path:520,552,584,616,648,680,712,744,776,808,840,872,904,936,937,969,970,1002,1003,1004,1005,1005,1005,1005,1005,1005,1005,1005,1005,1005,1005,1005,1005,1005,1005,1005,1005,1005,1005,1005,1005,1005,1005,1005,1005,1005,1005,1005,1005,1005,1005,1005,1005,
goal:1005,1005,1005,1005,1005,1005,1005,1005,1005,1005,1005,1005,1005,1005,1005,1005,1005,1005,1005,1005,1005,1005,1005,1005,1005,1005,1005,1005,1005,1005,1005,1005,1005,1005,1005,1005,1005,1005,1005,1005,1005,1005,1005,1005,1005,1005,1005,1005,1005,1005,1005,1005,1005,
size:20
[agent] id:10
path:176,177,209,241,273,305,337,369,401,433,465,497,498,499,500,501,533,534,535,503,503,503,503,503,503,503,503,503,503,503,503,503,503,503,503,503,503,503,503,503,503,503,503,503,503,503,503,503,503,503,503,503,503,
goal:503,503,503,503,503,503,503,503,503,503,503,503,503,503,503,503,503,503,503,503,503,503,503,503,503,503,503,503,503,503,503,503,503,503,503,503,503,503,503,503,503,503,503,503,503,503,503,503,503,503,503,503,503,
size:19
[agent] id:11
path:236,268,300,332,364,396,428,427,427,427,427,427,427,427,427,427,427,427,427,427,427,427,427,427,427,427,427,427,427,427,427,427,427,427,427,427,427,427,427,427,427,427,427,427,427,427,427,427,427,427,427,427,427,
goal:427,427,427,427,427,427,427,427,427,427,427,427,427,427,427,427,427,427,427,427,427,427,427,427,427,427,427,427,427,427,427,427,427,427,427,427,427,427,427,427,427,427,427,427,427,427,427,427,427,427,427,427,427,
size:7
[agent] id:12
path:214,213,245,277,309,308,307,306,305,304,303,302,301,300,332,331,330,330,330,330,330,330,330,330,330,330,330,330,330,330,330,330,330,330,330,330,330,330,330,330,330,330,330,330,330,330,330,330,330,330,330,330,330,
goal:330,330,330,330,330,330,330,330,330,330,330,330,330,330,330,330,330,330,330,330,330,330,330,330,330,330,330,330,330,330,330,330,330,330,330,330,330,330,330,330,330,330,330,330,330,330,330,330,330,330,330,330,330,
size:16
[agent] id:13
path:10,42,74,106,138,139,171,203,235,236,268,300,332,364,396,428,460,461,493,525,557,558,559,560,561,562,563,564,565,565,565,565,565,565,565,565,565,565,565,565,565,565,565,565,565,565,565,565,565,565,565,565,565,
goal:565,565,565,565,565,565,565,565,565,565,565,565,565,565,565,565,565,565,565,565,565,565,565,565,565,565,565,565,565,565,565,565,565,565,565,565,565,565,565,565,565,565,565,565,565,565,565,565,565,565,565,565,565,
size:28
[agent] id:14
path:628,596,564,563,531,499,467,435,403,402,401,369,337,305,273,241,209,177,145,113,81,49,50,51,51,51,51,51,51,51,51,51,51,51,51,51,51,51,51,51,51,51,51,51,51,51,51,51,51,51,51,51,51,
goal:51,51,51,51,51,51,51,51,51,51,51,51,51,51,51,51,51,51,51,51,51,51,51,51,51,51,51,51,51,51,51,51,51,51,51,51,51,51,51,51,51,51,51,51,51,51,51,51,51,51,51,51,51,
size:23
[agent] id:15
path:866,867,835,803,771,739,707,708,676,644,612,613,613,614,582,550,518,486,454,422,390,391,392,393,394,395,396,364,332,300,301,302,303,304,305,273,241,209,210,211,212,213,181,182,183,151,152,153,121,89,90,91,92,
goal:92,92,92,92,92,92,92,92,92,92,92,92,92,92,92,92,92,92,92,92,92,92,92,92,92,92,92,92,92,92,92,92,92,92,92,92,92,92,92,92,92,92,92,92,92,92,92,92,92,92,92,92,92,
size:52
[agent] id:16
path:928,929,930,898,866,867,835,803,771,739,707,708,676,644,645,646,647,615,583,551,519,520,521,489,457,458,426,394,395,396,364,332,300,268,236,204,172,173,174,142,110,78,79,80,81,82,83,84,52,53,54,22,23,
goal:23,23,23,23,23,23,23,23,23,23,23,23,23,23,23,23,23,23,23,23,23,23,23,23,23,23,23,23,23,23,23,23,23,23,23,23,23,23,23,23,23,23,23,23,23,23,23,23,23,23,23,23,23,
size:52
[agent] id:17
path:379,378,410,442,474,473,472,504,536,535,567,599,631,663,695,727,759,791,823,855,854,853,852,851,850,849,848,847,846,845,844,843,842,841,840,839,838,837,837,837,837,837,837,837,837,837,837,837,837,837,837,837,837,
goal:837,837,837,837,837,837,837,837,837,837,837,837,837,837,837,837,837,837,837,837,837,837,837,837,837,837,837,837,837,837,837,837,837,837,837,837,837,837,837,837,837,837,837,837,837,837,837,837,837,837,837,837,837,
size:37
[agent] id:18
path:766,734,702,701,700,699,698,697,696,664,663,662,661,660,659,658,657,656,655,654,653,652,651,650,649,648,648,648,648,648,648,648,648,648,648,648,648,648,648,648,648,648,648,648,648,648,648,648,648,648,648,648,648,
goal:648,648,648,648,648,648,648,648,648,648,648,648,648,648,648,648,648,648,648,648,648,648,648,648,648,648,648,648,648,648,648,648,648,648,648,648,648,648,648,648,648,648,648,648,648,648,648,648,648,648,648,648,648,
size:25
[agent] id:19
path:753,721,689,657,656,655,623,622,621,620,619,618,617,616,615,614,614,614,614,614,614,614,614,614,614,614,614,614,614,614,614,614,614,614,614,614,614,614,614,614,614,614,614,614,614,614,614,614,614,614,614,614,614,
goal:614,614,614,614,614,614,614,614,614,614,614,614,614,614,614,614,614,614,614,614,614,614,614,614,614,614,614,614,614,614,614,614,614,614,614,614,614,614,614,614,614,614,614,614,614,614,614,614,614,614,614,614,614,
size:15
[agent] id:20
path:121,153,185,217,216,215,214,213,212,211,243,242,241,240,239,207,206,205,204,203,202,201,200,199,231,263,262,261,260,259,258,290,322,323,323,323,323,323,323,323,323,323,323,323,323,323,323,323,323,323,323,323,323,
goal:323,323,323,323,323,323,323,323,323,323,323,323,323,323,323,323,323,323,323,323,323,323,323,323,323,323,323,323,323,323,323,323,323,323,323,323,323,323,323,323,323,323,323,323,323,323,323,323,323,323,323,323,323,
size:33
[agent] id:21
path:924,956,955,987,986,985,984,983,982,950,949,948,980,979,978,946,945,944,943,943,943,943,943,943,943,943,943,943,943,943,943,943,943,943,943,943,943,943,943,943,943,943,943,943,943,943,943,943,943,943,943,943,943,
goal:943,943,943,943,943,943,943,943,943,943,943,943,943,943,943,943,943,943,943,943,943,943,943,943,943,943,943,943,943,943,943,943,943,943,943,943,943,943,943,943,943,943,943,943,943,943,943,943,943,943,943,943,943,
size:18
[agent] id:22
path:754,722,723,691,659,627,628,596,564,565,533,501,469,437,405,373,341,309,277,245,213,181,182,183,151,152,152,120,120,120,120,120,120,120,120,120,120,120,120,120,120,120,120,120,120,120,120,120,120,120,120,120,120,
goal:120,120,120,120,120,120,120,120,120,120,120,120,120,120,120,120,120,120,120,120,120,120,120,120,120,120,120,120,120,120,120,120,120,120,120,120,120,120,120,120,120,120,120,120,120,120,120,120,120,120,120,120,120,
size:27
[agent] id:23
path:90,122,121,153,185,217,216,248,280,312,344,376,408,409,441,473,472,504,536,535,567,599,631,663,695,727,759,791,823,855,887,886,885,884,884,884,884,884,884,884,884,884,884,884,884,884,884,884,884,884,884,884,884,
goal:884,884,884,884,884,884,884,884,884,884,884,884,884,884,884,884,884,884,884,884,884,884,884,884,884,884,884,884,884,884,884,884,884,884,884,884,884,884,884,884,884,884,884,884,884,884,884,884,884,884,884,884,884,
size:33
[agent] id:24
path:142,174,206,207,239,271,303,304,336,368,400,432,464,465,497,529,561,593,594,626,658,690,722,723,724,725,726,727,728,729,729,729,729,729,729,729,729,729,729,729,729,729,729,729,729,729,729,729,729,729,729,729,729,
goal:729,729,729,729,729,729,729,729,729,729,729,729,729,729,729,729,729,729,729,729,729,729,729,729,729,729,729,729,729,729,729,729,729,729,729,729,729,729,729,729,729,729,729,729,729,729,729,729,729,729,729,729,729,
size:29
[agent] id:25
path:436,468,500,501,533,565,597,629,630,631,632,633,633,633,633,633,633,633,633,633,633,633,633,633,633,633,633,633,633,633,633,633,633,633,633,633,633,633,633,633,633,633,633,633,633,633,633,633,633,633,633,633,633,
goal:633,633,633,633,633,633,633,633,633,633,633,633,633,633,633,633,633,633,633,633,633,633,633,633,633,633,633,633,633,633,633,633,633,633,633,633,633,633,633,633,633,633,633,633,633,633,633,633,633,633,633,633,633,
size:11
[agent] id:26
path:613,612,611,579,547,515,483,451,419,418,417,385,353,354,322,290,258,257,225,193,161,162,130,130,130,130,130,130,130,130,130,130,130,130,130,130,130,130,130,130,130,130,130,130,130,130,130,130,130,130,130,130,130,
goal:130,130,130,130,130,130,130,130,130,130,130,130,130,130,130,130,130,130,130,130,130,130,130,130,130,130,130,130,130,130,130,130,130,130,130,130,130,130,130,130,130,130,130,130,130,130,130,130,130,130,130,130,130,
size:22
[agent] id:27
path:468,500,501,533,565,597,598,599,600,600,600,600,600,600,600,600,600,600,600,600,600,600,600,600,600,600,600,600,600,600,600,600,600,600,600,600,600,600,600,600,600,600,600,600,600,600,600,600,600,600,600,600,600,
goal:600,600,600,600,600,600,600,600,600,600,600,600,600,600,600,600,600,600,600,600,600,600,600,600,600,600,600,600,600,600,600,600,600,600,600,600,600,600,600,600,600,600,600,600,600,600,600,600,600,600,600,600,600,
size:8
[agent] id:28
path:256,288,320,352,353,354,355,356,357,389,389,389,389,389,389,389,389,389,389,389,389,389,389,389,389,389,389,389,389,389,389,389,389,389,389,389,389,389,389,389,389,389,389,389,389,389,389,389,389,389,389,389,389,
goal:389,389,389,389,389,389,389,389,389,389,389,389,389,389,389,389,389,389,389,389,389,389,389,389,389,389,389,389,389,389,389,389,389,389,389,389,389,389,389,389,389,389,389,389,389,389,389,389,389,389,389,389,389,
size:9
[agent] id:29
path:190,189,188,187,219,218,217,216,248,280,312,344,376,408,409,441,473,473,473,473,473,473,473,473,473,473,473,473,473,473,473,473,473,473,473,473,473,473,473,473,473,473,473,473,473,473,473,473,473,473,473,473,473,
goal:473,473,473,473,473,473,473,473,473,473,473,473,473,473,473,473,473,473,473,473,473,473,473,473,473,473,473,473,473,473,473,473,473,473,473,473,473,473,473,473,473,473,473,473,473,473,473,473,473,473,473,473,473,
size:16
SolutionCost:732
