[setting] seed:355
[solver] type:SASB-ECBS
[solver] w:2.000000
[solver] ID:0
[solver] Lowlevelnode:10274
[solver] Highlevelnode:21
[solver] ConflictCount:11
[solver] solved:1
[solver] elapsed:61
[solver] makespan:52
[problem] timesteplimit:15000
[problem] type:MAPF
[problem] agentnum:30
[graph] width:32
[graph] height:32
[graph] filename:./map/32by32_agents10_ex30.map
[task] id:24,start:0,end:0,service time:0,nodes:156,
[task] id:4,start:0,end:0,service time:0,nodes:74,
[task] id:20,start:0,end:0,service time:0,nodes:774,
[task] id:22,start:0,end:0,service time:0,nodes:645,
[task] id:21,start:0,end:0,service time:0,nodes:558,
[task] id:18,start:0,end:0,service time:0,nodes:414,
[task] id:25,start:0,end:0,service time:0,nodes:106,
[task] id:15,start:0,end:0,service time:0,nodes:317,
[task] id:23,start:0,end:0,service time:0,nodes:433,
[task] id:0,start:0,end:0,service time:0,nodes:950,
[task] id:9,start:0,end:0,service time:0,nodes:33,
[task] id:3,start:0,end:0,service time:0,nodes:795,
[task] id:7,start:0,end:0,service time:0,nodes:23,
[task] id:13,start:0,end:0,service time:0,nodes:326,
[task] id:2,start:0,end:0,service time:0,nodes:658,
[task] id:17,start:0,end:0,service time:0,nodes:436,
[task] id:19,start:0,end:0,service time:0,nodes:256,
[task] id:12,start:0,end:0,service time:0,nodes:75,
[task] id:27,start:0,end:0,service time:0,nodes:344,
[task] id:8,start:0,end:0,service time:0,nodes:413,
[task] id:11,start:0,end:0,service time:0,nodes:538,
[task] id:5,start:0,end:0,service time:0,nodes:930,
[task] id:10,start:0,end:0,service time:0,nodes:600,
[task] id:6,start:0,end:0,service time:0,nodes:113,
[task] id:14,start:0,end:0,service time:0,nodes:188,
[task] id:28,start:0,end:0,service time:0,nodes:177,
[task] id:26,start:0,end:0,service time:0,nodes:696,
[task] id:1,start:0,end:0,service time:0,nodes:105,
[task] id:16,start:0,end:0,service time:0,nodes:997,
[task] id:29,start:0,end:0,service time:0,nodes:126,
[agent] id:0
path:467,499,531,563,564,596,628,660,692,724,725,757,758,759,791,823,855,887,919,918,950,950,950,950,950,950,950,950,950,950,950,950,950,950,950,950,950,950,950,950,950,950,950,950,950,950,950,950,950,950,950,950,950,
goal:950,950,950,950,950,950,950,950,950,950,950,950,950,950,950,950,950,950,950,950,950,950,950,950,950,950,950,950,950,950,950,950,950,950,950,950,950,950,950,950,950,950,950,950,950,950,950,950,950,950,950,950,950,
size:20
[agent] id:1
path:1009,1010,978,946,914,882,882,850,818,786,754,722,690,658,626,594,562,530,498,466,434,402,401,369,337,305,273,241,240,239,207,206,174,173,172,140,139,138,137,105,105,105,105,105,105,105,105,105,105,105,105,105,105,
goal:105,105,105,105,105,105,105,105,105,105,105,105,105,105,105,105,105,105,105,105,105,105,105,105,105,105,105,105,105,105,105,105,105,105,105,105,105,105,105,105,105,105,105,105,105,105,105,105,105,105,105,105,105,
size:39
[agent] id:2
path:264,263,262,294,326,358,390,422,454,486,487,519,551,583,615,647,648,649,650,651,652,653,654,655,656,657,658,658,658,658,658,658,658,658,658,658,658,658,658,658,658,658,658,658,658,658,658,658,658,658,658,658,658,
goal:658,658,658,658,658,658,658,658,658,658,658,658,658,658,658,658,658,658,658,658,658,658,658,658,658,658,658,658,658,658,658,658,658,658,658,658,658,658,658,658,658,658,658,658,658,658,658,658,658,658,658,658,658,
size:26
[agent] id:3
path:904,872,840,841,842,843,844,845,846,847,848,849,850,851,852,853,821,822,823,791,792,793,794,795,795,795,795,795,795,795,795,795,795,795,795,795,795,795,795,795,795,795,795,795,795,795,795,795,795,795,795,795,795,
goal:795,795,795,795,795,795,795,795,795,795,795,795,795,795,795,795,795,795,795,795,795,795,795,795,795,795,795,795,795,795,795,795,795,795,795,795,795,795,795,795,795,795,795,795,795,795,795,795,795,795,795,795,795,
size:23
[agent] id:4
path:206,174,173,172,140,139,107,75,74,74,74,74,74,74,74,74,74,74,74,74,74,74,74,74,74,74,74,74,74,74,74,74,74,74,74,74,74,74,74,74,74,74,74,74,74,74,74,74,74,74,74,74,74,
goal:74,74,74,74,74,74,74,74,74,74,74,74,74,74,74,74,74,74,74,74,74,74,74,74,74,74,74,74,74,74,74,74,74,74,74,74,74,74,74,74,74,74,74,74,74,74,74,74,74,74,74,74,74,
size:8
[agent] id:5
path:331,332,364,396,428,460,459,458,490,522,554,553,552,584,616,648,680,712,744,776,808,840,872,871,870,902,901,900,899,931,930,930,930,930,930,930,930,930,930,930,930,930,930,930,930,930,930,930,930,930,930,930,930,
goal:930,930,930,930,930,930,930,930,930,930,930,930,930,930,930,930,930,930,930,930,930,930,930,930,930,930,930,930,930,930,930,930,930,930,930,930,930,930,930,930,930,930,930,930,930,930,930,930,930,930,930,930,930,
size:30
[agent] id:6
path:707,708,676,644,612,613,614,582,550,518,519,520,521,489,457,458,426,394,395,396,364,332,300,268,236,204,172,173,174,142,110,111,112,113,113,113,113,113,113,113,113,113,113,113,113,113,113,113,113,113,113,113,113,
goal:113,113,113,113,113,113,113,113,113,113,113,113,113,113,113,113,113,113,113,113,113,113,113,113,113,113,113,113,113,113,113,113,113,113,113,113,113,113,113,113,113,113,113,113,113,113,113,113,113,113,113,113,113,
size:33
[agent] id:7
path:627,628,596,564,565,533,501,469,437,405,373,341,309,277,245,213,181,182,150,151,119,87,55,23,23,23,23,23,23,23,23,23,23,23,23,23,23,23,23,23,23,23,23,23,23,23,23,23,23,23,23,23,23,
goal:23,23,23,23,23,23,23,23,23,23,23,23,23,23,23,23,23,23,23,23,23,23,23,23,23,23,23,23,23,23,23,23,23,23,23,23,23,23,23,23,23,23,23,23,23,23,23,23,23,23,23,23,23,
size:23
[agent] id:8
path:359,391,392,393,394,395,396,364,332,300,301,302,303,304,305,306,307,308,309,341,373,374,375,376,377,378,379,380,412,413,413,413,413,413,413,413,413,413,413,413,413,413,413,413,413,413,413,413,413,413,413,413,413,
goal:413,413,413,413,413,413,413,413,413,413,413,413,413,413,413,413,413,413,413,413,413,413,413,413,413,413,413,413,413,413,413,413,413,413,413,413,413,413,413,413,413,413,413,413,413,413,413,413,413,413,413,413,413,
size:29
[agent] id:9
path:241,240,239,207,206,174,173,172,140,139,107,106,105,73,72,71,70,69,68,67,66,65,33,33,33,33,33,33,33,33,33,33,33,33,33,33,33,33,33,33,33,33,33,33,33,33,33,33,33,33,33,33,33,
goal:33,33,33,33,33,33,33,33,33,33,33,33,33,33,33,33,33,33,33,33,33,33,33,33,33,33,33,33,33,33,33,33,33,33,33,33,33,33,33,33,33,33,33,33,33,33,33,33,33,33,33,33,33,
size:22
[agent] id:10
path:168,200,200,201,233,234,235,236,268,269,270,271,271,303,304,336,368,400,432,464,465,497,529,561,562,563,564,596,597,598,599,600,600,600,600,600,600,600,600,600,600,600,600,600,600,600,600,600,600,600,600,600,600,
goal:600,600,600,600,600,600,600,600,600,600,600,600,600,600,600,600,600,600,600,600,600,600,600,600,600,600,600,600,600,600,600,600,600,600,600,600,600,600,600,600,600,600,600,600,600,600,600,600,600,600,600,600,600,
size:31
[agent] id:11
path:137,169,201,233,234,235,236,268,300,301,302,334,366,367,399,431,463,464,465,497,498,499,500,501,533,534,535,536,537,538,538,538,538,538,538,538,538,538,538,538,538,538,538,538,538,538,538,538,538,538,538,538,538,
goal:538,538,538,538,538,538,538,538,538,538,538,538,538,538,538,538,538,538,538,538,538,538,538,538,538,538,538,538,538,538,538,538,538,538,538,538,538,538,538,538,538,538,538,538,538,538,538,538,538,538,538,538,538,
size:29
[agent] id:12
path:692,660,628,627,626,594,562,530,498,466,434,402,401,369,337,305,304,303,271,270,269,268,236,204,172,140,139,107,75,75,75,75,75,75,75,75,75,75,75,75,75,75,75,75,75,75,75,75,75,75,75,75,75,
goal:75,75,75,75,75,75,75,75,75,75,75,75,75,75,75,75,75,75,75,75,75,75,75,75,75,75,75,75,75,75,75,75,75,75,75,75,75,75,75,75,75,75,75,75,75,75,75,75,75,75,75,75,75,
size:28
[agent] id:13
path:53,52,84,83,115,114,146,145,144,143,142,174,206,205,204,203,202,201,200,199,231,263,262,294,326,326,326,326,326,326,326,326,326,326,326,326,326,326,326,326,326,326,326,326,326,326,326,326,326,326,326,326,326,
goal:326,326,326,326,326,326,326,326,326,326,326,326,326,326,326,326,326,326,326,326,326,326,326,326,326,326,326,326,326,326,326,326,326,326,326,326,326,326,326,326,326,326,326,326,326,326,326,326,326,326,326,326,326,
size:24
[agent] id:14
path:551,519,520,521,489,457,458,426,394,395,396,364,332,300,268,269,270,271,239,240,241,209,210,211,212,213,181,182,183,184,185,186,187,188,188,188,188,188,188,188,188,188,188,188,188,188,188,188,188,188,188,188,188,
goal:188,188,188,188,188,188,188,188,188,188,188,188,188,188,188,188,188,188,188,188,188,188,188,188,188,188,188,188,188,188,188,188,188,188,188,188,188,188,188,188,188,188,188,188,188,188,188,188,188,188,188,188,188,
size:33
[agent] id:15
path:598,566,534,535,503,504,472,473,441,409,377,378,379,347,315,316,317,317,317,317,317,317,317,317,317,317,317,317,317,317,317,317,317,317,317,317,317,317,317,317,317,317,317,317,317,317,317,317,317,317,317,317,317,
goal:317,317,317,317,317,317,317,317,317,317,317,317,317,317,317,317,317,317,317,317,317,317,317,317,317,317,317,317,317,317,317,317,317,317,317,317,317,317,317,317,317,317,317,317,317,317,317,317,317,317,317,317,317,
size:16
[agent] id:16
path:509,508,540,539,571,603,635,667,699,731,730,762,794,793,825,824,823,855,887,886,885,884,883,915,914,946,945,944,943,942,941,940,939,938,937,936,935,967,999,998,997,997,997,997,997,997,997,997,997,997,997,997,997,
goal:997,997,997,997,997,997,997,997,997,997,997,997,997,997,997,997,997,997,997,997,997,997,997,997,997,997,997,997,997,997,997,997,997,997,997,997,997,997,997,997,997,997,997,997,997,997,997,997,997,997,997,997,997,
size:40
[agent] id:17
path:197,165,166,167,199,200,201,233,234,235,236,268,300,301,302,334,366,367,399,431,432,464,465,466,434,435,436,436,436,436,436,436,436,436,436,436,436,436,436,436,436,436,436,436,436,436,436,436,436,436,436,436,436,
goal:436,436,436,436,436,436,436,436,436,436,436,436,436,436,436,436,436,436,436,436,436,436,436,436,436,436,436,436,436,436,436,436,436,436,436,436,436,436,436,436,436,436,436,436,436,436,436,436,436,436,436,436,436,
size:26
[agent] id:18
path:213,245,277,309,341,373,374,375,376,377,378,379,380,412,413,414,414,414,414,414,414,414,414,414,414,414,414,414,414,414,414,414,414,414,414,414,414,414,414,414,414,414,414,414,414,414,414,414,414,414,414,414,414,
goal:414,414,414,414,414,414,414,414,414,414,414,414,414,414,414,414,414,414,414,414,414,414,414,414,414,414,414,414,414,414,414,414,414,414,414,414,414,414,414,414,414,414,414,414,414,414,414,414,414,414,414,414,414,
size:15
[agent] id:19
path:498,497,529,528,527,526,494,493,461,429,397,396,395,394,393,392,391,359,358,326,294,262,261,260,259,258,257,256,256,256,256,256,256,256,256,256,256,256,256,256,256,256,256,256,256,256,256,256,256,256,256,256,256,
goal:256,256,256,256,256,256,256,256,256,256,256,256,256,256,256,256,256,256,256,256,256,256,256,256,256,256,256,256,256,256,256,256,256,256,256,256,256,256,256,256,256,256,256,256,256,256,256,256,256,256,256,256,256,
size:27
[agent] id:20
path:929,930,898,866,867,835,803,804,805,773,774,774,774,774,774,774,774,774,774,774,774,774,774,774,774,774,774,774,774,774,774,774,774,774,774,774,774,774,774,774,774,774,774,774,774,774,774,774,774,774,774,774,774,
goal:774,774,774,774,774,774,774,774,774,774,774,774,774,774,774,774,774,774,774,774,774,774,774,774,774,774,774,774,774,774,774,774,774,774,774,774,774,774,774,774,774,774,774,774,774,774,774,774,774,774,774,774,774,
size:10
[agent] id:21
path:677,645,613,614,582,550,551,552,553,554,555,556,557,558,558,558,558,558,558,558,558,558,558,558,558,558,558,558,558,558,558,558,558,558,558,558,558,558,558,558,558,558,558,558,558,558,558,558,558,558,558,558,558,
goal:558,558,558,558,558,558,558,558,558,558,558,558,558,558,558,558,558,558,558,558,558,558,558,558,558,558,558,558,558,558,558,558,558,558,558,558,558,558,558,558,558,558,558,558,558,558,558,558,558,558,558,558,558,
size:13
[agent] id:22
path:422,454,486,518,550,551,583,615,647,646,645,645,645,645,645,645,645,645,645,645,645,645,645,645,645,645,645,645,645,645,645,645,645,645,645,645,645,645,645,645,645,645,645,645,645,645,645,645,645,645,645,645,645,
goal:645,645,645,645,645,645,645,645,645,645,645,645,645,645,645,645,645,645,645,645,645,645,645,645,645,645,645,645,645,645,645,645,645,645,645,645,645,645,645,645,645,645,645,645,645,645,645,645,645,645,645,645,645,
size:10
[agent] id:23
path:486,487,519,520,521,522,554,555,556,524,525,526,527,528,529,497,465,433,433,433,433,433,433,433,433,433,433,433,433,433,433,433,433,433,433,433,433,433,433,433,433,433,433,433,433,433,433,433,433,433,433,433,433,
goal:433,433,433,433,433,433,433,433,433,433,433,433,433,433,433,433,433,433,433,433,433,433,433,433,433,433,433,433,433,433,433,433,433,433,433,433,433,433,433,433,433,433,433,433,433,433,433,433,433,433,433,433,433,
size:17
[agent] id:24
path:123,155,156,156,156,156,156,156,156,156,156,156,156,156,156,156,156,156,156,156,156,156,156,156,156,156,156,156,156,156,156,156,156,156,156,156,156,156,156,156,156,156,156,156,156,156,156,156,156,156,156,156,156,
goal:156,156,156,156,156,156,156,156,156,156,156,156,156,156,156,156,156,156,156,156,156,156,156,156,156,156,156,156,156,156,156,156,156,156,156,156,156,156,156,156,156,156,156,156,156,156,156,156,156,156,156,156,156,
size:2
[agent] id:25
path:322,290,258,259,227,228,196,197,165,133,134,135,103,104,105,106,106,106,106,106,106,106,106,106,106,106,106,106,106,106,106,106,106,106,106,106,106,106,106,106,106,106,106,106,106,106,106,106,106,106,106,106,106,
goal:106,106,106,106,106,106,106,106,106,106,106,106,106,106,106,106,106,106,106,106,106,106,106,106,106,106,106,106,106,106,106,106,106,106,106,106,106,106,106,106,106,106,106,106,106,106,106,106,106,106,106,106,106,
size:15
[agent] id:26
path:72,104,136,168,200,201,233,234,235,236,268,300,301,302,334,366,367,399,431,463,464,465,497,529,561,593,594,626,627,659,660,661,662,663,695,696,696,696,696,696,696,696,696,696,696,696,696,696,696,696,696,696,696,
goal:696,696,696,696,696,696,696,696,696,696,696,696,696,696,696,696,696,696,696,696,696,696,696,696,696,696,696,696,696,696,696,696,696,696,696,696,696,696,696,696,696,696,696,696,696,696,696,696,696,696,696,696,696,
size:35
[agent] id:27
path:976,944,912,880,848,849,850,818,786,754,722,690,658,626,594,562,530,498,466,434,435,436,437,405,373,374,375,376,344,344,344,344,344,344,344,344,344,344,344,344,344,344,344,344,344,344,344,344,344,344,344,344,344,
goal:344,344,344,344,344,344,344,344,344,344,344,344,344,344,344,344,344,344,344,344,344,344,344,344,344,344,344,344,344,344,344,344,344,344,344,344,344,344,344,344,344,344,344,344,344,344,344,344,344,344,344,344,344,
size:28
[agent] id:28
path:803,771,739,707,708,676,644,612,613,614,582,550,518,486,454,422,390,391,392,393,394,395,396,364,332,300,268,269,270,271,239,240,241,209,177,177,177,177,177,177,177,177,177,177,177,177,177,177,177,177,177,177,177,
goal:177,177,177,177,177,177,177,177,177,177,177,177,177,177,177,177,177,177,177,177,177,177,177,177,177,177,177,177,177,177,177,177,177,177,177,177,177,177,177,177,177,177,177,177,177,177,177,177,177,177,177,177,177,
size:34
[agent] id:29
path:802,770,738,706,707,708,676,644,612,613,614,582,550,518,486,454,422,390,391,392,393,394,395,396,364,332,300,268,269,270,271,239,240,241,209,210,211,212,213,181,182,183,184,185,186,187,155,123,91,92,93,94,126,
goal:126,126,126,126,126,126,126,126,126,126,126,126,126,126,126,126,126,126,126,126,126,126,126,126,126,126,126,126,126,126,126,126,126,126,126,126,126,126,126,126,126,126,126,126,126,126,126,126,126,126,126,126,126,
size:52
SolutionCost:738
