[setting] seed:8248
[solver] type:SASB-ECBS
[solver] w:2.000000
[solver] ID:0
[solver] Lowlevelnode:10555
[solver] Highlevelnode:19
[solver] ConflictCount:10
[solver] solved:1
[solver] elapsed:77
[solver] makespan:51
[problem] timesteplimit:15000
[problem] type:MAPF
[problem] agentnum:30
[graph] width:32
[graph] height:32
[graph] filename:./map/32by32_agents10_ex30.map
[task] id:5,start:0,end:0,service time:0,nodes:944,
[task] id:2,start:0,end:0,service time:0,nodes:498,
[task] id:28,start:0,end:0,service time:0,nodes:736,
[task] id:23,start:0,end:0,service time:0,nodes:94,
[task] id:25,start:0,end:0,service time:0,nodes:207,
[task] id:4,start:0,end:0,service time:0,nodes:205,
[task] id:8,start:0,end:0,service time:0,nodes:464,
[task] id:21,start:0,end:0,service time:0,nodes:900,
[task] id:29,start:0,end:0,service time:0,nodes:961,
[task] id:26,start:0,end:0,service time:0,nodes:230,
[task] id:27,start:0,end:0,service time:0,nodes:987,
[task] id:24,start:0,end:0,service time:0,nodes:322,
[task] id:0,start:0,end:0,service time:0,nodes:653,
[task] id:19,start:0,end:0,service time:0,nodes:639,
[task] id:20,start:0,end:0,service time:0,nodes:589,
[task] id:9,start:0,end:0,service time:0,nodes:1006,
[task] id:13,start:0,end:0,service time:0,nodes:564,
[task] id:22,start:0,end:0,service time:0,nodes:245,
[task] id:16,start:0,end:0,service time:0,nodes:712,
[task] id:10,start:0,end:0,service time:0,nodes:604,
[task] id:14,start:0,end:0,service time:0,nodes:765,
[task] id:7,start:0,end:0,service time:0,nodes:714,
[task] id:18,start:0,end:0,service time:0,nodes:858,
[task] id:6,start:0,end:0,service time:0,nodes:29,
[task] id:15,start:0,end:0,service time:0,nodes:1015,
[task] id:11,start:0,end:0,service time:0,nodes:31,
[task] id:17,start:0,end:0,service time:0,nodes:894,
[task] id:1,start:0,end:0,service time:0,nodes:713,
[task] id:12,start:0,end:0,service time:0,nodes:705,
[task] id:3,start:0,end:0,service time:0,nodes:996,
[agent] id:0
path:293,294,326,358,390,422,454,486,518,550,582,614,646,647,648,649,650,651,652,653,653,653,653,653,653,653,653,653,653,653,653,653,653,653,653,653,653,653,653,653,653,653,653,653,653,653,653,653,653,653,653,653,
goal:653,653,653,653,653,653,653,653,653,653,653,653,653,653,653,653,653,653,653,653,653,653,653,653,653,653,653,653,653,653,653,653,653,653,653,653,653,653,653,653,653,653,653,653,653,653,653,653,653,653,653,653,
size:19
[agent] id:1
path:62,94,126,158,190,189,188,187,219,218,217,216,248,280,312,344,376,408,407,439,438,470,469,501,500,499,531,563,562,594,593,592,591,623,622,621,620,652,651,683,682,681,713,713,713,713,713,713,713,713,713,713,
goal:713,713,713,713,713,713,713,713,713,713,713,713,713,713,713,713,713,713,713,713,713,713,713,713,713,713,713,713,713,713,713,713,713,713,713,713,713,713,713,713,713,713,713,713,713,713,713,713,713,713,713,713,
size:42
[agent] id:2
path:405,437,469,501,500,499,498,498,498,498,498,498,498,498,498,498,498,498,498,498,498,498,498,498,498,498,498,498,498,498,498,498,498,498,498,498,498,498,498,498,498,498,498,498,498,498,498,498,498,498,498,498,
goal:498,498,498,498,498,498,498,498,498,498,498,498,498,498,498,498,498,498,498,498,498,498,498,498,498,498,498,498,498,498,498,498,498,498,498,498,498,498,498,498,498,498,498,498,498,498,498,498,498,498,498,498,
size:6
[agent] id:3
path:255,287,286,318,317,349,381,380,379,378,410,442,474,473,472,504,536,535,567,599,631,663,695,727,759,791,823,855,887,886,885,884,883,915,914,913,912,911,943,942,941,940,939,938,937,936,935,967,999,998,997,996,
goal:996,996,996,996,996,996,996,996,996,996,996,996,996,996,996,996,996,996,996,996,996,996,996,996,996,996,996,996,996,996,996,996,996,996,996,996,996,996,996,996,996,996,996,996,996,996,996,996,996,996,996,996,
size:51
[agent] id:4
path:83,115,114,146,145,144,143,142,174,173,173,173,173,205,205,205,205,205,205,205,205,205,205,205,205,205,205,205,205,205,205,205,205,205,205,205,205,205,205,205,205,205,205,205,205,205,205,205,205,205,205,205,
goal:205,205,205,205,205,205,205,205,205,205,205,205,205,205,205,205,205,205,205,205,205,205,205,205,205,205,205,205,205,205,205,205,205,205,205,205,205,205,205,205,205,205,205,205,205,205,205,205,205,205,205,205,
size:13
[agent] id:5
path:974,942,943,944,944,944,944,944,944,944,944,944,944,944,944,944,944,944,944,944,944,944,944,944,944,944,944,944,944,944,944,944,944,944,944,944,944,944,944,944,944,944,944,944,944,944,944,944,944,944,944,944,
goal:944,944,944,944,944,944,944,944,944,944,944,944,944,944,944,944,944,944,944,944,944,944,944,944,944,944,944,944,944,944,944,944,944,944,944,944,944,944,944,944,944,944,944,944,944,944,944,944,944,944,944,944,
size:3
[agent] id:6
path:652,620,621,589,557,525,526,527,528,529,497,465,433,401,369,337,305,273,241,209,177,145,113,81,49,17,18,19,20,21,22,23,24,25,26,27,28,29,29,29,29,29,29,29,29,29,29,29,29,29,29,29,
goal:29,29,29,29,29,29,29,29,29,29,29,29,29,29,29,29,29,29,29,29,29,29,29,29,29,29,29,29,29,29,29,29,29,29,29,29,29,29,29,29,29,29,29,29,29,29,29,29,29,29,29,29,
size:37
[agent] id:7
path:187,219,218,217,216,248,280,312,344,376,408,407,439,438,470,469,501,533,565,597,629,661,693,692,691,690,689,688,687,686,718,717,716,715,714,714,714,714,714,714,714,714,714,714,714,714,714,714,714,714,714,714,
goal:714,714,714,714,714,714,714,714,714,714,714,714,714,714,714,714,714,714,714,714,714,714,714,714,714,714,714,714,714,714,714,714,714,714,714,714,714,714,714,714,714,714,714,714,714,714,714,714,714,714,714,714,
size:34
[agent] id:8
path:683,651,619,620,621,589,557,525,526,527,528,529,497,465,464,464,464,464,464,464,464,464,464,464,464,464,464,464,464,464,464,464,464,464,464,464,464,464,464,464,464,464,464,464,464,464,464,464,464,464,464,464,
goal:464,464,464,464,464,464,464,464,464,464,464,464,464,464,464,464,464,464,464,464,464,464,464,464,464,464,464,464,464,464,464,464,464,464,464,464,464,464,464,464,464,464,464,464,464,464,464,464,464,464,464,464,
size:14
[agent] id:9
path:433,465,497,529,561,593,592,591,623,655,687,686,718,750,782,814,846,878,877,909,941,973,1005,1006,1006,1006,1006,1006,1006,1006,1006,1006,1006,1006,1006,1006,1006,1006,1006,1006,1006,1006,1006,1006,1006,1006,1006,1006,1006,1006,1006,1006,
goal:1006,1006,1006,1006,1006,1006,1006,1006,1006,1006,1006,1006,1006,1006,1006,1006,1006,1006,1006,1006,1006,1006,1006,1006,1006,1006,1006,1006,1006,1006,1006,1006,1006,1006,1006,1006,1006,1006,1006,1006,1006,1006,1006,1006,1006,1006,1006,1006,1006,1006,1006,1006,
size:23
[agent] id:10
path:871,839,840,841,842,843,844,845,846,847,848,849,850,818,786,754,722,723,724,725,726,727,728,696,664,632,633,634,602,603,604,604,604,604,604,604,604,604,604,604,604,604,604,604,604,604,604,604,604,604,604,604,
goal:604,604,604,604,604,604,604,604,604,604,604,604,604,604,604,604,604,604,604,604,604,604,604,604,604,604,604,604,604,604,604,604,604,604,604,604,604,604,604,604,604,604,604,604,604,604,604,604,604,604,604,604,
size:30
[agent] id:11
path:918,886,854,822,823,791,792,760,728,696,697,698,699,667,667,635,603,571,539,507,508,476,477,478,446,414,413,381,349,317,285,286,287,255,223,191,159,127,95,63,31,31,31,31,31,31,31,31,31,31,31,31,
goal:31,31,31,31,31,31,31,31,31,31,31,31,31,31,31,31,31,31,31,31,31,31,31,31,31,31,31,31,31,31,31,31,31,31,31,31,31,31,31,31,31,31,31,31,31,31,31,31,31,31,31,31,
size:40
[agent] id:12
path:23,55,54,53,52,84,83,115,114,146,178,210,242,274,306,305,304,303,302,301,300,332,364,396,428,460,459,458,490,522,554,553,552,584,616,648,680,679,711,710,709,708,707,706,705,705,705,705,705,705,705,705,
goal:705,705,705,705,705,705,705,705,705,705,705,705,705,705,705,705,705,705,705,705,705,705,705,705,705,705,705,705,705,705,705,705,705,705,705,705,705,705,705,705,705,705,705,705,705,705,705,705,705,705,705,705,
size:44
[agent] id:13
path:169,201,233,234,235,236,268,300,332,364,396,428,460,461,493,525,557,558,559,560,561,562,563,564,564,564,564,564,564,564,564,564,564,564,564,564,564,564,564,564,564,564,564,564,564,564,564,564,564,564,564,564,
goal:564,564,564,564,564,564,564,564,564,564,564,564,564,564,564,564,564,564,564,564,564,564,564,564,564,564,564,564,564,564,564,564,564,564,564,564,564,564,564,564,564,564,564,564,564,564,564,564,564,564,564,564,
size:23
[agent] id:14
path:999,967,935,936,904,872,840,841,842,843,844,845,846,847,848,849,850,851,852,853,821,822,823,791,792,793,794,795,796,764,765,765,765,765,765,765,765,765,765,765,765,765,765,765,765,765,765,765,765,765,765,765,
goal:765,765,765,765,765,765,765,765,765,765,765,765,765,765,765,765,765,765,765,765,765,765,765,765,765,765,765,765,765,765,765,765,765,765,765,765,765,765,765,765,765,765,765,765,765,765,765,765,765,765,765,765,
size:30
[agent] id:15
path:92,91,123,155,187,219,218,217,216,248,280,312,344,376,408,409,441,473,472,504,536,535,567,599,631,663,695,727,759,791,823,855,887,919,918,950,982,983,1015,1015,1015,1015,1015,1015,1015,1015,1015,1015,1015,1015,1015,1015,
goal:1015,1015,1015,1015,1015,1015,1015,1015,1015,1015,1015,1015,1015,1015,1015,1015,1015,1015,1015,1015,1015,1015,1015,1015,1015,1015,1015,1015,1015,1015,1015,1015,1015,1015,1015,1015,1015,1015,1015,1015,1015,1015,1015,1015,1015,1015,1015,1015,1015,1015,1015,1015,
size:38
[agent] id:16
path:606,605,637,636,635,634,633,632,664,663,662,661,693,692,691,690,689,688,687,686,718,717,716,715,714,713,712,712,712,712,712,712,712,712,712,712,712,712,712,712,712,712,712,712,712,712,712,712,712,712,712,712,
goal:712,712,712,712,712,712,712,712,712,712,712,712,712,712,712,712,712,712,712,712,712,712,712,712,712,712,712,712,712,712,712,712,712,712,712,712,712,712,712,712,712,712,712,712,712,712,712,712,712,712,712,712,
size:26
[agent] id:17
path:88,120,152,184,183,215,247,279,311,310,342,374,406,405,437,437,437,469,501,533,565,597,598,598,630,662,663,695,727,759,791,823,824,825,857,858,859,860,892,893,894,894,894,894,894,894,894,894,894,894,894,894,
goal:894,894,894,894,894,894,894,894,894,894,894,894,894,894,894,894,894,894,894,894,894,894,894,894,894,894,894,894,894,894,894,894,894,894,894,894,894,894,894,894,894,894,894,894,894,894,894,894,894,894,894,894,
size:40
[agent] id:18
path:512,544,576,577,609,610,642,643,644,645,646,647,648,649,650,651,652,653,654,655,687,688,720,721,722,723,724,725,757,758,759,791,823,824,825,857,858,858,858,858,858,858,858,858,858,858,858,858,858,858,858,858,
goal:858,858,858,858,858,858,858,858,858,858,858,858,858,858,858,858,858,858,858,858,858,858,858,858,858,858,858,858,858,858,858,858,858,858,858,858,858,858,858,858,858,858,858,858,858,858,858,858,858,858,858,858,
size:36
[agent] id:19
path:528,560,592,593,594,626,627,628,629,630,631,632,633,634,635,636,637,605,606,607,639,639,639,639,639,639,639,639,639,639,639,639,639,639,639,639,639,639,639,639,639,639,639,639,639,639,639,639,639,639,639,639,
goal:639,639,639,639,639,639,639,639,639,639,639,639,639,639,639,639,639,639,639,639,639,639,639,639,639,639,639,639,639,639,639,639,639,639,639,639,639,639,639,639,639,639,639,639,639,639,639,639,639,639,639,639,
size:20
[agent] id:20
path:477,509,508,540,539,538,537,536,535,567,566,565,564,563,562,594,593,592,591,590,589,589,589,589,589,589,589,589,589,589,589,589,589,589,589,589,589,589,589,589,589,589,589,589,589,589,589,589,589,589,589,589,
goal:589,589,589,589,589,589,589,589,589,589,589,589,589,589,589,589,589,589,589,589,589,589,589,589,589,589,589,589,589,589,589,589,589,589,589,589,589,589,589,589,589,589,589,589,589,589,589,589,589,589,589,589,
size:20
[agent] id:21
path:549,550,582,614,646,678,710,742,774,806,838,870,902,901,900,900,900,900,900,900,900,900,900,900,900,900,900,900,900,900,900,900,900,900,900,900,900,900,900,900,900,900,900,900,900,900,900,900,900,900,900,900,
goal:900,900,900,900,900,900,900,900,900,900,900,900,900,900,900,900,900,900,900,900,900,900,900,900,900,900,900,900,900,900,900,900,900,900,900,900,900,900,900,900,900,900,900,900,900,900,900,900,900,900,900,900,
size:14
[agent] id:22
path:69,101,133,165,166,167,199,200,201,202,203,204,205,206,174,142,143,144,176,177,178,210,211,212,213,245,245,245,245,245,245,245,245,245,245,245,245,245,245,245,245,245,245,245,245,245,245,245,245,245,245,245,
goal:245,245,245,245,245,245,245,245,245,245,245,245,245,245,245,245,245,245,245,245,245,245,245,245,245,245,245,245,245,245,245,245,245,245,245,245,245,245,245,245,245,245,245,245,245,245,245,245,245,245,245,245,
size:25
[agent] id:23
path:247,215,183,151,119,87,88,89,90,91,92,93,94,94,94,94,94,94,94,94,94,94,94,94,94,94,94,94,94,94,94,94,94,94,94,94,94,94,94,94,94,94,94,94,94,94,94,94,94,94,94,94,
goal:94,94,94,94,94,94,94,94,94,94,94,94,94,94,94,94,94,94,94,94,94,94,94,94,94,94,94,94,94,94,94,94,94,94,94,94,94,94,94,94,94,94,94,94,94,94,94,94,94,94,94,94,
size:12
[agent] id:24
path:681,649,617,616,584,552,520,519,487,486,454,422,390,358,357,356,355,323,322,322,322,322,322,322,322,322,322,322,322,322,322,322,322,322,322,322,322,322,322,322,322,322,322,322,322,322,322,322,322,322,322,322,
goal:322,322,322,322,322,322,322,322,322,322,322,322,322,322,322,322,322,322,322,322,322,322,322,322,322,322,322,322,322,322,322,322,322,322,322,322,322,322,322,322,322,322,322,322,322,322,322,322,322,322,322,322,
size:18
[agent] id:25
path:71,103,135,167,199,200,201,202,203,204,205,206,207,207,207,207,207,207,207,207,207,207,207,207,207,207,207,207,207,207,207,207,207,207,207,207,207,207,207,207,207,207,207,207,207,207,207,207,207,207,207,207,
goal:207,207,207,207,207,207,207,207,207,207,207,207,207,207,207,207,207,207,207,207,207,207,207,207,207,207,207,207,207,207,207,207,207,207,207,207,207,207,207,207,207,207,207,207,207,207,207,207,207,207,207,207,
size:12
[agent] id:26
path:525,493,461,429,397,396,395,394,393,392,391,359,358,326,294,262,230,230,230,230,230,230,230,230,230,230,230,230,230,230,230,230,230,230,230,230,230,230,230,230,230,230,230,230,230,230,230,230,230,230,230,230,
goal:230,230,230,230,230,230,230,230,230,230,230,230,230,230,230,230,230,230,230,230,230,230,230,230,230,230,230,230,230,230,230,230,230,230,230,230,230,230,230,230,230,230,230,230,230,230,230,230,230,230,230,230,
size:16
[agent] id:27
path:755,723,724,725,757,758,759,791,823,855,887,919,920,952,984,985,986,987,987,987,987,987,987,987,987,987,987,987,987,987,987,987,987,987,987,987,987,987,987,987,987,987,987,987,987,987,987,987,987,987,987,987,
goal:987,987,987,987,987,987,987,987,987,987,987,987,987,987,987,987,987,987,987,987,987,987,987,987,987,987,987,987,987,987,987,987,987,987,987,987,987,987,987,987,987,987,987,987,987,987,987,987,987,987,987,987,
size:17
[agent] id:28
path:547,579,611,643,642,641,673,705,737,736,736,736,736,736,736,736,736,736,736,736,736,736,736,736,736,736,736,736,736,736,736,736,736,736,736,736,736,736,736,736,736,736,736,736,736,736,736,736,736,736,736,736,
goal:736,736,736,736,736,736,736,736,736,736,736,736,736,736,736,736,736,736,736,736,736,736,736,736,736,736,736,736,736,736,736,736,736,736,736,736,736,736,736,736,736,736,736,736,736,736,736,736,736,736,736,736,
size:9
[agent] id:29
path:609,641,673,705,737,738,770,802,803,835,867,899,931,963,962,961,961,961,961,961,961,961,961,961,961,961,961,961,961,961,961,961,961,961,961,961,961,961,961,961,961,961,961,961,961,961,961,961,961,961,961,961,
goal:961,961,961,961,961,961,961,961,961,961,961,961,961,961,961,961,961,961,961,961,961,961,961,961,961,961,961,961,961,961,961,961,961,961,961,961,961,961,961,961,961,961,961,961,961,961,961,961,961,961,961,961,
size:15
SolutionCost:727
