[setting] seed:6991
[solver] type:SASB-ECBS
[solver] w:2.000000
[solver] ID:0
[solver] Lowlevelnode:5730
[solver] Highlevelnode:21
[solver] ConflictCount:11
[solver] solved:1
[solver] elapsed:40
[solver] makespan:42
[problem] timesteplimit:15000
[problem] type:MAPF
[problem] agentnum:30
[graph] width:32
[graph] height:32
[graph] filename:./map/32by32_agents10_ex30.map
[task] id:21,start:0,end:0,service time:0,nodes:111,
[task] id:8,start:0,end:0,service time:0,nodes:489,
[task] id:2,start:0,end:0,service time:0,nodes:377,
[task] id:23,start:0,end:0,service time:0,nodes:687,
[task] id:3,start:0,end:0,service time:0,nodes:760,
[task] id:13,start:0,end:0,service time:0,nodes:498,
[task] id:27,start:0,end:0,service time:0,nodes:135,
[task] id:1,start:0,end:0,service time:0,nodes:690,
[task] id:22,start:0,end:0,service time:0,nodes:643,
[task] id:14,start:0,end:0,service time:0,nodes:341,
[task] id:4,start:0,end:0,service time:0,nodes:728,
[task] id:7,start:0,end:0,service time:0,nodes:604,
[task] id:11,start:0,end:0,service time:0,nodes:962,
[task] id:18,start:0,end:0,service time:0,nodes:801,
[task] id:29,start:0,end:0,service time:0,nodes:614,
[task] id:5,start:0,end:0,service time:0,nodes:64,
[task] id:26,start:0,end:0,service time:0,nodes:508,
[task] id:9,start:0,end:0,service time:0,nodes:468,
[task] id:28,start:0,end:0,service time:0,nodes:562,
[task] id:20,start:0,end:0,service time:0,nodes:842,
[task] id:24,start:0,end:0,service time:0,nodes:736,
[task] id:0,start:0,end:0,service time:0,nodes:178,
[task] id:6,start:0,end:0,service time:0,nodes:326,
[task] id:12,start:0,end:0,service time:0,nodes:263,
[task] id:17,start:0,end:0,service time:0,nodes:381,
[task] id:10,start:0,end:0,service time:0,nodes:312,
[task] id:19,start:0,end:0,service time:0,nodes:49,
[task] id:15,start:0,end:0,service time:0,nodes:414,
[task] id:25,start:0,end:0,service time:0,nodes:955,
[task] id:16,start:0,end:0,service time:0,nodes:285,
[agent] id:0
path:972,940,908,876,844,845,846,814,782,750,718,686,654,622,590,558,526,527,528,529,497,465,433,401,369,337,305,273,241,209,177,178,178,178,178,178,178,178,178,178,178,178,178,
goal:178,178,178,178,178,178,178,178,178,178,178,178,178,178,178,178,178,178,178,178,178,178,178,178,178,178,178,178,178,178,178,178,178,178,178,178,178,178,178,178,178,178,178,
size:31
[agent] id:1
path:304,336,368,400,432,464,465,497,529,561,593,594,626,658,690,690,690,690,690,690,690,690,690,690,690,690,690,690,690,690,690,690,690,690,690,690,690,690,690,690,690,690,690,
goal:690,690,690,690,690,690,690,690,690,690,690,690,690,690,690,690,690,690,690,690,690,690,690,690,690,690,690,690,690,690,690,690,690,690,690,690,690,690,690,690,690,690,690,
size:14
[agent] id:2
path:318,317,349,381,380,379,378,377,377,377,377,377,377,377,377,377,377,377,377,377,377,377,377,377,377,377,377,377,377,377,377,377,377,377,377,377,377,377,377,377,377,377,377,
goal:377,377,377,377,377,377,377,377,377,377,377,377,377,377,377,377,377,377,377,377,377,377,377,377,377,377,377,377,377,377,377,377,377,377,377,377,377,377,377,377,377,377,377,
size:7
[agent] id:3
path:1019,987,986,985,953,921,920,888,887,855,823,791,759,760,760,760,760,760,760,760,760,760,760,760,760,760,760,760,760,760,760,760,760,760,760,760,760,760,760,760,760,760,760,
goal:760,760,760,760,760,760,760,760,760,760,760,760,760,760,760,760,760,760,760,760,760,760,760,760,760,760,760,760,760,760,760,760,760,760,760,760,760,760,760,760,760,760,760,
size:13
[agent] id:4
path:1009,1010,978,946,914,882,850,818,786,754,722,723,724,725,726,727,728,728,728,728,728,728,728,728,728,728,728,728,728,728,728,728,728,728,728,728,728,728,728,728,728,728,728,
goal:728,728,728,728,728,728,728,728,728,728,728,728,728,728,728,728,728,728,728,728,728,728,728,728,728,728,728,728,728,728,728,728,728,728,728,728,728,728,728,728,728,728,728,
size:16
[agent] id:5
path:429,397,396,364,332,300,268,236,204,172,140,139,107,75,74,73,72,71,70,69,68,67,66,65,64,64,64,64,64,64,64,64,64,64,64,64,64,64,64,64,64,64,64,
goal:64,64,64,64,64,64,64,64,64,64,64,64,64,64,64,64,64,64,64,64,64,64,64,64,64,64,64,64,64,64,64,64,64,64,64,64,64,64,64,64,64,64,64,
size:24
[agent] id:6
path:855,823,791,759,727,695,663,662,661,660,659,658,657,656,655,623,591,559,558,557,556,555,554,522,490,458,426,394,393,392,391,359,358,326,326,326,326,326,326,326,326,326,326,
goal:326,326,326,326,326,326,326,326,326,326,326,326,326,326,326,326,326,326,326,326,326,326,326,326,326,326,326,326,326,326,326,326,326,326,326,326,326,326,326,326,326,326,326,
size:33
[agent] id:7
path:590,591,592,593,594,626,627,628,629,630,631,632,633,634,602,603,604,604,604,604,604,604,604,604,604,604,604,604,604,604,604,604,604,604,604,604,604,604,604,604,604,604,604,
goal:604,604,604,604,604,604,604,604,604,604,604,604,604,604,604,604,604,604,604,604,604,604,604,604,604,604,604,604,604,604,604,604,604,604,604,604,604,604,604,604,604,604,604,
size:16
[agent] id:8
path:517,518,519,520,521,489,489,489,489,489,489,489,489,489,489,489,489,489,489,489,489,489,489,489,489,489,489,489,489,489,489,489,489,489,489,489,489,489,489,489,489,489,489,
goal:489,489,489,489,489,489,489,489,489,489,489,489,489,489,489,489,489,489,489,489,489,489,489,489,489,489,489,489,489,489,489,489,489,489,489,489,489,489,489,489,489,489,489,
size:5
[agent] id:9
path:227,228,229,230,231,199,200,201,233,234,235,236,268,300,301,302,334,366,367,399,431,463,464,465,466,467,468,468,468,468,468,468,468,468,468,468,468,468,468,468,468,468,468,
goal:468,468,468,468,468,468,468,468,468,468,468,468,468,468,468,468,468,468,468,468,468,468,468,468,468,468,468,468,468,468,468,468,468,468,468,468,468,468,468,468,468,468,468,
size:26
[agent] id:10
path:902,870,838,806,774,742,710,678,679,680,648,616,584,552,553,554,555,556,524,525,526,527,528,529,497,465,433,401,369,337,305,306,307,308,309,310,311,312,312,312,312,312,312,
goal:312,312,312,312,312,312,312,312,312,312,312,312,312,312,312,312,312,312,312,312,312,312,312,312,312,312,312,312,312,312,312,312,312,312,312,312,312,312,312,312,312,312,312,
size:37
[agent] id:11
path:1007,1006,974,973,972,971,970,969,937,936,935,967,966,965,964,963,962,962,962,962,962,962,962,962,962,962,962,962,962,962,962,962,962,962,962,962,962,962,962,962,962,962,962,
goal:962,962,962,962,962,962,962,962,962,962,962,962,962,962,962,962,962,962,962,962,962,962,962,962,962,962,962,962,962,962,962,962,962,962,962,962,962,962,962,962,962,962,962,
size:16
[agent] id:12
path:571,539,538,537,536,535,534,533,501,469,437,405,373,341,309,308,307,306,274,242,241,240,239,207,206,205,204,204,203,202,201,200,199,231,263,263,263,263,263,263,263,263,263,
goal:263,263,263,263,263,263,263,263,263,263,263,263,263,263,263,263,263,263,263,263,263,263,263,263,263,263,263,263,263,263,263,263,263,263,263,263,263,263,263,263,263,263,263,
size:34
[agent] id:13
path:551,552,553,554,555,556,524,525,526,527,528,529,497,498,498,498,498,498,498,498,498,498,498,498,498,498,498,498,498,498,498,498,498,498,498,498,498,498,498,498,498,498,498,
goal:498,498,498,498,498,498,498,498,498,498,498,498,498,498,498,498,498,498,498,498,498,498,498,498,498,498,498,498,498,498,498,498,498,498,498,498,498,498,498,498,498,498,498,
size:13
[agent] id:14
path:447,446,414,413,381,380,379,378,410,409,408,376,375,374,342,341,341,341,341,341,341,341,341,341,341,341,341,341,341,341,341,341,341,341,341,341,341,341,341,341,341,341,341,
goal:341,341,341,341,341,341,341,341,341,341,341,341,341,341,341,341,341,341,341,341,341,341,341,341,341,341,341,341,341,341,341,341,341,341,341,341,341,341,341,341,341,341,341,
size:15
[agent] id:15
path:257,258,259,227,228,229,230,231,199,200,201,233,234,235,236,268,300,301,302,303,304,305,306,307,308,309,310,342,374,375,376,408,409,410,378,379,380,412,413,414,414,414,414,
goal:414,414,414,414,414,414,414,414,414,414,414,414,414,414,414,414,414,414,414,414,414,414,414,414,414,414,414,414,414,414,414,414,414,414,414,414,414,414,414,414,414,414,414,
size:39
[agent] id:16
path:969,937,938,906,874,842,810,778,779,747,715,683,651,619,620,621,622,590,591,559,527,528,529,497,465,433,434,435,436,437,405,406,407,408,409,410,378,379,347,315,316,317,285,
goal:285,285,285,285,285,285,285,285,285,285,285,285,285,285,285,285,285,285,285,285,285,285,285,285,285,285,285,285,285,285,285,285,285,285,285,285,285,285,285,285,285,285,285,
size:42
[agent] id:17
path:357,358,326,294,262,230,231,199,200,201,233,234,235,236,268,300,301,302,303,304,305,306,307,308,309,310,342,374,375,376,408,409,410,378,379,380,381,381,381,381,381,381,381,
goal:381,381,381,381,381,381,381,381,381,381,381,381,381,381,381,381,381,381,381,381,381,381,381,381,381,381,381,381,381,381,381,381,381,381,381,381,381,381,381,381,381,381,381,
size:36
[agent] id:18
path:458,490,522,521,553,552,584,616,648,647,679,711,743,775,807,806,805,804,803,802,801,801,801,801,801,801,801,801,801,801,801,801,801,801,801,801,801,801,801,801,801,801,801,
goal:801,801,801,801,801,801,801,801,801,801,801,801,801,801,801,801,801,801,801,801,801,801,801,801,801,801,801,801,801,801,801,801,801,801,801,801,801,801,801,801,801,801,801,
size:20
[agent] id:19
path:836,804,805,773,741,709,677,645,613,614,582,550,518,519,520,521,522,490,458,426,394,395,396,364,332,300,268,236,204,172,173,174,142,110,78,79,80,48,49,49,49,49,49,
goal:49,49,49,49,49,49,49,49,49,49,49,49,49,49,49,49,49,49,49,49,49,49,49,49,49,49,49,49,49,49,49,49,49,49,49,49,49,49,49,49,49,49,49,
size:38
[agent] id:20
path:207,239,271,303,302,301,300,332,364,396,428,460,461,493,525,557,589,621,653,685,717,716,715,747,779,811,843,842,842,842,842,842,842,842,842,842,842,842,842,842,842,842,842,
goal:842,842,842,842,842,842,842,842,842,842,842,842,842,842,842,842,842,842,842,842,842,842,842,842,842,842,842,842,842,842,842,842,842,842,842,842,842,842,842,842,842,842,842,
size:27
[agent] id:21
path:145,113,112,111,111,111,111,111,111,111,111,111,111,111,111,111,111,111,111,111,111,111,111,111,111,111,111,111,111,111,111,111,111,111,111,111,111,111,111,111,111,111,111,
goal:111,111,111,111,111,111,111,111,111,111,111,111,111,111,111,111,111,111,111,111,111,111,111,111,111,111,111,111,111,111,111,111,111,111,111,111,111,111,111,111,111,111,111,
size:3
[agent] id:22
path:936,904,872,840,808,776,744,712,680,648,647,646,645,644,643,643,643,643,643,643,643,643,643,643,643,643,643,643,643,643,643,643,643,643,643,643,643,643,643,643,643,643,643,
goal:643,643,643,643,643,643,643,643,643,643,643,643,643,643,643,643,643,643,643,643,643,643,643,643,643,643,643,643,643,643,643,643,643,643,643,643,643,643,643,643,643,643,643,
size:14
[agent] id:23
path:599,631,663,662,661,693,692,691,690,689,688,687,687,687,687,687,687,687,687,687,687,687,687,687,687,687,687,687,687,687,687,687,687,687,687,687,687,687,687,687,687,687,687,
goal:687,687,687,687,687,687,687,687,687,687,687,687,687,687,687,687,687,687,687,687,687,687,687,687,687,687,687,687,687,687,687,687,687,687,687,687,687,687,687,687,687,687,687,
size:11
[agent] id:24
path:132,133,165,197,229,261,260,259,258,290,322,354,353,385,417,449,448,480,512,544,576,577,609,641,673,705,737,736,736,736,736,736,736,736,736,736,736,736,736,736,736,736,736,
goal:736,736,736,736,736,736,736,736,736,736,736,736,736,736,736,736,736,736,736,736,736,736,736,736,736,736,736,736,736,736,736,736,736,736,736,736,736,736,736,736,736,736,736,
size:27
[agent] id:25
path:49,81,113,145,177,209,241,273,305,337,369,401,433,465,497,529,561,593,594,626,658,659,691,723,724,725,757,758,759,791,823,855,887,919,920,952,984,985,986,987,955,955,955,
goal:955,955,955,955,955,955,955,955,955,955,955,955,955,955,955,955,955,955,955,955,955,955,955,955,955,955,955,955,955,955,955,955,955,955,955,955,955,955,955,955,955,955,955,
size:40
[agent] id:26
path:715,683,651,619,620,621,589,557,558,559,560,561,562,563,564,565,533,534,535,536,537,538,539,507,508,508,508,508,508,508,508,508,508,508,508,508,508,508,508,508,508,508,508,
goal:508,508,508,508,508,508,508,508,508,508,508,508,508,508,508,508,508,508,508,508,508,508,508,508,508,508,508,508,508,508,508,508,508,508,508,508,508,508,508,508,508,508,508,
size:24
[agent] id:27
path:330,331,299,300,268,236,204,172,140,139,138,137,136,135,135,135,135,135,135,135,135,135,135,135,135,135,135,135,135,135,135,135,135,135,135,135,135,135,135,135,135,135,135,
goal:135,135,135,135,135,135,135,135,135,135,135,135,135,135,135,135,135,135,135,135,135,135,135,135,135,135,135,135,135,135,135,135,135,135,135,135,135,135,135,135,135,135,135,
size:13
[agent] id:28
path:71,103,135,167,199,200,201,233,234,235,236,268,300,332,364,396,428,460,461,493,525,557,558,559,560,561,562,562,562,562,562,562,562,562,562,562,562,562,562,562,562,562,562,
goal:562,562,562,562,562,562,562,562,562,562,562,562,562,562,562,562,562,562,562,562,562,562,562,562,562,562,562,562,562,562,562,562,562,562,562,562,562,562,562,562,562,562,562,
size:26
[agent] id:29
path:99,67,68,69,101,133,165,197,229,261,293,294,326,358,390,422,454,486,518,550,582,614,614,614,614,614,614,614,614,614,614,614,614,614,614,614,614,614,614,614,614,614,614,
goal:614,614,614,614,614,614,614,614,614,614,614,614,614,614,614,614,614,614,614,614,614,614,614,614,614,614,614,614,614,614,614,614,614,614,614,614,614,614,614,614,614,614,614,
size:21
SolutionCost:681
