[setting] seed:31154
[solver] type:SASB-ECBS
[solver] w:2.000000
[solver] ID:0
[solver] Lowlevelnode:7413
[solver] Highlevelnode:21
[solver] ConflictCount:11
[solver] solved:1
[solver] elapsed:75
[solver] makespan:42
[problem] timesteplimit:15000
[problem] type:MAPF
[problem] agentnum:30
[graph] width:32
[graph] height:32
[graph] filename:./map/32by32_agents10_ex30.map
[task] id:7,start:0,end:0,service time:0,nodes:351,
[task] id:4,start:0,end:0,service time:0,nodes:880,
[task] id:9,start:0,end:0,service time:0,nodes:544,
[task] id:18,start:0,end:0,service time:0,nodes:599,
[task] id:22,start:0,end:0,service time:0,nodes:615,
[task] id:17,start:0,end:0,service time:0,nodes:403,
[task] id:6,start:0,end:0,service time:0,nodes:979,
[task] id:23,start:0,end:0,service time:0,nodes:849,
[task] id:8,start:0,end:0,service time:0,nodes:589,
[task] id:11,start:0,end:0,service time:0,nodes:328,
[task] id:1,start:0,end:0,service time:0,nodes:516,
[task] id:24,start:0,end:0,service time:0,nodes:61,
[task] id:10,start:0,end:0,service time:0,nodes:846,
[task] id:5,start:0,end:0,service time:0,nodes:590,
[task] id:13,start:0,end:0,service time:0,nodes:649,
[task] id:12,start:0,end:0,service time:0,nodes:1015,
[task] id:16,start:0,end:0,service time:0,nodes:622,
[task] id:0,start:0,end:0,service time:0,nodes:122,
[task] id:28,start:0,end:0,service time:0,nodes:422,
[task] id:3,start:0,end:0,service time:0,nodes:927,
[task] id:19,start:0,end:0,service time:0,nodes:875,
[task] id:20,start:0,end:0,service time:0,nodes:774,
[task] id:26,start:0,end:0,service time:0,nodes:153,
[task] id:2,start:0,end:0,service time:0,nodes:92,
[task] id:27,start:0,end:0,service time:0,nodes:988,
[task] id:15,start:0,end:0,service time:0,nodes:413,
[task] id:29,start:0,end:0,service time:0,nodes:722,
[task] id:21,start:0,end:0,service time:0,nodes:602,
[task] id:14,start:0,end:0,service time:0,nodes:27,
[task] id:25,start:0,end:0,service time:0,nodes:480,
[agent] id:0
path:137,138,139,140,172,173,174,142,110,111,112,113,114,115,83,84,52,53,54,86,87,119,120,121,122,122,122,122,122,122,122,122,122,122,122,122,122,122,122,122,122,122,122,
goal:122,122,122,122,122,122,122,122,122,122,122,122,122,122,122,122,122,122,122,122,122,122,122,122,122,122,122,122,122,122,122,122,122,122,122,122,122,122,122,122,122,122,122,
size:24
[agent] id:1
path:750,718,686,654,622,590,558,557,556,555,554,522,521,520,519,518,517,516,516,516,516,516,516,516,516,516,516,516,516,516,516,516,516,516,516,516,516,516,516,516,516,516,516,
goal:516,516,516,516,516,516,516,516,516,516,516,516,516,516,516,516,516,516,516,516,516,516,516,516,516,516,516,516,516,516,516,516,516,516,516,516,516,516,516,516,516,516,516,
size:17
[agent] id:2
path:494,526,527,528,529,530,498,466,467,468,468,469,470,438,406,374,342,310,311,279,247,215,183,151,119,87,88,89,90,91,92,92,92,92,92,92,92,92,92,92,92,92,92,
goal:92,92,92,92,92,92,92,92,92,92,92,92,92,92,92,92,92,92,92,92,92,92,92,92,92,92,92,92,92,92,92,92,92,92,92,92,92,92,92,92,92,92,92,
size:30
[agent] id:3
path:408,409,441,473,472,504,536,537,569,570,602,634,635,667,699,700,701,733,765,797,798,830,831,863,895,927,927,927,927,927,927,927,927,927,927,927,927,927,927,927,927,927,927,
goal:927,927,927,927,927,927,927,927,927,927,927,927,927,927,927,927,927,927,927,927,927,927,927,927,927,927,927,927,927,927,927,927,927,927,927,927,927,927,927,927,927,927,927,
size:25
[agent] id:4
path:907,875,876,877,878,879,880,880,880,880,880,880,880,880,880,880,880,880,880,880,880,880,880,880,880,880,880,880,880,880,880,880,880,880,880,880,880,880,880,880,880,880,880,
goal:880,880,880,880,880,880,880,880,880,880,880,880,880,880,880,880,880,880,880,880,880,880,880,880,880,880,880,880,880,880,880,880,880,880,880,880,880,880,880,880,880,880,880,
size:6
[agent] id:5
path:736,737,705,673,641,609,610,611,612,613,614,615,616,617,618,619,620,621,622,590,590,590,590,590,590,590,590,590,590,590,590,590,590,590,590,590,590,590,590,590,590,590,590,
goal:590,590,590,590,590,590,590,590,590,590,590,590,590,590,590,590,590,590,590,590,590,590,590,590,590,590,590,590,590,590,590,590,590,590,590,590,590,590,590,590,590,590,590,
size:19
[agent] id:6
path:623,655,687,688,720,752,753,785,786,818,850,882,914,946,978,979,979,979,979,979,979,979,979,979,979,979,979,979,979,979,979,979,979,979,979,979,979,979,979,979,979,979,979,
goal:979,979,979,979,979,979,979,979,979,979,979,979,979,979,979,979,979,979,979,979,979,979,979,979,979,979,979,979,979,979,979,979,979,979,979,979,979,979,979,979,979,979,979,
size:15
[agent] id:7
path:383,351,351,351,351,351,351,351,351,351,351,351,351,351,351,351,351,351,351,351,351,351,351,351,351,351,351,351,351,351,351,351,351,351,351,351,351,351,351,351,351,351,351,
goal:351,351,351,351,351,351,351,351,351,351,351,351,351,351,351,351,351,351,351,351,351,351,351,351,351,351,351,351,351,351,351,351,351,351,351,351,351,351,351,351,351,351,351,
size:1
[agent] id:8
path:356,357,389,421,453,485,517,549,550,551,552,553,554,555,556,557,589,589,589,589,589,589,589,589,589,589,589,589,589,589,589,589,589,589,589,589,589,589,589,589,589,589,589,
goal:589,589,589,589,589,589,589,589,589,589,589,589,589,589,589,589,589,589,589,589,589,589,589,589,589,589,589,589,589,589,589,589,589,589,589,589,589,589,589,589,589,589,589,
size:16
[agent] id:9
path:454,486,518,517,516,515,514,513,545,544,544,544,544,544,544,544,544,544,544,544,544,544,544,544,544,544,544,544,544,544,544,544,544,544,544,544,544,544,544,544,544,544,544,
goal:544,544,544,544,544,544,544,544,544,544,544,544,544,544,544,544,544,544,544,544,544,544,544,544,544,544,544,544,544,544,544,544,544,544,544,544,544,544,544,544,544,544,544,
size:9
[agent] id:10
path:369,401,433,465,497,529,561,593,592,591,623,655,687,686,718,750,782,814,846,846,846,846,846,846,846,846,846,846,846,846,846,846,846,846,846,846,846,846,846,846,846,846,846,
goal:846,846,846,846,846,846,846,846,846,846,846,846,846,846,846,846,846,846,846,846,846,846,846,846,846,846,846,846,846,846,846,846,846,846,846,846,846,846,846,846,846,846,846,
size:18
[agent] id:11
path:334,302,301,300,268,236,235,234,233,201,200,199,231,263,264,296,328,328,328,328,328,328,328,328,328,328,328,328,328,328,328,328,328,328,328,328,328,328,328,328,328,328,328,
goal:328,328,328,328,328,328,328,328,328,328,328,328,328,328,328,328,328,328,328,328,328,328,328,328,328,328,328,328,328,328,328,328,328,328,328,328,328,328,328,328,328,328,328,
size:16
[agent] id:12
path:808,840,841,842,843,844,845,846,847,848,849,881,882,883,884,852,853,885,886,918,950,982,983,1015,1015,1015,1015,1015,1015,1015,1015,1015,1015,1015,1015,1015,1015,1015,1015,1015,1015,1015,1015,
goal:1015,1015,1015,1015,1015,1015,1015,1015,1015,1015,1015,1015,1015,1015,1015,1015,1015,1015,1015,1015,1015,1015,1015,1015,1015,1015,1015,1015,1015,1015,1015,1015,1015,1015,1015,1015,1015,1015,1015,1015,1015,1015,1015,
size:23
[agent] id:13
path:669,668,667,635,634,633,632,664,663,662,661,660,659,658,657,656,655,654,653,652,651,650,649,649,649,649,649,649,649,649,649,649,649,649,649,649,649,649,649,649,649,649,649,
goal:649,649,649,649,649,649,649,649,649,649,649,649,649,649,649,649,649,649,649,649,649,649,649,649,649,649,649,649,649,649,649,649,649,649,649,649,649,649,649,649,649,649,649,
size:22
[agent] id:14
path:922,921,920,888,887,855,823,824,792,760,728,696,664,632,631,630,598,566,534,535,503,504,472,473,441,409,377,345,313,281,280,248,216,184,152,120,88,56,24,25,26,27,27,
goal:27,27,27,27,27,27,27,27,27,27,27,27,27,27,27,27,27,27,27,27,27,27,27,27,27,27,27,27,27,27,27,27,27,27,27,27,27,27,27,27,27,27,27,
size:41
[agent] id:15
path:72,104,136,168,200,201,202,203,235,236,268,300,301,302,303,304,305,306,274,306,307,308,309,341,373,374,375,376,377,378,379,380,412,413,413,413,413,413,413,413,413,413,413,
goal:413,413,413,413,413,413,413,413,413,413,413,413,413,413,413,413,413,413,413,413,413,413,413,413,413,413,413,413,413,413,413,413,413,413,413,413,413,413,413,413,413,413,413,
size:33
[agent] id:16
path:412,380,379,378,410,442,474,473,472,504,536,535,567,566,565,564,563,562,594,593,592,591,623,622,622,622,622,622,622,622,622,622,622,622,622,622,622,622,622,622,622,622,622,
goal:622,622,622,622,622,622,622,622,622,622,622,622,622,622,622,622,622,622,622,622,622,622,622,622,622,622,622,622,622,622,622,622,622,622,622,622,622,622,622,622,622,622,622,
size:23
[agent] id:17
path:634,602,570,538,537,536,535,534,533,501,469,437,436,435,403,403,403,403,403,403,403,403,403,403,403,403,403,403,403,403,403,403,403,403,403,403,403,403,403,403,403,403,403,
goal:403,403,403,403,403,403,403,403,403,403,403,403,403,403,403,403,403,403,403,403,403,403,403,403,403,403,403,403,403,403,403,403,403,403,403,403,403,403,403,403,403,403,403,
size:14
[agent] id:18
path:497,529,561,562,563,564,596,597,598,599,599,599,599,599,599,599,599,599,599,599,599,599,599,599,599,599,599,599,599,599,599,599,599,599,599,599,599,599,599,599,599,599,599,
goal:599,599,599,599,599,599,599,599,599,599,599,599,599,599,599,599,599,599,599,599,599,599,599,599,599,599,599,599,599,599,599,599,599,599,599,599,599,599,599,599,599,599,599,
size:9
[agent] id:19
path:701,733,765,797,796,795,794,793,825,824,823,855,887,886,885,884,883,882,881,913,912,911,879,878,877,876,875,875,875,875,875,875,875,875,875,875,875,875,875,875,875,875,875,
goal:875,875,875,875,875,875,875,875,875,875,875,875,875,875,875,875,875,875,875,875,875,875,875,875,875,875,875,875,875,875,875,875,875,875,875,875,875,875,875,875,875,875,875,
size:26
[agent] id:20
path:207,239,271,303,302,301,300,332,364,396,428,460,459,458,490,522,554,553,552,584,616,648,680,712,744,776,775,774,774,774,774,774,774,774,774,774,774,774,774,774,774,774,774,
goal:774,774,774,774,774,774,774,774,774,774,774,774,774,774,774,774,774,774,774,774,774,774,774,774,774,774,774,774,774,774,774,774,774,774,774,774,774,774,774,774,774,774,774,
size:27
[agent] id:21
path:352,353,354,355,356,357,389,390,391,392,393,394,426,427,428,429,429,429,461,493,525,557,558,559,591,592,593,594,626,627,628,629,630,631,632,633,634,602,602,602,602,602,602,
goal:602,602,602,602,602,602,602,602,602,602,602,602,602,602,602,602,602,602,602,602,602,602,602,602,602,602,602,602,602,602,602,602,602,602,602,602,602,602,602,602,602,602,602,
size:37
[agent] id:22
path:261,293,294,326,358,390,422,454,486,518,550,582,614,615,615,615,615,615,615,615,615,615,615,615,615,615,615,615,615,615,615,615,615,615,615,615,615,615,615,615,615,615,615,
goal:615,615,615,615,615,615,615,615,615,615,615,615,615,615,615,615,615,615,615,615,615,615,615,615,615,615,615,615,615,615,615,615,615,615,615,615,615,615,615,615,615,615,615,
size:13
[agent] id:23
path:567,599,631,663,695,727,759,791,823,855,854,853,852,851,850,849,849,849,849,849,849,849,849,849,849,849,849,849,849,849,849,849,849,849,849,849,849,849,849,849,849,849,849,
goal:849,849,849,849,849,849,849,849,849,849,849,849,849,849,849,849,849,849,849,849,849,849,849,849,849,849,849,849,849,849,849,849,849,849,849,849,849,849,849,849,849,849,849,
size:15
[agent] id:24
path:242,210,211,212,213,181,182,150,151,119,87,88,89,90,91,92,60,61,61,61,61,61,61,61,61,61,61,61,61,61,61,61,61,61,61,61,61,61,61,61,61,61,61,
goal:61,61,61,61,61,61,61,61,61,61,61,61,61,61,61,61,61,61,61,61,61,61,61,61,61,61,61,61,61,61,61,61,61,61,61,61,61,61,61,61,61,61,61,
size:17
[agent] id:25
path:223,191,190,189,188,187,219,218,217,216,248,280,312,311,310,309,308,307,306,305,304,303,302,301,300,332,364,396,395,394,393,392,391,390,389,421,453,452,451,450,449,448,480,
goal:480,480,480,480,480,480,480,480,480,480,480,480,480,480,480,480,480,480,480,480,480,480,480,480,480,480,480,480,480,480,480,480,480,480,480,480,480,480,480,480,480,480,480,
size:42
[agent] id:26
path:196,197,165,166,167,168,169,201,202,203,204,205,206,207,239,240,241,209,210,211,212,213,181,182,150,151,152,153,153,153,153,153,153,153,153,153,153,153,153,153,153,153,153,
goal:153,153,153,153,153,153,153,153,153,153,153,153,153,153,153,153,153,153,153,153,153,153,153,153,153,153,153,153,153,153,153,153,153,153,153,153,153,153,153,153,153,153,153,
size:27
[agent] id:27
path:803,835,836,837,838,839,840,841,842,874,875,876,877,878,879,911,912,913,914,882,883,884,885,886,918,950,982,983,984,985,986,987,988,988,988,988,988,988,988,988,988,988,988,
goal:988,988,988,988,988,988,988,988,988,988,988,988,988,988,988,988,988,988,988,988,988,988,988,988,988,988,988,988,988,988,988,988,988,988,988,988,988,988,988,988,988,988,988,
size:32
[agent] id:28
path:632,600,599,567,566,565,564,563,531,530,529,528,527,526,494,493,461,460,459,458,457,456,424,423,422,422,422,422,422,422,422,422,422,422,422,422,422,422,422,422,422,422,422,
goal:422,422,422,422,422,422,422,422,422,422,422,422,422,422,422,422,422,422,422,422,422,422,422,422,422,422,422,422,422,422,422,422,422,422,422,422,422,422,422,422,422,422,422,
size:24
[agent] id:29
path:38,70,71,103,135,167,199,200,201,202,234,235,236,268,300,332,364,396,428,460,461,493,525,557,558,559,591,623,655,687,688,720,721,722,722,722,722,722,722,722,722,722,722,
goal:722,722,722,722,722,722,722,722,722,722,722,722,722,722,722,722,722,722,722,722,722,722,722,722,722,722,722,722,722,722,722,722,722,722,722,722,722,722,722,722,722,722,722,
size:33
SolutionCost:654
