[setting] seed:9151
[solver] type:SASB-ECBS
[solver] w:2.000000
[solver] ID:0
[solver] Lowlevelnode:7083
[solver] Highlevelnode:25
[solver] ConflictCount:13
[solver] solved:1
[solver] elapsed:51
[solver] makespan:37
[problem] timesteplimit:15000
[problem] type:MAPF
[problem] agentnum:30
[graph] width:32
[graph] height:32
[graph] filename:./map/32by32_agents10_ex30.map
[task] id:23,start:0,end:0,service time:0,nodes:623,
[task] id:1,start:0,end:0,service time:0,nodes:920,
[task] id:18,start:0,end:0,service time:0,nodes:42,
[task] id:9,start:0,end:0,service time:0,nodes:535,
[task] id:19,start:0,end:0,service time:0,nodes:487,
[task] id:14,start:0,end:0,service time:0,nodes:629,
[task] id:21,start:0,end:0,service time:0,nodes:446,
[task] id:3,start:0,end:0,service time:0,nodes:161,
[task] id:12,start:0,end:0,service time:0,nodes:725,
[task] id:2,start:0,end:0,service time:0,nodes:690,
[task] id:22,start:0,end:0,service time:0,nodes:263,
[task] id:0,start:0,end:0,service time:0,nodes:726,
[task] id:13,start:0,end:0,service time:0,nodes:54,
[task] id:8,start:0,end:0,service time:0,nodes:591,
[task] id:10,start:0,end:0,service time:0,nodes:168,
[task] id:27,start:0,end:0,service time:0,nodes:206,
[task] id:7,start:0,end:0,service time:0,nodes:600,
[task] id:15,start:0,end:0,service time:0,nodes:577,
[task] id:29,start:0,end:0,service time:0,nodes:955,
[task] id:16,start:0,end:0,service time:0,nodes:630,
[task] id:4,start:0,end:0,service time:0,nodes:1009,
[task] id:24,start:0,end:0,service time:0,nodes:186,
[task] id:11,start:0,end:0,service time:0,nodes:668,
[task] id:6,start:0,end:0,service time:0,nodes:534,
[task] id:20,start:0,end:0,service time:0,nodes:894,
[task] id:25,start:0,end:0,service time:0,nodes:146,
[task] id:28,start:0,end:0,service time:0,nodes:230,
[task] id:26,start:0,end:0,service time:0,nodes:709,
[task] id:17,start:0,end:0,service time:0,nodes:636,
[task] id:5,start:0,end:0,service time:0,nodes:887,
[agent] id:0
path:312,344,376,408,407,439,438,470,469,501,533,565,597,598,630,662,663,695,727,726,726,726,726,726,726,726,726,726,726,726,726,726,726,726,726,726,726,726,
goal:726,726,726,726,726,726,726,726,726,726,726,726,726,726,726,726,726,726,726,726,726,726,726,726,726,726,726,726,726,726,726,726,726,726,726,726,726,726,
size:19
[agent] id:1
path:986,985,953,921,920,920,920,920,920,920,920,920,920,920,920,920,920,920,920,920,920,920,920,920,920,920,920,920,920,920,920,920,920,920,920,920,920,920,
goal:920,920,920,920,920,920,920,920,920,920,920,920,920,920,920,920,920,920,920,920,920,920,920,920,920,920,920,920,920,920,920,920,920,920,920,920,920,920,
size:4
[agent] id:2
path:574,606,605,604,603,602,634,633,632,664,663,662,661,693,692,691,690,690,690,690,690,690,690,690,690,690,690,690,690,690,690,690,690,690,690,690,690,690,
goal:690,690,690,690,690,690,690,690,690,690,690,690,690,690,690,690,690,690,690,690,690,690,690,690,690,690,690,690,690,690,690,690,690,690,690,690,690,690,
size:16
[agent] id:3
path:486,454,422,390,358,326,294,262,261,260,259,258,257,225,193,161,161,161,161,161,161,161,161,161,161,161,161,161,161,161,161,161,161,161,161,161,161,161,
goal:161,161,161,161,161,161,161,161,161,161,161,161,161,161,161,161,161,161,161,161,161,161,161,161,161,161,161,161,161,161,161,161,161,161,161,161,161,161,
size:15
[agent] id:4
path:705,737,738,770,802,803,835,867,899,900,901,933,934,935,936,937,938,939,940,941,942,943,944,945,946,978,1010,1009,1009,1009,1009,1009,1009,1009,1009,1009,1009,1009,
goal:1009,1009,1009,1009,1009,1009,1009,1009,1009,1009,1009,1009,1009,1009,1009,1009,1009,1009,1009,1009,1009,1009,1009,1009,1009,1009,1009,1009,1009,1009,1009,1009,1009,1009,1009,1009,1009,1009,
size:27
[agent] id:5
path:75,107,139,171,203,235,236,268,300,332,364,396,428,460,461,493,525,557,589,621,653,685,717,749,781,782,814,846,878,879,880,881,882,883,884,885,886,887,
goal:887,887,887,887,887,887,887,887,887,887,887,887,887,887,887,887,887,887,887,887,887,887,887,887,887,887,887,887,887,887,887,887,887,887,887,887,887,887,
size:37
[agent] id:6
path:70,71,103,135,167,199,200,201,233,234,235,236,268,300,301,302,334,366,367,399,431,463,464,465,497,498,499,500,501,533,534,534,534,534,534,534,534,534,
goal:534,534,534,534,534,534,534,534,534,534,534,534,534,534,534,534,534,534,534,534,534,534,534,534,534,534,534,534,534,534,534,534,534,534,534,534,534,534,
size:30
[agent] id:7
path:48,80,112,144,176,177,209,241,273,305,337,369,401,433,465,497,529,561,562,563,564,596,597,598,599,600,600,600,600,600,600,600,600,600,600,600,600,600,
goal:600,600,600,600,600,600,600,600,600,600,600,600,600,600,600,600,600,600,600,600,600,600,600,600,600,600,600,600,600,600,600,600,600,600,600,600,600,600,
size:25
[agent] id:8
path:168,169,201,233,234,234,235,236,268,300,332,364,396,428,460,461,493,525,557,589,590,591,591,591,591,591,591,591,591,591,591,591,591,591,591,591,591,591,
goal:591,591,591,591,591,591,591,591,591,591,591,591,591,591,591,591,591,591,591,591,591,591,591,591,591,591,591,591,591,591,591,591,591,591,591,591,591,591,
size:21
[agent] id:9
path:344,376,408,409,441,473,472,504,536,535,535,535,535,535,535,535,535,535,535,535,535,535,535,535,535,535,535,535,535,535,535,535,535,535,535,535,535,535,
goal:535,535,535,535,535,535,535,535,535,535,535,535,535,535,535,535,535,535,535,535,535,535,535,535,535,535,535,535,535,535,535,535,535,535,535,535,535,535,
size:9
[agent] id:10
path:619,618,617,616,584,552,520,519,487,486,454,422,390,358,326,294,262,230,231,199,167,168,168,168,168,168,168,168,168,168,168,168,168,168,168,168,168,168,
goal:168,168,168,168,168,168,168,168,168,168,168,168,168,168,168,168,168,168,168,168,168,168,168,168,168,168,168,168,168,168,168,168,168,168,168,168,168,168,
size:21
[agent] id:11
path:268,300,332,364,396,428,460,461,493,525,557,558,559,560,561,562,563,564,596,597,598,630,631,632,633,634,635,667,668,668,668,668,668,668,668,668,668,668,
goal:668,668,668,668,668,668,668,668,668,668,668,668,668,668,668,668,668,668,668,668,668,668,668,668,668,668,668,668,668,668,668,668,668,668,668,668,668,668,
size:28
[agent] id:12
path:875,843,844,845,846,847,848,849,850,818,786,754,722,723,724,725,725,725,725,725,725,725,725,725,725,725,725,725,725,725,725,725,725,725,725,725,725,725,
goal:725,725,725,725,725,725,725,725,725,725,725,725,725,725,725,725,725,725,725,725,725,725,725,725,725,725,725,725,725,725,725,725,725,725,725,725,725,725,
size:15
[agent] id:13
path:535,534,533,501,469,437,405,373,341,309,277,245,213,181,182,150,151,119,87,55,54,54,54,54,54,54,54,54,54,54,54,54,54,54,54,54,54,54,
goal:54,54,54,54,54,54,54,54,54,54,54,54,54,54,54,54,54,54,54,54,54,54,54,54,54,54,54,54,54,54,54,54,54,54,54,54,54,54,
size:20
[agent] id:14
path:881,849,850,818,786,754,722,690,658,626,627,628,629,629,629,629,629,629,629,629,629,629,629,629,629,629,629,629,629,629,629,629,629,629,629,629,629,629,
goal:629,629,629,629,629,629,629,629,629,629,629,629,629,629,629,629,629,629,629,629,629,629,629,629,629,629,629,629,629,629,629,629,629,629,629,629,629,629,
size:12
[agent] id:15
path:726,725,693,661,660,659,658,657,656,655,654,622,621,620,619,618,617,616,615,614,613,612,611,579,578,577,577,577,577,577,577,577,577,577,577,577,577,577,
goal:577,577,577,577,577,577,577,577,577,577,577,577,577,577,577,577,577,577,577,577,577,577,577,577,577,577,577,577,577,577,577,577,577,577,577,577,577,577,
size:25
[agent] id:16
path:835,803,771,739,707,708,676,644,645,646,647,648,649,650,651,652,653,654,655,656,657,658,659,660,661,662,630,630,630,630,630,630,630,630,630,630,630,630,
goal:630,630,630,630,630,630,630,630,630,630,630,630,630,630,630,630,630,630,630,630,630,630,630,630,630,630,630,630,630,630,630,630,630,630,630,630,630,630,
size:26
[agent] id:17
path:354,355,356,357,389,421,453,485,517,549,550,551,552,553,554,555,556,524,525,526,527,528,560,561,562,563,564,596,597,598,599,631,632,633,634,635,636,636,
goal:636,636,636,636,636,636,636,636,636,636,636,636,636,636,636,636,636,636,636,636,636,636,636,636,636,636,636,636,636,636,636,636,636,636,636,636,636,636,
size:36
[agent] id:18
path:200,168,136,104,72,40,41,42,42,42,42,42,42,42,42,42,42,42,42,42,42,42,42,42,42,42,42,42,42,42,42,42,42,42,42,42,42,42,
goal:42,42,42,42,42,42,42,42,42,42,42,42,42,42,42,42,42,42,42,42,42,42,42,42,42,42,42,42,42,42,42,42,42,42,42,42,42,42,
size:7
[agent] id:19
path:526,525,524,556,555,554,522,521,520,519,487,487,487,487,487,487,487,487,487,487,487,487,487,487,487,487,487,487,487,487,487,487,487,487,487,487,487,487,
goal:487,487,487,487,487,487,487,487,487,487,487,487,487,487,487,487,487,487,487,487,487,487,487,487,487,487,487,487,487,487,487,487,487,487,487,487,487,487,
size:10
[agent] id:20
path:833,801,802,803,835,836,837,838,839,840,841,842,843,844,845,846,847,848,849,850,851,852,853,854,855,823,824,825,857,858,859,860,892,893,894,894,894,894,
goal:894,894,894,894,894,894,894,894,894,894,894,894,894,894,894,894,894,894,894,894,894,894,894,894,894,894,894,894,894,894,894,894,894,894,894,894,894,894,
size:34
[agent] id:21
path:762,730,698,699,667,635,603,571,539,507,508,476,477,478,446,446,446,446,446,446,446,446,446,446,446,446,446,446,446,446,446,446,446,446,446,446,446,446,
goal:446,446,446,446,446,446,446,446,446,446,446,446,446,446,446,446,446,446,446,446,446,446,446,446,446,446,446,446,446,446,446,446,446,446,446,446,446,446,
size:14
[agent] id:22
path:708,676,644,612,613,614,582,550,518,518,486,454,422,390,358,326,294,262,263,263,263,263,263,263,263,263,263,263,263,263,263,263,263,263,263,263,263,263,
goal:263,263,263,263,263,263,263,263,263,263,263,263,263,263,263,263,263,263,263,263,263,263,263,263,263,263,263,263,263,263,263,263,263,263,263,263,263,263,
size:18
[agent] id:23
path:558,590,622,623,623,623,623,623,623,623,623,623,623,623,623,623,623,623,623,623,623,623,623,623,623,623,623,623,623,623,623,623,623,623,623,623,623,623,
goal:623,623,623,623,623,623,623,623,623,623,623,623,623,623,623,623,623,623,623,623,623,623,623,623,623,623,623,623,623,623,623,623,623,623,623,623,623,623,
size:3
[agent] id:24
path:555,556,557,525,526,527,528,529,497,465,433,434,435,436,437,405,373,341,309,277,245,213,181,182,183,184,185,186,186,186,186,186,186,186,186,186,186,186,
goal:186,186,186,186,186,186,186,186,186,186,186,186,186,186,186,186,186,186,186,186,186,186,186,186,186,186,186,186,186,186,186,186,186,186,186,186,186,186,
size:27
[agent] id:25
path:924,892,860,859,858,857,825,793,792,760,728,696,664,632,600,599,567,566,534,533,501,469,437,405,373,341,309,277,245,213,212,211,210,178,146,146,146,146,
goal:146,146,146,146,146,146,146,146,146,146,146,146,146,146,146,146,146,146,146,146,146,146,146,146,146,146,146,146,146,146,146,146,146,146,146,146,146,146,
size:34
[agent] id:26
path:347,379,378,410,409,408,407,439,438,470,469,501,500,499,531,530,530,529,528,560,559,558,590,622,654,686,718,717,716,715,714,713,712,711,710,709,709,709,
goal:709,709,709,709,709,709,709,709,709,709,709,709,709,709,709,709,709,709,709,709,709,709,709,709,709,709,709,709,709,709,709,709,709,709,709,709,709,709,
size:35
[agent] id:27
path:631,599,567,535,534,533,501,469,437,405,373,341,309,308,307,306,274,242,241,240,239,207,206,206,206,206,206,206,206,206,206,206,206,206,206,206,206,206,
goal:206,206,206,206,206,206,206,206,206,206,206,206,206,206,206,206,206,206,206,206,206,206,206,206,206,206,206,206,206,206,206,206,206,206,206,206,206,206,
size:22
[agent] id:28
path:915,883,851,819,818,786,754,722,690,658,626,594,562,530,529,528,527,526,494,493,461,429,397,396,395,394,393,392,391,359,358,326,294,262,230,230,230,230,
goal:230,230,230,230,230,230,230,230,230,230,230,230,230,230,230,230,230,230,230,230,230,230,230,230,230,230,230,230,230,230,230,230,230,230,230,230,230,230,
size:34
[agent] id:29
path:872,840,841,842,874,875,876,877,878,879,880,881,882,883,884,885,886,918,950,982,983,984,985,986,987,955,955,955,955,955,955,955,955,955,955,955,955,955,
goal:955,955,955,955,955,955,955,955,955,955,955,955,955,955,955,955,955,955,955,955,955,955,955,955,955,955,955,955,955,955,955,955,955,955,955,955,955,955,
size:25
SolutionCost:649
