[setting] seed:6491
[solver] type:SASB-ECBS
[solver] w:2.000000
[solver] ID:0
[solver] Lowlevelnode:9165
[solver] Highlevelnode:23
[solver] ConflictCount:12
[solver] solved:1
[solver] elapsed:62
[solver] makespan:46
[problem] timesteplimit:15000
[problem] type:MAPF
[problem] agentnum:30
[graph] width:32
[graph] height:32
[graph] filename:./map/32by32_agents10_ex30.map
[task] id:15,start:0,end:0,service time:0,nodes:709,
[task] id:11,start:0,end:0,service time:0,nodes:909,
[task] id:25,start:0,end:0,service time:0,nodes:689,
[task] id:28,start:0,end:0,service time:0,nodes:336,
[task] id:19,start:0,end:0,service time:0,nodes:972,
[task] id:4,start:0,end:0,service time:0,nodes:680,
[task] id:1,start:0,end:0,service time:0,nodes:524,
[task] id:16,start:0,end:0,service time:0,nodes:490,
[task] id:17,start:0,end:0,service time:0,nodes:158,
[task] id:29,start:0,end:0,service time:0,nodes:651,
[task] id:7,start:0,end:0,service time:0,nodes:659,
[task] id:20,start:0,end:0,service time:0,nodes:794,
[task] id:3,start:0,end:0,service time:0,nodes:380,
[task] id:9,start:0,end:0,service time:0,nodes:741,
[task] id:13,start:0,end:0,service time:0,nodes:629,
[task] id:6,start:0,end:0,service time:0,nodes:407,
[task] id:23,start:0,end:0,service time:0,nodes:949,
[task] id:12,start:0,end:0,service time:0,nodes:766,
[task] id:14,start:0,end:0,service time:0,nodes:750,
[task] id:8,start:0,end:0,service time:0,nodes:959,
[task] id:10,start:0,end:0,service time:0,nodes:64,
[task] id:21,start:0,end:0,service time:0,nodes:155,
[task] id:24,start:0,end:0,service time:0,nodes:257,
[task] id:5,start:0,end:0,service time:0,nodes:176,
[task] id:18,start:0,end:0,service time:0,nodes:965,
[task] id:26,start:0,end:0,service time:0,nodes:451,
[task] id:2,start:0,end:0,service time:0,nodes:11,
[task] id:22,start:0,end:0,service time:0,nodes:1021,
[task] id:0,start:0,end:0,service time:0,nodes:920,
[task] id:27,start:0,end:0,service time:0,nodes:320,
[agent] id:0
path:132,133,165,197,229,261,293,294,326,358,390,422,454,486,518,550,582,614,646,678,710,742,774,806,838,839,840,841,842,874,875,876,877,878,879,880,881,882,883,884,885,886,918,919,920,920,920,
goal:920,920,920,920,920,920,920,920,920,920,920,920,920,920,920,920,920,920,920,920,920,920,920,920,920,920,920,920,920,920,920,920,920,920,920,920,920,920,920,920,920,920,920,920,920,920,920,
size:44
[agent] id:1
path:378,410,409,408,407,439,438,470,469,501,500,499,531,530,529,528,527,526,525,524,524,524,524,524,524,524,524,524,524,524,524,524,524,524,524,524,524,524,524,524,524,524,524,524,524,524,524,
goal:524,524,524,524,524,524,524,524,524,524,524,524,524,524,524,524,524,524,524,524,524,524,524,524,524,524,524,524,524,524,524,524,524,524,524,524,524,524,524,524,524,524,524,524,524,524,524,
size:19
[agent] id:2
path:797,765,733,701,669,637,636,635,634,633,632,600,599,567,566,534,533,501,469,437,405,373,341,309,308,307,306,274,242,210,178,146,114,82,81,80,79,78,77,45,13,12,11,11,11,11,11,
goal:11,11,11,11,11,11,11,11,11,11,11,11,11,11,11,11,11,11,11,11,11,11,11,11,11,11,11,11,11,11,11,11,11,11,11,11,11,11,11,11,11,11,11,11,11,11,11,
size:42
[agent] id:3
path:799,798,766,734,702,670,669,637,605,604,603,571,539,507,508,476,477,476,477,478,446,414,413,381,380,380,380,380,380,380,380,380,380,380,380,380,380,380,380,380,380,380,380,380,380,380,380,
goal:380,380,380,380,380,380,380,380,380,380,380,380,380,380,380,380,380,380,380,380,380,380,380,380,380,380,380,380,380,380,380,380,380,380,380,380,380,380,380,380,380,380,380,380,380,380,380,
size:24
[agent] id:4
path:630,662,661,660,659,658,657,656,655,654,653,652,651,683,682,681,680,680,680,680,680,680,680,680,680,680,680,680,680,680,680,680,680,680,680,680,680,680,680,680,680,680,680,680,680,680,680,
goal:680,680,680,680,680,680,680,680,680,680,680,680,680,680,680,680,680,680,680,680,680,680,680,680,680,680,680,680,680,680,680,680,680,680,680,680,680,680,680,680,680,680,680,680,680,680,680,
size:16
[agent] id:5
path:931,899,867,835,803,804,805,773,741,742,710,678,646,614,582,583,551,552,553,554,555,556,557,558,559,560,528,529,497,465,433,401,369,337,305,273,241,209,177,176,176,176,176,176,176,176,176,
goal:176,176,176,176,176,176,176,176,176,176,176,176,176,176,176,176,176,176,176,176,176,176,176,176,176,176,176,176,176,176,176,176,176,176,176,176,176,176,176,176,176,176,176,176,176,176,176,
size:39
[agent] id:6
path:874,842,810,778,779,747,715,683,651,619,620,621,589,590,558,559,560,528,529,497,465,433,434,435,436,437,405,406,407,407,407,407,407,407,407,407,407,407,407,407,407,407,407,407,407,407,407,
goal:407,407,407,407,407,407,407,407,407,407,407,407,407,407,407,407,407,407,407,407,407,407,407,407,407,407,407,407,407,407,407,407,407,407,407,407,407,407,407,407,407,407,407,407,407,407,407,
size:28
[agent] id:7
path:50,82,114,146,178,210,242,274,306,305,337,369,401,433,465,497,529,561,593,594,626,658,659,659,659,659,659,659,659,659,659,659,659,659,659,659,659,659,659,659,659,659,659,659,659,659,659,
goal:659,659,659,659,659,659,659,659,659,659,659,659,659,659,659,659,659,659,659,659,659,659,659,659,659,659,659,659,659,659,659,659,659,659,659,659,659,659,659,659,659,659,659,659,659,659,659,
size:22
[agent] id:8
path:678,710,742,774,806,838,839,840,841,842,874,875,876,877,878,879,880,881,882,883,884,885,886,918,919,920,952,953,985,986,987,955,956,957,958,959,959,959,959,959,959,959,959,959,959,959,959,
goal:959,959,959,959,959,959,959,959,959,959,959,959,959,959,959,959,959,959,959,959,959,959,959,959,959,959,959,959,959,959,959,959,959,959,959,959,959,959,959,959,959,959,959,959,959,959,959,
size:35
[agent] id:9
path:105,137,169,201,200,199,231,263,262,294,326,358,390,422,454,486,518,550,582,614,646,678,710,742,741,741,741,741,741,741,741,741,741,741,741,741,741,741,741,741,741,741,741,741,741,741,741,
goal:741,741,741,741,741,741,741,741,741,741,741,741,741,741,741,741,741,741,741,741,741,741,741,741,741,741,741,741,741,741,741,741,741,741,741,741,741,741,741,741,741,741,741,741,741,741,741,
size:24
[agent] id:10
path:657,656,655,623,591,559,527,526,494,493,461,429,397,396,364,332,300,268,236,204,172,140,139,107,75,74,73,72,71,70,69,68,67,66,65,64,64,64,64,64,64,64,64,64,64,64,64,
goal:64,64,64,64,64,64,64,64,64,64,64,64,64,64,64,64,64,64,64,64,64,64,64,64,64,64,64,64,64,64,64,64,64,64,64,64,64,64,64,64,64,64,64,64,64,64,64,
size:35
[agent] id:11
path:901,902,934,935,936,937,938,906,907,908,909,909,909,909,909,909,909,909,909,909,909,909,909,909,909,909,909,909,909,909,909,909,909,909,909,909,909,909,909,909,909,909,909,909,909,909,909,
goal:909,909,909,909,909,909,909,909,909,909,909,909,909,909,909,909,909,909,909,909,909,909,909,909,909,909,909,909,909,909,909,909,909,909,909,909,909,909,909,909,909,909,909,909,909,909,909,
size:10
[agent] id:12
path:63,95,127,159,191,223,255,287,286,318,317,349,381,413,414,446,478,477,509,508,540,539,571,603,635,667,699,700,701,733,765,766,766,766,766,766,766,766,766,766,766,766,766,766,766,766,766,
goal:766,766,766,766,766,766,766,766,766,766,766,766,766,766,766,766,766,766,766,766,766,766,766,766,766,766,766,766,766,766,766,766,766,766,766,766,766,766,766,766,766,766,766,766,766,766,766,
size:31
[agent] id:13
path:737,705,706,707,708,709,710,711,712,713,714,715,716,717,685,686,687,688,656,657,658,659,627,628,629,629,629,629,629,629,629,629,629,629,629,629,629,629,629,629,629,629,629,629,629,629,629,
goal:629,629,629,629,629,629,629,629,629,629,629,629,629,629,629,629,629,629,629,629,629,629,629,629,629,629,629,629,629,629,629,629,629,629,629,629,629,629,629,629,629,629,629,629,629,629,629,
size:24
[agent] id:14
path:286,318,317,349,381,380,379,378,410,409,408,407,439,438,470,469,501,500,499,531,530,562,594,626,658,657,656,688,687,686,718,750,750,750,750,750,750,750,750,750,750,750,750,750,750,750,750,
goal:750,750,750,750,750,750,750,750,750,750,750,750,750,750,750,750,750,750,750,750,750,750,750,750,750,750,750,750,750,750,750,750,750,750,750,750,750,750,750,750,750,750,750,750,750,750,750,
size:31
[agent] id:15
path:514,515,547,579,611,643,644,676,708,709,709,709,709,709,709,709,709,709,709,709,709,709,709,709,709,709,709,709,709,709,709,709,709,709,709,709,709,709,709,709,709,709,709,709,709,709,709,
goal:709,709,709,709,709,709,709,709,709,709,709,709,709,709,709,709,709,709,709,709,709,709,709,709,709,709,709,709,709,709,709,709,709,709,709,709,709,709,709,709,709,709,709,709,709,709,709,
size:9
[agent] id:16
path:965,933,901,869,837,805,773,741,709,677,645,613,614,582,550,551,519,520,521,489,490,490,490,490,490,490,490,490,490,490,490,490,490,490,490,490,490,490,490,490,490,490,490,490,490,490,490,
goal:490,490,490,490,490,490,490,490,490,490,490,490,490,490,490,490,490,490,490,490,490,490,490,490,490,490,490,490,490,490,490,490,490,490,490,490,490,490,490,490,490,490,490,490,490,490,490,
size:20
[agent] id:17
path:206,207,239,240,241,209,210,211,212,213,181,182,183,184,185,186,187,188,189,190,158,158,158,158,158,158,158,158,158,158,158,158,158,158,158,158,158,158,158,158,158,158,158,158,158,158,158,
goal:158,158,158,158,158,158,158,158,158,158,158,158,158,158,158,158,158,158,158,158,158,158,158,158,158,158,158,158,158,158,158,158,158,158,158,158,158,158,158,158,158,158,158,158,158,158,158,
size:20
[agent] id:18
path:82,114,146,178,210,242,274,306,305,337,369,401,433,465,497,529,561,593,592,591,623,655,687,686,718,750,782,814,846,845,844,843,875,907,939,938,937,936,935,967,966,965,965,965,965,965,965,
goal:965,965,965,965,965,965,965,965,965,965,965,965,965,965,965,965,965,965,965,965,965,965,965,965,965,965,965,965,965,965,965,965,965,965,965,965,965,965,965,965,965,965,965,965,965,965,965,
size:41
[agent] id:19
path:888,887,886,885,884,883,915,914,946,945,944,943,942,974,973,972,972,972,972,972,972,972,972,972,972,972,972,972,972,972,972,972,972,972,972,972,972,972,972,972,972,972,972,972,972,972,972,
goal:972,972,972,972,972,972,972,972,972,972,972,972,972,972,972,972,972,972,972,972,972,972,972,972,972,972,972,972,972,972,972,972,972,972,972,972,972,972,972,972,972,972,972,972,972,972,972,
size:15
[agent] id:20
path:461,493,525,557,589,621,653,685,686,687,688,720,721,722,723,724,725,757,758,759,791,792,793,794,794,794,794,794,794,794,794,794,794,794,794,794,794,794,794,794,794,794,794,794,794,794,794,
goal:794,794,794,794,794,794,794,794,794,794,794,794,794,794,794,794,794,794,794,794,794,794,794,794,794,794,794,794,794,794,794,794,794,794,794,794,794,794,794,794,794,794,794,794,794,794,794,
size:23
[agent] id:21
path:549,517,485,453,421,389,390,391,392,393,394,395,396,364,332,300,268,269,270,271,239,240,241,209,210,211,212,213,181,182,183,184,185,186,187,155,155,155,155,155,155,155,155,155,155,155,155,
goal:155,155,155,155,155,155,155,155,155,155,155,155,155,155,155,155,155,155,155,155,155,155,155,155,155,155,155,155,155,155,155,155,155,155,155,155,155,155,155,155,155,155,155,155,155,155,155,
size:35
[agent] id:22
path:359,391,423,424,456,457,489,521,553,554,555,556,557,589,621,653,685,717,749,781,782,814,846,878,879,880,881,882,883,884,885,886,918,950,982,983,984,985,986,987,1019,1020,1021,1021,1021,1021,1021,
goal:1021,1021,1021,1021,1021,1021,1021,1021,1021,1021,1021,1021,1021,1021,1021,1021,1021,1021,1021,1021,1021,1021,1021,1021,1021,1021,1021,1021,1021,1021,1021,1021,1021,1021,1021,1021,1021,1021,1021,1021,1021,1021,1021,1021,1021,1021,1021,
size:42
[agent] id:23
path:285,317,349,381,380,379,378,410,442,474,473,472,504,536,535,567,599,631,663,695,727,759,791,823,855,887,919,918,950,949,949,949,949,949,949,949,949,949,949,949,949,949,949,949,949,949,949,
goal:949,949,949,949,949,949,949,949,949,949,949,949,949,949,949,949,949,949,949,949,949,949,949,949,949,949,949,949,949,949,949,949,949,949,949,949,949,949,949,949,949,949,949,949,949,949,949,
size:29
[agent] id:24
path:884,852,851,819,818,786,754,722,690,689,657,656,655,623,622,621,620,619,618,617,616,584,552,520,519,487,486,454,422,390,358,326,294,262,261,260,259,258,257,257,257,257,257,257,257,257,257,
goal:257,257,257,257,257,257,257,257,257,257,257,257,257,257,257,257,257,257,257,257,257,257,257,257,257,257,257,257,257,257,257,257,257,257,257,257,257,257,257,257,257,257,257,257,257,257,257,
size:38
[agent] id:25
path:436,468,500,499,531,563,562,594,626,658,690,689,689,689,689,689,689,689,689,689,689,689,689,689,689,689,689,689,689,689,689,689,689,689,689,689,689,689,689,689,689,689,689,689,689,689,689,
goal:689,689,689,689,689,689,689,689,689,689,689,689,689,689,689,689,689,689,689,689,689,689,689,689,689,689,689,689,689,689,689,689,689,689,689,689,689,689,689,689,689,689,689,689,689,689,689,
size:11
[agent] id:26
path:30,62,94,126,158,190,189,188,187,219,218,217,216,248,280,312,311,310,309,308,307,306,305,304,303,302,301,300,332,364,396,395,394,393,392,424,423,422,454,453,452,451,451,451,451,451,451,
goal:451,451,451,451,451,451,451,451,451,451,451,451,451,451,451,451,451,451,451,451,451,451,451,451,451,451,451,451,451,451,451,451,451,451,451,451,451,451,451,451,451,451,451,451,451,451,451,
size:41
[agent] id:27
path:1017,985,953,921,920,888,887,855,823,791,759,727,695,663,631,599,598,566,565,564,563,531,530,529,528,527,526,494,493,461,429,397,396,395,394,393,392,391,359,358,357,356,355,354,353,352,320,
goal:320,320,320,320,320,320,320,320,320,320,320,320,320,320,320,320,320,320,320,320,320,320,320,320,320,320,320,320,320,320,320,320,320,320,320,320,320,320,320,320,320,320,320,320,320,320,320,
size:46
[agent] id:28
path:597,565,533,501,469,437,436,435,403,402,401,400,368,336,336,336,336,336,336,336,336,336,336,336,336,336,336,336,336,336,336,336,336,336,336,336,336,336,336,336,336,336,336,336,336,336,336,
goal:336,336,336,336,336,336,336,336,336,336,336,336,336,336,336,336,336,336,336,336,336,336,336,336,336,336,336,336,336,336,336,336,336,336,336,336,336,336,336,336,336,336,336,336,336,336,336,
size:13
[agent] id:29
path:982,950,918,886,854,853,852,851,819,818,786,754,722,690,658,657,656,655,654,653,652,651,651,651,651,651,651,651,651,651,651,651,651,651,651,651,651,651,651,651,651,651,651,651,651,651,651,
goal:651,651,651,651,651,651,651,651,651,651,651,651,651,651,651,651,651,651,651,651,651,651,651,651,651,651,651,651,651,651,651,651,651,651,651,651,651,651,651,651,651,651,651,651,651,651,651,
size:21
SolutionCost:828
