[setting] seed:958
[solver] type:SASB-ECBS
[solver] w:2.000000
[solver] ID:0
[solver] Lowlevelnode:7288
[solver] Highlevelnode:25
[solver] ConflictCount:13
[solver] solved:1
[solver] elapsed:43
[solver] makespan:45
[problem] timesteplimit:15000
[problem] type:MAPF
[problem] agentnum:30
[graph] width:32
[graph] height:32
[graph] filename:./map/32by32_agents10_ex30.map
[task] id:7,start:0,end:0,service time:0,nodes:204,
[task] id:23,start:0,end:0,service time:0,nodes:209,
[task] id:3,start:0,end:0,service time:0,nodes:80,
[task] id:5,start:0,end:0,service time:0,nodes:567,
[task] id:26,start:0,end:0,service time:0,nodes:476,
[task] id:18,start:0,end:0,service time:0,nodes:414,
[task] id:1,start:0,end:0,service time:0,nodes:374,
[task] id:6,start:0,end:0,service time:0,nodes:486,
[task] id:9,start:0,end:0,service time:0,nodes:562,
[task] id:22,start:0,end:0,service time:0,nodes:201,
[task] id:0,start:0,end:0,service time:0,nodes:276,
[task] id:25,start:0,end:0,service time:0,nodes:74,
[task] id:16,start:0,end:0,service time:0,nodes:713,
[task] id:17,start:0,end:0,service time:0,nodes:944,
[task] id:19,start:0,end:0,service time:0,nodes:690,
[task] id:4,start:0,end:0,service time:0,nodes:874,
[task] id:13,start:0,end:0,service time:0,nodes:50,
[task] id:20,start:0,end:0,service time:0,nodes:139,
[task] id:2,start:0,end:0,service time:0,nodes:634,
[task] id:10,start:0,end:0,service time:0,nodes:218,
[task] id:15,start:0,end:0,service time:0,nodes:959,
[task] id:28,start:0,end:0,service time:0,nodes:316,
[task] id:24,start:0,end:0,service time:0,nodes:645,
[task] id:8,start:0,end:0,service time:0,nodes:207,
[task] id:27,start:0,end:0,service time:0,nodes:768,
[task] id:12,start:0,end:0,service time:0,nodes:112,
[task] id:29,start:0,end:0,service time:0,nodes:911,
[task] id:11,start:0,end:0,service time:0,nodes:925,
[task] id:21,start:0,end:0,service time:0,nodes:191,
[task] id:14,start:0,end:0,service time:0,nodes:33,
[agent] id:0
path:664,632,600,599,567,535,534,534,533,501,469,437,405,373,341,309,277,276,276,276,276,276,276,276,276,276,276,276,276,276,276,276,276,276,276,276,276,276,276,276,276,276,276,276,276,276,
goal:276,276,276,276,276,276,276,276,276,276,276,276,276,276,276,276,276,276,276,276,276,276,276,276,276,276,276,276,276,276,276,276,276,276,276,276,276,276,276,276,276,276,276,276,276,276,
size:17
[agent] id:1
path:176,177,209,210,242,274,306,307,308,309,310,342,374,374,374,374,374,374,374,374,374,374,374,374,374,374,374,374,374,374,374,374,374,374,374,374,374,374,374,374,374,374,374,374,374,374,
goal:374,374,374,374,374,374,374,374,374,374,374,374,374,374,374,374,374,374,374,374,374,374,374,374,374,374,374,374,374,374,374,374,374,374,374,374,374,374,374,374,374,374,374,374,374,374,
size:12
[agent] id:2
path:389,421,453,485,517,549,550,551,552,553,554,555,556,557,589,590,591,592,593,594,626,627,628,629,630,631,632,633,634,634,634,634,634,634,634,634,634,634,634,634,634,634,634,634,634,634,
goal:634,634,634,634,634,634,634,634,634,634,634,634,634,634,634,634,634,634,634,634,634,634,634,634,634,634,634,634,634,634,634,634,634,634,634,634,634,634,634,634,634,634,634,634,634,634,
size:28
[agent] id:3
path:337,305,273,241,209,177,145,113,81,80,80,80,80,80,80,80,80,80,80,80,80,80,80,80,80,80,80,80,80,80,80,80,80,80,80,80,80,80,80,80,80,80,80,80,80,80,
goal:80,80,80,80,80,80,80,80,80,80,80,80,80,80,80,80,80,80,80,80,80,80,80,80,80,80,80,80,80,80,80,80,80,80,80,80,80,80,80,80,80,80,80,80,80,80,
size:9
[agent] id:4
path:668,700,699,731,730,762,794,793,825,824,823,855,887,886,885,884,883,882,881,880,879,878,877,876,875,874,874,874,874,874,874,874,874,874,874,874,874,874,874,874,874,874,874,874,874,874,
goal:874,874,874,874,874,874,874,874,874,874,874,874,874,874,874,874,874,874,874,874,874,874,874,874,874,874,874,874,874,874,874,874,874,874,874,874,874,874,874,874,874,874,874,874,874,874,
size:25
[agent] id:5
path:591,559,560,561,562,563,564,565,566,567,567,567,567,567,567,567,567,567,567,567,567,567,567,567,567,567,567,567,567,567,567,567,567,567,567,567,567,567,567,567,567,567,567,567,567,567,
goal:567,567,567,567,567,567,567,567,567,567,567,567,567,567,567,567,567,567,567,567,567,567,567,567,567,567,567,567,567,567,567,567,567,567,567,567,567,567,567,567,567,567,567,567,567,567,
size:9
[agent] id:6
path:653,621,589,557,556,555,554,522,521,520,519,487,486,486,486,486,486,486,486,486,486,486,486,486,486,486,486,486,486,486,486,486,486,486,486,486,486,486,486,486,486,486,486,486,486,486,
goal:486,486,486,486,486,486,486,486,486,486,486,486,486,486,486,486,486,486,486,486,486,486,486,486,486,486,486,486,486,486,486,486,486,486,486,486,486,486,486,486,486,486,486,486,486,486,
size:12
[agent] id:7
path:103,135,167,199,200,201,202,203,204,204,204,204,204,204,204,204,204,204,204,204,204,204,204,204,204,204,204,204,204,204,204,204,204,204,204,204,204,204,204,204,204,204,204,204,204,204,
goal:204,204,204,204,204,204,204,204,204,204,204,204,204,204,204,204,204,204,204,204,204,204,204,204,204,204,204,204,204,204,204,204,204,204,204,204,204,204,204,204,204,204,204,204,204,204,
size:8
[agent] id:8
path:930,898,866,867,835,803,771,739,707,708,676,644,612,613,614,582,550,518,519,520,521,489,457,458,426,394,395,396,364,332,300,268,269,270,271,239,207,207,207,207,207,207,207,207,207,207,
goal:207,207,207,207,207,207,207,207,207,207,207,207,207,207,207,207,207,207,207,207,207,207,207,207,207,207,207,207,207,207,207,207,207,207,207,207,207,207,207,207,207,207,207,207,207,207,
size:36
[agent] id:9
path:635,634,635,634,633,632,600,599,598,597,565,564,563,563,562,562,562,562,562,562,562,562,562,562,562,562,562,562,562,562,562,562,562,562,562,562,562,562,562,562,562,562,562,562,562,562,
goal:562,562,562,562,562,562,562,562,562,562,562,562,562,562,562,562,562,562,562,562,562,562,562,562,562,562,562,562,562,562,562,562,562,562,562,562,562,562,562,562,562,562,562,562,562,562,
size:14
[agent] id:10
path:881,849,850,818,786,754,722,690,658,626,594,562,530,498,466,434,435,436,437,405,373,341,309,277,245,213,214,215,216,217,218,218,218,218,218,218,218,218,218,218,218,218,218,218,218,218,
goal:218,218,218,218,218,218,218,218,218,218,218,218,218,218,218,218,218,218,218,218,218,218,218,218,218,218,218,218,218,218,218,218,218,218,218,218,218,218,218,218,218,218,218,218,218,218,
size:30
[agent] id:11
path:138,139,171,203,235,236,268,300,332,364,396,428,460,461,493,525,557,589,621,653,685,686,687,688,720,721,722,723,724,725,757,758,759,791,823,824,825,857,858,859,860,892,924,925,925,925,
goal:925,925,925,925,925,925,925,925,925,925,925,925,925,925,925,925,925,925,925,925,925,925,925,925,925,925,925,925,925,925,925,925,925,925,925,925,925,925,925,925,925,925,925,925,925,925,
size:43
[agent] id:12
path:938,906,874,842,810,778,779,747,715,683,651,619,620,621,622,623,623,591,559,527,528,529,497,465,433,401,369,337,305,273,241,242,210,178,146,114,113,112,112,112,112,112,112,112,112,112,
goal:112,112,112,112,112,112,112,112,112,112,112,112,112,112,112,112,112,112,112,112,112,112,112,112,112,112,112,112,112,112,112,112,112,112,112,112,112,112,112,112,112,112,112,112,112,112,
size:37
[agent] id:13
path:726,725,693,661,629,597,565,533,501,469,437,405,373,341,309,277,245,213,212,211,210,178,146,114,82,50,50,50,50,50,50,50,50,50,50,50,50,50,50,50,50,50,50,50,50,50,
goal:50,50,50,50,50,50,50,50,50,50,50,50,50,50,50,50,50,50,50,50,50,50,50,50,50,50,50,50,50,50,50,50,50,50,50,50,50,50,50,50,50,50,50,50,50,50,
size:25
[agent] id:14
path:915,883,851,819,818,786,754,722,690,658,626,594,562,561,560,559,558,557,556,555,554,522,490,489,457,456,424,392,391,359,358,326,294,262,230,229,197,165,133,101,69,68,67,66,65,33,
goal:33,33,33,33,33,33,33,33,33,33,33,33,33,33,33,33,33,33,33,33,33,33,33,33,33,33,33,33,33,33,33,33,33,33,33,33,33,33,33,33,33,33,33,33,33,33,
size:45
[agent] id:15
path:713,714,715,747,779,811,843,844,845,846,847,848,849,850,851,852,884,885,886,918,950,982,983,984,985,986,987,955,956,957,958,959,959,959,959,959,959,959,959,959,959,959,959,959,959,959,
goal:959,959,959,959,959,959,959,959,959,959,959,959,959,959,959,959,959,959,959,959,959,959,959,959,959,959,959,959,959,959,959,959,959,959,959,959,959,959,959,959,959,959,959,959,959,959,
size:31
[agent] id:16
path:203,235,236,268,300,332,364,396,428,460,459,458,490,522,554,553,552,584,616,648,680,712,713,713,713,713,713,713,713,713,713,713,713,713,713,713,713,713,713,713,713,713,713,713,713,713,
goal:713,713,713,713,713,713,713,713,713,713,713,713,713,713,713,713,713,713,713,713,713,713,713,713,713,713,713,713,713,713,713,713,713,713,713,713,713,713,713,713,713,713,713,713,713,713,
size:22
[agent] id:17
path:393,394,426,458,459,460,461,493,525,557,589,621,653,685,717,749,781,782,814,846,847,848,880,912,944,944,944,944,944,944,944,944,944,944,944,944,944,944,944,944,944,944,944,944,944,944,
goal:944,944,944,944,944,944,944,944,944,944,944,944,944,944,944,944,944,944,944,944,944,944,944,944,944,944,944,944,944,944,944,944,944,944,944,944,944,944,944,944,944,944,944,944,944,944,
size:24
[agent] id:18
path:634,602,570,538,539,507,508,476,477,478,446,414,414,414,414,414,414,414,414,414,414,414,414,414,414,414,414,414,414,414,414,414,414,414,414,414,414,414,414,414,414,414,414,414,414,414,
goal:414,414,414,414,414,414,414,414,414,414,414,414,414,414,414,414,414,414,414,414,414,414,414,414,414,414,414,414,414,414,414,414,414,414,414,414,414,414,414,414,414,414,414,414,414,414,
size:11
[agent] id:19
path:356,357,389,421,453,485,517,549,550,582,614,646,647,648,649,650,651,652,653,685,686,687,688,689,690,690,690,690,690,690,690,690,690,690,690,690,690,690,690,690,690,690,690,690,690,690,
goal:690,690,690,690,690,690,690,690,690,690,690,690,690,690,690,690,690,690,690,690,690,690,690,690,690,690,690,690,690,690,690,690,690,690,690,690,690,690,690,690,690,690,690,690,690,690,
size:24
[agent] id:20
path:503,535,534,533,501,469,437,405,373,341,309,308,307,306,274,242,241,240,239,207,206,174,173,172,140,139,139,139,139,139,139,139,139,139,139,139,139,139,139,139,139,139,139,139,139,139,
goal:139,139,139,139,139,139,139,139,139,139,139,139,139,139,139,139,139,139,139,139,139,139,139,139,139,139,139,139,139,139,139,139,139,139,139,139,139,139,139,139,139,139,139,139,139,139,
size:25
[agent] id:21
path:807,775,743,711,679,647,615,583,551,552,520,521,489,457,458,426,394,395,396,364,332,300,268,269,270,271,239,240,241,242,210,211,212,213,181,182,183,184,185,186,187,188,189,190,191,191,
goal:191,191,191,191,191,191,191,191,191,191,191,191,191,191,191,191,191,191,191,191,191,191,191,191,191,191,191,191,191,191,191,191,191,191,191,191,191,191,191,191,191,191,191,191,191,191,
size:44
[agent] id:22
path:521,489,457,456,424,392,391,359,358,326,294,262,230,231,199,200,201,201,201,201,201,201,201,201,201,201,201,201,201,201,201,201,201,201,201,201,201,201,201,201,201,201,201,201,201,201,
goal:201,201,201,201,201,201,201,201,201,201,201,201,201,201,201,201,201,201,201,201,201,201,201,201,201,201,201,201,201,201,201,201,201,201,201,201,201,201,201,201,201,201,201,201,201,201,
size:16
[agent] id:23
path:434,402,401,369,337,305,273,241,209,209,209,209,209,209,209,209,209,209,209,209,209,209,209,209,209,209,209,209,209,209,209,209,209,209,209,209,209,209,209,209,209,209,209,209,209,209,
goal:209,209,209,209,209,209,209,209,209,209,209,209,209,209,209,209,209,209,209,209,209,209,209,209,209,209,209,209,209,209,209,209,209,209,209,209,209,209,209,209,209,209,209,209,209,209,
size:8
[agent] id:24
path:19,51,83,115,114,146,178,210,242,274,306,305,337,369,401,433,465,497,529,561,593,592,591,623,655,654,653,652,651,650,649,648,647,646,645,645,645,645,645,645,645,645,645,645,645,645,
goal:645,645,645,645,645,645,645,645,645,645,645,645,645,645,645,645,645,645,645,645,645,645,645,645,645,645,645,645,645,645,645,645,645,645,645,645,645,645,645,645,645,645,645,645,645,645,
size:34
[agent] id:25
path:489,457,456,424,392,391,359,358,326,294,262,230,231,199,167,135,103,71,72,73,74,74,74,74,74,74,74,74,74,74,74,74,74,74,74,74,74,74,74,74,74,74,74,74,74,74,
goal:74,74,74,74,74,74,74,74,74,74,74,74,74,74,74,74,74,74,74,74,74,74,74,74,74,74,74,74,74,74,74,74,74,74,74,74,74,74,74,74,74,74,74,74,74,74,
size:20
[agent] id:26
path:632,633,634,602,570,538,539,507,508,476,476,476,476,476,476,476,476,476,476,476,476,476,476,476,476,476,476,476,476,476,476,476,476,476,476,476,476,476,476,476,476,476,476,476,476,476,
goal:476,476,476,476,476,476,476,476,476,476,476,476,476,476,476,476,476,476,476,476,476,476,476,476,476,476,476,476,476,476,476,476,476,476,476,476,476,476,476,476,476,476,476,476,476,476,
size:9
[agent] id:27
path:111,143,142,174,206,205,204,236,268,300,332,364,396,428,460,459,458,490,522,554,553,552,584,616,648,680,712,711,710,709,708,707,739,738,737,736,768,768,768,768,768,768,768,768,768,768,
goal:768,768,768,768,768,768,768,768,768,768,768,768,768,768,768,768,768,768,768,768,768,768,768,768,768,768,768,768,768,768,768,768,768,768,768,768,768,768,768,768,768,768,768,768,768,768,
size:36
[agent] id:28
path:912,880,848,849,850,818,786,754,722,690,658,626,594,562,530,498,466,434,435,436,437,405,406,407,375,376,377,378,379,347,315,316,316,316,316,316,316,316,316,316,316,316,316,316,316,316,
goal:316,316,316,316,316,316,316,316,316,316,316,316,316,316,316,316,316,316,316,316,316,316,316,316,316,316,316,316,316,316,316,316,316,316,316,316,316,316,316,316,316,316,316,316,316,316,
size:31
[agent] id:29
path:92,91,123,155,187,219,218,217,216,248,280,312,344,376,408,407,439,438,470,469,501,533,565,597,629,661,693,692,691,723,755,754,786,818,850,882,914,913,912,911,911,911,911,911,911,911,
goal:911,911,911,911,911,911,911,911,911,911,911,911,911,911,911,911,911,911,911,911,911,911,911,911,911,911,911,911,911,911,911,911,911,911,911,911,911,911,911,911,911,911,911,911,911,911,
size:39
SolutionCost:724
