[setting] seed:30485
[solver] type:SASB-ECBS
[solver] w:2.000000
[solver] ID:0
[solver] Lowlevelnode:4832
[solver] Highlevelnode:17
[solver] ConflictCount:9
[solver] solved:1
[solver] elapsed:34
[solver] makespan:42
[problem] timesteplimit:15000
[problem] type:MAPF
[problem] agentnum:30
[graph] width:32
[graph] height:32
[graph] filename:./map/32by32_agents10_ex30.map
[task] id:8,start:0,end:0,service time:0,nodes:650,
[task] id:14,start:0,end:0,service time:0,nodes:692,
[task] id:16,start:0,end:0,service time:0,nodes:472,
[task] id:13,start:0,end:0,service time:0,nodes:169,
[task] id:11,start:0,end:0,service time:0,nodes:749,
[task] id:7,start:0,end:0,service time:0,nodes:368,
[task] id:18,start:0,end:0,service time:0,nodes:302,
[task] id:10,start:0,end:0,service time:0,nodes:718,
[task] id:4,start:0,end:0,service time:0,nodes:330,
[task] id:23,start:0,end:0,service time:0,nodes:888,
[task] id:17,start:0,end:0,service time:0,nodes:590,
[task] id:24,start:0,end:0,service time:0,nodes:1002,
[task] id:12,start:0,end:0,service time:0,nodes:591,
[task] id:29,start:0,end:0,service time:0,nodes:44,
[task] id:1,start:0,end:0,service time:0,nodes:628,
[task] id:3,start:0,end:0,service time:0,nodes:464,
[task] id:15,start:0,end:0,service time:0,nodes:996,
[task] id:21,start:0,end:0,service time:0,nodes:271,
[task] id:9,start:0,end:0,service time:0,nodes:84,
[task] id:28,start:0,end:0,service time:0,nodes:318,
[task] id:26,start:0,end:0,service time:0,nodes:841,
[task] id:0,start:0,end:0,service time:0,nodes:380,
[task] id:5,start:0,end:0,service time:0,nodes:617,
[task] id:27,start:0,end:0,service time:0,nodes:935,
[task] id:22,start:0,end:0,service time:0,nodes:972,
[task] id:2,start:0,end:0,service time:0,nodes:9,
[task] id:19,start:0,end:0,service time:0,nodes:576,
[task] id:25,start:0,end:0,service time:0,nodes:1007,
[task] id:6,start:0,end:0,service time:0,nodes:700,
[task] id:20,start:0,end:0,service time:0,nodes:359,
[agent] id:0
path:713,681,649,617,618,619,620,621,589,557,525,526,527,528,529,497,465,433,434,435,436,437,405,373,374,375,376,377,378,379,380,380,380,380,380,380,380,380,380,380,380,380,380,
goal:380,380,380,380,380,380,380,380,380,380,380,380,380,380,380,380,380,380,380,380,380,380,380,380,380,380,380,380,380,380,380,380,380,380,380,380,380,380,380,380,380,380,380,
size:30
[agent] id:1
path:172,204,236,268,300,332,364,396,428,460,461,493,525,557,589,590,591,592,593,594,626,627,628,628,628,628,628,628,628,628,628,628,628,628,628,628,628,628,628,628,628,628,628,
goal:628,628,628,628,628,628,628,628,628,628,628,628,628,628,628,628,628,628,628,628,628,628,628,628,628,628,628,628,628,628,628,628,628,628,628,628,628,628,628,628,628,628,628,
size:22
[agent] id:2
path:599,567,535,534,533,501,469,437,405,373,341,309,277,245,213,212,211,210,178,146,114,82,81,80,79,78,77,45,13,12,11,10,9,9,9,9,9,9,9,9,9,9,9,
goal:9,9,9,9,9,9,9,9,9,9,9,9,9,9,9,9,9,9,9,9,9,9,9,9,9,9,9,9,9,9,9,9,9,9,9,9,9,9,9,9,9,9,9,
size:32
[agent] id:3
path:983,982,950,918,886,854,853,852,851,819,818,786,754,722,690,658,626,594,562,530,498,466,465,464,464,464,464,464,464,464,464,464,464,464,464,464,464,464,464,464,464,464,464,
goal:464,464,464,464,464,464,464,464,464,464,464,464,464,464,464,464,464,464,464,464,464,464,464,464,464,464,464,464,464,464,464,464,464,464,464,464,464,464,464,464,464,464,464,
size:23
[agent] id:4
path:407,375,374,342,341,309,308,307,306,305,304,303,302,301,300,332,331,330,330,330,330,330,330,330,330,330,330,330,330,330,330,330,330,330,330,330,330,330,330,330,330,330,330,
goal:330,330,330,330,330,330,330,330,330,330,330,330,330,330,330,330,330,330,330,330,330,330,330,330,330,330,330,330,330,330,330,330,330,330,330,330,330,330,330,330,330,330,330,
size:17
[agent] id:5
path:152,184,216,248,280,312,344,376,408,407,439,438,470,469,501,533,565,564,563,562,561,560,559,558,557,589,621,620,619,618,617,617,617,617,617,617,617,617,617,617,617,617,617,
goal:617,617,617,617,617,617,617,617,617,617,617,617,617,617,617,617,617,617,617,617,617,617,617,617,617,617,617,617,617,617,617,617,617,617,617,617,617,617,617,617,617,617,617,
size:30
[agent] id:6
path:132,133,165,166,167,168,200,201,233,234,235,236,268,269,270,271,303,304,336,337,369,401,433,465,497,529,561,593,594,626,658,659,660,661,662,663,695,696,697,698,699,700,700,
goal:700,700,700,700,700,700,700,700,700,700,700,700,700,700,700,700,700,700,700,700,700,700,700,700,700,700,700,700,700,700,700,700,700,700,700,700,700,700,700,700,700,700,700,
size:41
[agent] id:7
path:169,201,233,234,235,236,268,300,301,302,334,366,367,368,368,368,368,368,368,368,368,368,368,368,368,368,368,368,368,368,368,368,368,368,368,368,368,368,368,368,368,368,368,
goal:368,368,368,368,368,368,368,368,368,368,368,368,368,368,368,368,368,368,368,368,368,368,368,368,368,368,368,368,368,368,368,368,368,368,368,368,368,368,368,368,368,368,368,
size:13
[agent] id:8
path:776,744,712,680,648,649,650,650,650,650,650,650,650,650,650,650,650,650,650,650,650,650,650,650,650,650,650,650,650,650,650,650,650,650,650,650,650,650,650,650,650,650,650,
goal:650,650,650,650,650,650,650,650,650,650,650,650,650,650,650,650,650,650,650,650,650,650,650,650,650,650,650,650,650,650,650,650,650,650,650,650,650,650,650,650,650,650,650,
size:6
[agent] id:9
path:476,477,478,446,414,413,381,380,379,378,377,345,313,281,280,248,216,184,152,120,88,87,86,54,53,52,84,84,84,84,84,84,84,84,84,84,84,84,84,84,84,84,84,
goal:84,84,84,84,84,84,84,84,84,84,84,84,84,84,84,84,84,84,84,84,84,84,84,84,84,84,84,84,84,84,84,84,84,84,84,84,84,84,84,84,84,84,84,
size:26
[agent] id:10
path:516,548,549,550,582,614,646,678,710,711,712,713,714,715,716,717,718,718,718,718,718,718,718,718,718,718,718,718,718,718,718,718,718,718,718,718,718,718,718,718,718,718,718,
goal:718,718,718,718,718,718,718,718,718,718,718,718,718,718,718,718,718,718,718,718,718,718,718,718,718,718,718,718,718,718,718,718,718,718,718,718,718,718,718,718,718,718,718,
size:16
[agent] id:11
path:522,554,555,556,557,589,621,653,685,717,749,749,749,749,749,749,749,749,749,749,749,749,749,749,749,749,749,749,749,749,749,749,749,749,749,749,749,749,749,749,749,749,749,
goal:749,749,749,749,749,749,749,749,749,749,749,749,749,749,749,749,749,749,749,749,749,749,749,749,749,749,749,749,749,749,749,749,749,749,749,749,749,749,749,749,749,749,749,
size:10
[agent] id:12
path:1003,971,939,907,908,909,909,877,845,846,814,782,750,718,686,654,622,623,623,591,591,591,591,591,591,591,591,591,591,591,591,591,591,591,591,591,591,591,591,591,591,591,591,
goal:591,591,591,591,591,591,591,591,591,591,591,591,591,591,591,591,591,591,591,591,591,591,591,591,591,591,591,591,591,591,591,591,591,591,591,591,591,591,591,591,591,591,591,
size:19
[agent] id:13
path:13,12,11,10,42,74,106,138,137,169,169,169,169,169,169,169,169,169,169,169,169,169,169,169,169,169,169,169,169,169,169,169,169,169,169,169,169,169,169,169,169,169,169,
goal:169,169,169,169,169,169,169,169,169,169,169,169,169,169,169,169,169,169,169,169,169,169,169,169,169,169,169,169,169,169,169,169,169,169,169,169,169,169,169,169,169,169,169,
size:9
[agent] id:14
path:822,823,791,759,727,726,725,693,692,692,692,692,692,692,692,692,692,692,692,692,692,692,692,692,692,692,692,692,692,692,692,692,692,692,692,692,692,692,692,692,692,692,692,
goal:692,692,692,692,692,692,692,692,692,692,692,692,692,692,692,692,692,692,692,692,692,692,692,692,692,692,692,692,692,692,692,692,692,692,692,692,692,692,692,692,692,692,692,
size:8
[agent] id:15
path:753,785,786,818,850,882,914,946,945,944,943,942,941,940,939,938,937,936,935,967,999,998,997,996,996,996,996,996,996,996,996,996,996,996,996,996,996,996,996,996,996,996,996,
goal:996,996,996,996,996,996,996,996,996,996,996,996,996,996,996,996,996,996,996,996,996,996,996,996,996,996,996,996,996,996,996,996,996,996,996,996,996,996,996,996,996,996,996,
size:23
[agent] id:16
path:470,438,439,407,408,409,441,473,472,472,472,472,472,472,472,472,472,472,472,472,472,472,472,472,472,472,472,472,472,472,472,472,472,472,472,472,472,472,472,472,472,472,472,
goal:472,472,472,472,472,472,472,472,472,472,472,472,472,472,472,472,472,472,472,472,472,472,472,472,472,472,472,472,472,472,472,472,472,472,472,472,472,472,472,472,472,472,472,
size:8
[agent] id:17
path:245,277,309,341,373,405,437,436,468,500,499,531,563,562,561,560,559,558,590,590,590,590,590,590,590,590,590,590,590,590,590,590,590,590,590,590,590,590,590,590,590,590,590,
goal:590,590,590,590,590,590,590,590,590,590,590,590,590,590,590,590,590,590,590,590,590,590,590,590,590,590,590,590,590,590,590,590,590,590,590,590,590,590,590,590,590,590,590,
size:18
[agent] id:18
path:83,115,114,146,178,210,242,241,240,239,271,270,270,302,302,302,302,302,302,302,302,302,302,302,302,302,302,302,302,302,302,302,302,302,302,302,302,302,302,302,302,302,302,
goal:302,302,302,302,302,302,302,302,302,302,302,302,302,302,302,302,302,302,302,302,302,302,302,302,302,302,302,302,302,302,302,302,302,302,302,302,302,302,302,302,302,302,302,
size:13
[agent] id:19
path:1015,983,982,950,918,886,854,853,852,851,819,818,786,754,722,690,658,657,656,655,623,622,621,620,619,618,617,616,615,614,613,612,611,579,578,577,576,576,576,576,576,576,576,
goal:576,576,576,576,576,576,576,576,576,576,576,576,576,576,576,576,576,576,576,576,576,576,576,576,576,576,576,576,576,576,576,576,576,576,576,576,576,576,576,576,576,576,576,
size:36
[agent] id:20
path:1021,989,957,925,893,861,860,859,858,857,825,793,792,760,728,696,664,632,600,599,567,566,565,564,563,531,530,529,528,527,526,494,493,461,429,397,396,395,394,393,392,391,359,
goal:359,359,359,359,359,359,359,359,359,359,359,359,359,359,359,359,359,359,359,359,359,359,359,359,359,359,359,359,359,359,359,359,359,359,359,359,359,359,359,359,359,359,359,
size:42
[agent] id:21
path:545,513,514,482,450,418,419,420,421,389,390,391,392,393,394,395,396,364,332,300,268,269,270,271,271,271,271,271,271,271,271,271,271,271,271,271,271,271,271,271,271,271,271,
goal:271,271,271,271,271,271,271,271,271,271,271,271,271,271,271,271,271,271,271,271,271,271,271,271,271,271,271,271,271,271,271,271,271,271,271,271,271,271,271,271,271,271,271,
size:23
[agent] id:22
path:173,172,172,204,236,268,300,332,364,396,428,460,461,493,525,557,589,621,653,685,717,716,715,747,779,811,843,875,907,939,971,972,972,972,972,972,972,972,972,972,972,972,972,
goal:972,972,972,972,972,972,972,972,972,972,972,972,972,972,972,972,972,972,972,972,972,972,972,972,972,972,972,972,972,972,972,972,972,972,972,972,972,972,972,972,972,972,972,
size:31
[agent] id:23
path:809,841,842,874,875,876,877,878,879,880,881,882,883,884,885,886,887,888,888,888,888,888,888,888,888,888,888,888,888,888,888,888,888,888,888,888,888,888,888,888,888,888,888,
goal:888,888,888,888,888,888,888,888,888,888,888,888,888,888,888,888,888,888,888,888,888,888,888,888,888,888,888,888,888,888,888,888,888,888,888,888,888,888,888,888,888,888,888,
size:17
[agent] id:24
path:556,557,589,621,653,685,717,716,715,747,779,811,843,875,907,939,971,1003,1002,1002,1002,1002,1002,1002,1002,1002,1002,1002,1002,1002,1002,1002,1002,1002,1002,1002,1002,1002,1002,1002,1002,1002,1002,
goal:1002,1002,1002,1002,1002,1002,1002,1002,1002,1002,1002,1002,1002,1002,1002,1002,1002,1002,1002,1002,1002,1002,1002,1002,1002,1002,1002,1002,1002,1002,1002,1002,1002,1002,1002,1002,1002,1002,1002,1002,1002,1002,1002,
size:18
[agent] id:25
path:42,74,106,138,139,171,203,235,236,268,300,332,364,396,428,460,461,493,525,557,589,621,653,685,717,716,715,747,779,811,843,875,907,939,971,1003,1004,1005,1006,1007,1007,1007,1007,
goal:1007,1007,1007,1007,1007,1007,1007,1007,1007,1007,1007,1007,1007,1007,1007,1007,1007,1007,1007,1007,1007,1007,1007,1007,1007,1007,1007,1007,1007,1007,1007,1007,1007,1007,1007,1007,1007,1007,1007,1007,1007,1007,1007,
size:39
[agent] id:26
path:206,205,204,236,268,300,332,364,396,428,460,459,458,490,522,554,553,552,584,616,648,680,712,744,776,808,840,841,841,841,841,841,841,841,841,841,841,841,841,841,841,841,841,
goal:841,841,841,841,841,841,841,841,841,841,841,841,841,841,841,841,841,841,841,841,841,841,841,841,841,841,841,841,841,841,841,841,841,841,841,841,841,841,841,841,841,841,841,
size:27
[agent] id:27
path:233,234,202,201,200,199,231,263,262,294,326,358,390,422,454,486,518,550,582,614,646,678,710,742,774,806,838,870,902,934,935,935,935,935,935,935,935,935,935,935,935,935,935,
goal:935,935,935,935,935,935,935,935,935,935,935,935,935,935,935,935,935,935,935,935,935,935,935,935,935,935,935,935,935,935,935,935,935,935,935,935,935,935,935,935,935,935,935,
size:30
[agent] id:28
path:655,623,591,559,527,528,529,497,465,433,434,435,436,437,405,373,374,375,376,377,378,379,347,315,316,317,318,318,318,318,318,318,318,318,318,318,318,318,318,318,318,318,318,
goal:318,318,318,318,318,318,318,318,318,318,318,318,318,318,318,318,318,318,318,318,318,318,318,318,318,318,318,318,318,318,318,318,318,318,318,318,318,318,318,318,318,318,318,
size:26
[agent] id:29
path:530,498,466,434,402,401,369,337,305,273,241,209,177,145,113,81,80,79,78,77,45,44,44,44,44,44,44,44,44,44,44,44,44,44,44,44,44,44,44,44,44,44,44,
goal:44,44,44,44,44,44,44,44,44,44,44,44,44,44,44,44,44,44,44,44,44,44,44,44,44,44,44,44,44,44,44,44,44,44,44,44,44,44,44,44,44,44,44,
size:21
SolutionCost:674
