[setting] seed:4792
[solver] type:SASB-ECBS
[solver] w:2.000000
[solver] ID:0
[solver] Lowlevelnode:10672
[solver] Highlevelnode:24
[solver] ConflictCount:12
[solver] solved:1
[solver] elapsed:50
[solver] makespan:38
[problem] timesteplimit:15000
[problem] type:MAPF
[problem] agentnum:30
[graph] width:32
[graph] height:32
[graph] filename:./map/32by32_agents10_ex30.map
[task] id:21,start:0,end:0,service time:0,nodes:13,
[task] id:25,start:0,end:0,service time:0,nodes:593,
[task] id:29,start:0,end:0,service time:0,nodes:423,
[task] id:11,start:0,end:0,service time:0,nodes:779,
[task] id:7,start:0,end:0,service time:0,nodes:347,
[task] id:1,start:0,end:0,service time:0,nodes:710,
[task] id:4,start:0,end:0,service time:0,nodes:643,
[task] id:18,start:0,end:0,service time:0,nodes:583,
[task] id:8,start:0,end:0,service time:0,nodes:134,
[task] id:27,start:0,end:0,service time:0,nodes:550,
[task] id:3,start:0,end:0,service time:0,nodes:628,
[task] id:15,start:0,end:0,service time:0,nodes:20,
[task] id:19,start:0,end:0,service time:0,nodes:348,
[task] id:22,start:0,end:0,service time:0,nodes:525,
[task] id:0,start:0,end:0,service time:0,nodes:240,
[task] id:17,start:0,end:0,service time:0,nodes:385,
[task] id:9,start:0,end:0,service time:0,nodes:561,
[task] id:5,start:0,end:0,service time:0,nodes:982,
[task] id:13,start:0,end:0,service time:0,nodes:167,
[task] id:16,start:0,end:0,service time:0,nodes:881,
[task] id:2,start:0,end:0,service time:0,nodes:602,
[task] id:20,start:0,end:0,service time:0,nodes:967,
[task] id:26,start:0,end:0,service time:0,nodes:567,
[task] id:23,start:0,end:0,service time:0,nodes:472,
[task] id:24,start:0,end:0,service time:0,nodes:377,
[task] id:28,start:0,end:0,service time:0,nodes:474,
[task] id:6,start:0,end:0,service time:0,nodes:709,
[task] id:12,start:0,end:0,service time:0,nodes:1000,
[task] id:14,start:0,end:0,service time:0,nodes:318,
[task] id:10,start:0,end:0,service time:0,nodes:448,
[agent] id:0
path:518,486,454,422,390,391,392,393,394,395,396,364,332,300,268,269,270,271,239,240,240,240,240,240,240,240,240,240,240,240,240,240,240,240,240,240,240,240,240,
goal:240,240,240,240,240,240,240,240,240,240,240,240,240,240,240,240,240,240,240,240,240,240,240,240,240,240,240,240,240,240,240,240,240,240,240,240,240,240,240,
size:19
[agent] id:1
path:525,557,556,555,554,553,552,584,616,648,680,712,711,710,710,710,710,710,710,710,710,710,710,710,710,710,710,710,710,710,710,710,710,710,710,710,710,710,710,
goal:710,710,710,710,710,710,710,710,710,710,710,710,710,710,710,710,710,710,710,710,710,710,710,710,710,710,710,710,710,710,710,710,710,710,710,710,710,710,710,
size:13
[agent] id:2
path:839,840,841,842,843,844,845,846,814,782,750,718,686,654,655,656,657,658,659,660,661,629,630,631,632,633,634,602,602,602,602,602,602,602,602,602,602,602,602,
goal:602,602,602,602,602,602,602,602,602,602,602,602,602,602,602,602,602,602,602,602,602,602,602,602,602,602,602,602,602,602,602,602,602,602,602,602,602,602,602,
size:27
[agent] id:3
path:348,380,379,378,410,442,474,473,472,504,536,535,567,599,631,630,629,628,628,628,628,628,628,628,628,628,628,628,628,628,628,628,628,628,628,628,628,628,628,
goal:628,628,628,628,628,628,628,628,628,628,628,628,628,628,628,628,628,628,628,628,628,628,628,628,628,628,628,628,628,628,628,628,628,628,628,628,628,628,628,
size:17
[agent] id:4
path:993,961,929,930,898,866,867,835,803,771,739,707,708,676,644,643,643,643,643,643,643,643,643,643,643,643,643,643,643,643,643,643,643,643,643,643,643,643,643,
goal:643,643,643,643,643,643,643,643,643,643,643,643,643,643,643,643,643,643,643,643,643,643,643,643,643,643,643,643,643,643,643,643,643,643,643,643,643,643,643,
size:15
[agent] id:5
path:650,651,652,653,685,686,687,688,720,752,753,785,786,818,850,851,852,853,885,886,918,950,982,982,982,982,982,982,982,982,982,982,982,982,982,982,982,982,982,
goal:982,982,982,982,982,982,982,982,982,982,982,982,982,982,982,982,982,982,982,982,982,982,982,982,982,982,982,982,982,982,982,982,982,982,982,982,982,982,982,
size:22
[agent] id:6
path:379,378,410,442,474,473,472,504,536,535,567,599,631,663,662,661,693,692,691,690,689,688,687,686,718,717,716,715,714,713,712,711,679,678,677,709,709,709,709,
goal:709,709,709,709,709,709,709,709,709,709,709,709,709,709,709,709,709,709,709,709,709,709,709,709,709,709,709,709,709,709,709,709,709,709,709,709,709,709,709,
size:35
[agent] id:7
path:120,152,184,216,248,280,312,344,345,377,378,379,347,347,347,347,347,347,347,347,347,347,347,347,347,347,347,347,347,347,347,347,347,347,347,347,347,347,347,
goal:347,347,347,347,347,347,347,347,347,347,347,347,347,347,347,347,347,347,347,347,347,347,347,347,347,347,347,347,347,347,347,347,347,347,347,347,347,347,347,
size:12
[agent] id:8
path:551,519,487,486,454,422,390,358,326,294,293,261,229,197,165,133,134,134,134,134,134,134,134,134,134,134,134,134,134,134,134,134,134,134,134,134,134,134,134,
goal:134,134,134,134,134,134,134,134,134,134,134,134,134,134,134,134,134,134,134,134,134,134,134,134,134,134,134,134,134,134,134,134,134,134,134,134,134,134,134,
size:16
[agent] id:9
path:642,643,644,644,645,646,647,648,649,650,651,619,620,621,589,590,591,592,592,592,560,561,561,561,561,561,561,561,561,561,561,561,561,561,561,561,561,561,561,
goal:561,561,561,561,561,561,561,561,561,561,561,561,561,561,561,561,561,561,561,561,561,561,561,561,561,561,561,561,561,561,561,561,561,561,561,561,561,561,561,
size:21
[agent] id:10
path:982,950,918,886,854,853,852,851,819,818,786,754,722,690,658,626,594,562,561,560,559,558,557,556,555,554,522,521,520,519,487,486,454,453,452,451,450,449,448,
goal:448,448,448,448,448,448,448,448,448,448,448,448,448,448,448,448,448,448,448,448,448,448,448,448,448,448,448,448,448,448,448,448,448,448,448,448,448,448,448,
size:38
[agent] id:11
path:614,646,678,710,711,712,713,714,715,747,779,779,779,779,779,779,779,779,779,779,779,779,779,779,779,779,779,779,779,779,779,779,779,779,779,779,779,779,779,
goal:779,779,779,779,779,779,779,779,779,779,779,779,779,779,779,779,779,779,779,779,779,779,779,779,779,779,779,779,779,779,779,779,779,779,779,779,779,779,779,
size:10
[agent] id:12
path:570,602,634,633,632,664,696,728,760,792,824,823,855,887,886,885,884,883,915,914,946,945,944,943,942,941,940,939,938,937,936,935,934,966,998,999,1000,1000,1000,
goal:1000,1000,1000,1000,1000,1000,1000,1000,1000,1000,1000,1000,1000,1000,1000,1000,1000,1000,1000,1000,1000,1000,1000,1000,1000,1000,1000,1000,1000,1000,1000,1000,1000,1000,1000,1000,1000,1000,1000,
size:36
[agent] id:13
path:376,344,312,311,310,309,308,307,306,274,242,241,240,239,207,206,205,204,203,202,201,169,168,167,167,167,167,167,167,167,167,167,167,167,167,167,167,167,167,
goal:167,167,167,167,167,167,167,167,167,167,167,167,167,167,167,167,167,167,167,167,167,167,167,167,167,167,167,167,167,167,167,167,167,167,167,167,167,167,167,
size:23
[agent] id:14
path:483,515,547,548,549,550,551,552,553,554,555,556,524,525,526,527,528,529,497,465,433,434,435,436,437,405,373,374,375,376,377,378,379,380,381,349,317,318,318,
goal:318,318,318,318,318,318,318,318,318,318,318,318,318,318,318,318,318,318,318,318,318,318,318,318,318,318,318,318,318,318,318,318,318,318,318,318,318,318,318,
size:37
[agent] id:15
path:405,373,341,309,277,245,213,181,182,150,151,119,87,55,23,22,21,20,20,20,20,20,20,20,20,20,20,20,20,20,20,20,20,20,20,20,20,20,20,
goal:20,20,20,20,20,20,20,20,20,20,20,20,20,20,20,20,20,20,20,20,20,20,20,20,20,20,20,20,20,20,20,20,20,20,20,20,20,20,20,
size:17
[agent] id:16
path:310,342,374,406,438,470,469,501,533,565,597,629,661,693,725,724,723,755,754,786,818,850,882,881,881,881,881,881,881,881,881,881,881,881,881,881,881,881,881,
goal:881,881,881,881,881,881,881,881,881,881,881,881,881,881,881,881,881,881,881,881,881,881,881,881,881,881,881,881,881,881,881,881,881,881,881,881,881,881,881,
size:23
[agent] id:17
path:173,205,204,203,202,201,200,199,231,263,262,294,326,358,357,356,355,354,353,385,385,385,385,385,385,385,385,385,385,385,385,385,385,385,385,385,385,385,385,
goal:385,385,385,385,385,385,385,385,385,385,385,385,385,385,385,385,385,385,385,385,385,385,385,385,385,385,385,385,385,385,385,385,385,385,385,385,385,385,385,
size:19
[agent] id:18
path:964,965,933,901,869,837,805,773,741,709,677,645,613,614,582,583,583,583,583,583,583,583,583,583,583,583,583,583,583,583,583,583,583,583,583,583,583,583,583,
goal:583,583,583,583,583,583,583,583,583,583,583,583,583,583,583,583,583,583,583,583,583,583,583,583,583,583,583,583,583,583,583,583,583,583,583,583,583,583,583,
size:15
[agent] id:19
path:209,210,211,212,213,214,215,247,279,311,312,344,376,377,378,379,380,348,348,348,348,348,348,348,348,348,348,348,348,348,348,348,348,348,348,348,348,348,348,
goal:348,348,348,348,348,348,348,348,348,348,348,348,348,348,348,348,348,348,348,348,348,348,348,348,348,348,348,348,348,348,348,348,348,348,348,348,348,348,348,
size:17
[agent] id:20
path:631,663,695,727,759,791,823,855,887,886,885,884,883,915,914,946,945,944,943,942,941,940,939,938,937,936,935,967,967,967,967,967,967,967,967,967,967,967,967,
goal:967,967,967,967,967,967,967,967,967,967,967,967,967,967,967,967,967,967,967,967,967,967,967,967,967,967,967,967,967,967,967,967,967,967,967,967,967,967,967,
size:27
[agent] id:21
path:110,78,77,45,13,13,13,13,13,13,13,13,13,13,13,13,13,13,13,13,13,13,13,13,13,13,13,13,13,13,13,13,13,13,13,13,13,13,13,
goal:13,13,13,13,13,13,13,13,13,13,13,13,13,13,13,13,13,13,13,13,13,13,13,13,13,13,13,13,13,13,13,13,13,13,13,13,13,13,13,
size:4
[agent] id:22
path:945,913,881,849,848,847,846,814,782,750,718,686,654,622,590,558,526,525,525,525,525,525,525,525,525,525,525,525,525,525,525,525,525,525,525,525,525,525,525,
goal:525,525,525,525,525,525,525,525,525,525,525,525,525,525,525,525,525,525,525,525,525,525,525,525,525,525,525,525,525,525,525,525,525,525,525,525,525,525,525,
size:17
[agent] id:23
path:356,357,389,421,453,485,517,549,550,551,552,553,554,555,556,557,558,559,560,528,529,497,498,499,500,501,533,534,535,503,504,472,472,472,472,472,472,472,472,
goal:472,472,472,472,472,472,472,472,472,472,472,472,472,472,472,472,472,472,472,472,472,472,472,472,472,472,472,472,472,472,472,472,472,472,472,472,472,472,472,
size:31
[agent] id:24
path:449,417,418,419,420,421,389,390,391,392,393,394,395,396,364,332,300,301,302,303,304,305,306,307,308,309,341,373,374,375,376,377,377,377,377,377,377,377,377,
goal:377,377,377,377,377,377,377,377,377,377,377,377,377,377,377,377,377,377,377,377,377,377,377,377,377,377,377,377,377,377,377,377,377,377,377,377,377,377,377,
size:31
[agent] id:25
path:653,621,589,590,591,592,593,593,593,593,593,593,593,593,593,593,593,593,593,593,593,593,593,593,593,593,593,593,593,593,593,593,593,593,593,593,593,593,593,
goal:593,593,593,593,593,593,593,593,593,593,593,593,593,593,593,593,593,593,593,593,593,593,593,593,593,593,593,593,593,593,593,593,593,593,593,593,593,593,593,
size:6
[agent] id:26
path:260,292,293,294,326,358,359,391,392,424,456,457,458,459,460,461,493,494,526,527,528,529,530,562,563,564,565,566,567,567,567,567,567,567,567,567,567,567,567,
goal:567,567,567,567,567,567,567,567,567,567,567,567,567,567,567,567,567,567,567,567,567,567,567,567,567,567,567,567,567,567,567,567,567,567,567,567,567,567,567,
size:28
[agent] id:27
path:845,844,812,811,779,747,715,683,651,619,618,617,616,584,552,551,550,550,550,550,550,550,550,550,550,550,550,550,550,550,550,550,550,550,550,550,550,550,550,
goal:550,550,550,550,550,550,550,550,550,550,550,550,550,550,550,550,550,550,550,550,550,550,550,550,550,550,550,550,550,550,550,550,550,550,550,550,550,550,550,
size:16
[agent] id:28
path:741,709,677,645,646,647,648,649,650,651,652,620,621,653,654,655,656,657,658,626,594,562,563,564,565,533,534,535,503,504,472,473,474,474,474,474,474,474,474,
goal:474,474,474,474,474,474,474,474,474,474,474,474,474,474,474,474,474,474,474,474,474,474,474,474,474,474,474,474,474,474,474,474,474,474,474,474,474,474,474,
size:32
[agent] id:29
path:364,396,395,394,393,392,424,423,423,423,423,423,423,423,423,423,423,423,423,423,423,423,423,423,423,423,423,423,423,423,423,423,423,423,423,423,423,423,423,
goal:423,423,423,423,423,423,423,423,423,423,423,423,423,423,423,423,423,423,423,423,423,423,423,423,423,423,423,423,423,423,423,423,423,423,423,423,423,423,423,
size:7
SolutionCost:631
