[setting] seed:2565
[solver] type:SASB-ECBS
[solver] w:2.000000
[solver] ID:0
[solver] Lowlevelnode:3305
[solver] Highlevelnode:17
[solver] ConflictCount:9
[solver] solved:1
[solver] elapsed:32
[solver] makespan:35
[problem] timesteplimit:15000
[problem] type:MAPF
[problem] agentnum:30
[graph] width:32
[graph] height:32
[graph] filename:./map/32by32_agents10_ex30.map
[task] id:19,start:0,end:0,service time:0,nodes:882,
[task] id:2,start:0,end:0,service time:0,nodes:107,
[task] id:16,start:0,end:0,service time:0,nodes:331,
[task] id:8,start:0,end:0,service time:0,nodes:722,
[task] id:26,start:0,end:0,service time:0,nodes:833,
[task] id:7,start:0,end:0,service time:0,nodes:659,
[task] id:14,start:0,end:0,service time:0,nodes:877,
[task] id:27,start:0,end:0,service time:0,nodes:427,
[task] id:1,start:0,end:0,service time:0,nodes:840,
[task] id:0,start:0,end:0,service time:0,nodes:618,
[task] id:4,start:0,end:0,service time:0,nodes:269,
[task] id:13,start:0,end:0,service time:0,nodes:49,
[task] id:24,start:0,end:0,service time:0,nodes:48,
[task] id:3,start:0,end:0,service time:0,nodes:424,
[task] id:6,start:0,end:0,service time:0,nodes:713,
[task] id:25,start:0,end:0,service time:0,nodes:446,
[task] id:9,start:0,end:0,service time:0,nodes:355,
[task] id:10,start:0,end:0,service time:0,nodes:135,
[task] id:5,start:0,end:0,service time:0,nodes:468,
[task] id:11,start:0,end:0,service time:0,nodes:670,
[task] id:21,start:0,end:0,service time:0,nodes:764,
[task] id:28,start:0,end:0,service time:0,nodes:557,
[task] id:12,start:0,end:0,service time:0,nodes:262,
[task] id:23,start:0,end:0,service time:0,nodes:55,
[task] id:18,start:0,end:0,service time:0,nodes:162,
[task] id:29,start:0,end:0,service time:0,nodes:989,
[task] id:20,start:0,end:0,service time:0,nodes:900,
[task] id:15,start:0,end:0,service time:0,nodes:874,
[task] id:22,start:0,end:0,service time:0,nodes:73,
[task] id:17,start:0,end:0,service time:0,nodes:457,
[agent] id:0
path:165,197,229,261,293,294,326,358,390,422,454,486,518,550,582,614,615,616,617,618,618,618,618,618,618,618,618,618,618,618,618,618,618,618,618,618,
goal:618,618,618,618,618,618,618,618,618,618,618,618,618,618,618,618,618,618,618,618,618,618,618,618,618,618,618,618,618,618,618,618,618,618,618,618,
size:19
[agent] id:1
path:823,855,854,853,852,851,850,849,848,847,846,845,844,843,842,841,840,840,840,840,840,840,840,840,840,840,840,840,840,840,840,840,840,840,840,840,
goal:840,840,840,840,840,840,840,840,840,840,840,840,840,840,840,840,840,840,840,840,840,840,840,840,840,840,840,840,840,840,840,840,840,840,840,840,
size:16
[agent] id:2
path:7,39,71,103,104,105,106,107,107,107,107,107,107,107,107,107,107,107,107,107,107,107,107,107,107,107,107,107,107,107,107,107,107,107,107,107,
goal:107,107,107,107,107,107,107,107,107,107,107,107,107,107,107,107,107,107,107,107,107,107,107,107,107,107,107,107,107,107,107,107,107,107,107,107,
size:7
[agent] id:3
path:279,311,310,309,308,307,306,305,304,303,302,301,300,332,364,396,395,394,393,392,424,424,424,424,424,424,424,424,424,424,424,424,424,424,424,424,
goal:424,424,424,424,424,424,424,424,424,424,424,424,424,424,424,424,424,424,424,424,424,424,424,424,424,424,424,424,424,424,424,424,424,424,424,424,
size:20
[agent] id:4
path:123,155,187,219,218,217,216,215,214,213,212,211,243,242,241,240,239,271,270,269,269,269,269,269,269,269,269,269,269,269,269,269,269,269,269,269,
goal:269,269,269,269,269,269,269,269,269,269,269,269,269,269,269,269,269,269,269,269,269,269,269,269,269,269,269,269,269,269,269,269,269,269,269,269,
size:19
[agent] id:5
path:1004,972,940,908,876,844,845,846,814,782,750,718,686,654,622,590,558,526,527,528,529,497,465,466,467,468,468,468,468,468,468,468,468,468,468,468,
goal:468,468,468,468,468,468,468,468,468,468,468,468,468,468,468,468,468,468,468,468,468,468,468,468,468,468,468,468,468,468,468,468,468,468,468,468,
size:25
[agent] id:6
path:535,567,599,631,663,662,661,693,692,691,690,689,688,687,686,718,717,716,715,714,713,713,713,713,713,713,713,713,713,713,713,713,713,713,713,713,
goal:713,713,713,713,713,713,713,713,713,713,713,713,713,713,713,713,713,713,713,713,713,713,713,713,713,713,713,713,713,713,713,713,713,713,713,713,
size:20
[agent] id:7
path:1010,978,946,914,882,850,818,786,754,755,723,691,691,659,659,659,659,659,659,659,659,659,659,659,659,659,659,659,659,659,659,659,659,659,659,659,
goal:659,659,659,659,659,659,659,659,659,659,659,659,659,659,659,659,659,659,659,659,659,659,659,659,659,659,659,659,659,659,659,659,659,659,659,659,
size:13
[agent] id:8
path:590,622,654,686,687,688,720,721,722,722,722,722,722,722,722,722,722,722,722,722,722,722,722,722,722,722,722,722,722,722,722,722,722,722,722,722,
goal:722,722,722,722,722,722,722,722,722,722,722,722,722,722,722,722,722,722,722,722,722,722,722,722,722,722,722,722,722,722,722,722,722,722,722,722,
size:8
[agent] id:9
path:627,626,594,562,530,529,528,527,526,494,493,461,429,397,396,395,394,393,392,391,359,358,357,356,355,355,355,355,355,355,355,355,355,355,355,355,
goal:355,355,355,355,355,355,355,355,355,355,355,355,355,355,355,355,355,355,355,355,355,355,355,355,355,355,355,355,355,355,355,355,355,355,355,355,
size:24
[agent] id:10
path:120,152,151,150,182,181,213,212,211,210,178,146,145,144,143,142,174,173,172,140,139,138,137,136,135,135,135,135,135,135,135,135,135,135,135,135,
goal:135,135,135,135,135,135,135,135,135,135,135,135,135,135,135,135,135,135,135,135,135,135,135,135,135,135,135,135,135,135,135,135,135,135,135,135,
size:24
[agent] id:11
path:713,681,649,650,651,652,653,654,655,656,657,658,659,660,661,662,663,664,632,633,634,635,667,668,669,670,670,670,670,670,670,670,670,670,670,670,
goal:670,670,670,670,670,670,670,670,670,670,670,670,670,670,670,670,670,670,670,670,670,670,670,670,670,670,670,670,670,670,670,670,670,670,670,670,
size:25
[agent] id:12
path:630,598,566,565,564,563,531,530,529,528,527,526,494,493,461,429,397,396,395,394,393,392,391,359,358,326,294,262,262,262,262,262,262,262,262,262,
goal:262,262,262,262,262,262,262,262,262,262,262,262,262,262,262,262,262,262,262,262,262,262,262,262,262,262,262,262,262,262,262,262,262,262,262,262,
size:27
[agent] id:13
path:564,563,531,499,467,435,403,402,401,369,337,305,273,241,209,177,145,113,81,49,49,49,49,49,49,49,49,49,49,49,49,49,49,49,49,49,
goal:49,49,49,49,49,49,49,49,49,49,49,49,49,49,49,49,49,49,49,49,49,49,49,49,49,49,49,49,49,49,49,49,49,49,49,49,
size:19
[agent] id:14
path:555,556,557,589,621,653,685,717,749,781,782,814,846,878,877,877,877,877,877,877,877,877,877,877,877,877,877,877,877,877,877,877,877,877,877,877,
goal:877,877,877,877,877,877,877,877,877,877,877,877,877,877,877,877,877,877,877,877,877,877,877,877,877,877,877,877,877,877,877,877,877,877,877,877,
size:14
[agent] id:15
path:234,235,236,268,300,332,300,300,332,364,396,428,460,459,458,490,522,554,553,552,584,616,648,680,712,744,776,808,809,841,842,874,874,874,874,874,
goal:874,874,874,874,874,874,874,874,874,874,874,874,874,874,874,874,874,874,874,874,874,874,874,874,874,874,874,874,874,874,874,874,874,874,874,874,
size:31
[agent] id:16
path:458,426,394,395,396,364,332,331,331,331,331,331,331,331,331,331,331,331,331,331,331,331,331,331,331,331,331,331,331,331,331,331,331,331,331,331,
goal:331,331,331,331,331,331,331,331,331,331,331,331,331,331,331,331,331,331,331,331,331,331,331,331,331,331,331,331,331,331,331,331,331,331,331,331,
size:7
[agent] id:17
path:988,956,924,892,860,859,858,857,825,793,792,760,728,696,664,632,600,599,567,566,565,564,563,531,530,529,528,527,526,494,493,461,460,459,458,457,
goal:457,457,457,457,457,457,457,457,457,457,457,457,457,457,457,457,457,457,457,457,457,457,457,457,457,457,457,457,457,457,457,457,457,457,457,457,
size:35
[agent] id:18
path:432,400,368,336,304,303,271,239,207,206,205,204,203,202,201,200,199,231,230,229,228,227,259,258,257,225,193,161,162,162,162,162,162,162,162,162,
goal:162,162,162,162,162,162,162,162,162,162,162,162,162,162,162,162,162,162,162,162,162,162,162,162,162,162,162,162,162,162,162,162,162,162,162,162,
size:28
[agent] id:19
path:1012,980,979,978,946,914,882,882,882,882,882,882,882,882,882,882,882,882,882,882,882,882,882,882,882,882,882,882,882,882,882,882,882,882,882,882,
goal:882,882,882,882,882,882,882,882,882,882,882,882,882,882,882,882,882,882,882,882,882,882,882,882,882,882,882,882,882,882,882,882,882,882,882,882,
size:6
[agent] id:20
path:860,859,858,857,825,824,823,855,854,853,852,851,850,849,848,847,846,845,844,843,842,841,809,808,807,839,871,870,902,901,900,900,900,900,900,900,
goal:900,900,900,900,900,900,900,900,900,900,900,900,900,900,900,900,900,900,900,900,900,900,900,900,900,900,900,900,900,900,900,900,900,900,900,900,
size:30
[agent] id:21
path:461,493,525,557,558,559,591,592,593,594,626,627,628,629,630,631,632,633,634,635,667,699,700,701,733,765,764,764,764,764,764,764,764,764,764,764,
goal:764,764,764,764,764,764,764,764,764,764,764,764,764,764,764,764,764,764,764,764,764,764,764,764,764,764,764,764,764,764,764,764,764,764,764,764,
size:26
[agent] id:22
path:842,810,778,779,747,715,683,651,619,620,621,589,557,525,493,461,429,397,396,364,332,300,268,236,204,172,140,139,138,106,74,73,73,73,73,73,
goal:73,73,73,73,73,73,73,73,73,73,73,73,73,73,73,73,73,73,73,73,73,73,73,73,73,73,73,73,73,73,73,73,73,73,73,73,
size:31
[agent] id:23
path:622,623,591,559,560,561,562,563,531,499,467,435,436,437,405,373,341,309,277,245,213,181,182,150,151,119,87,55,55,55,55,55,55,55,55,55,
goal:55,55,55,55,55,55,55,55,55,55,55,55,55,55,55,55,55,55,55,55,55,55,55,55,55,55,55,55,55,55,55,55,55,55,55,55,
size:27
[agent] id:24
path:297,296,264,263,231,199,200,201,202,203,171,172,173,174,142,110,78,79,80,48,48,48,48,48,48,48,48,48,48,48,48,48,48,48,48,48,
goal:48,48,48,48,48,48,48,48,48,48,48,48,48,48,48,48,48,48,48,48,48,48,48,48,48,48,48,48,48,48,48,48,48,48,48,48,
size:19
[agent] id:25
path:723,691,659,627,628,596,564,565,533,534,535,536,537,538,539,507,508,476,477,478,446,446,446,446,446,446,446,446,446,446,446,446,446,446,446,446,
goal:446,446,446,446,446,446,446,446,446,446,446,446,446,446,446,446,446,446,446,446,446,446,446,446,446,446,446,446,446,446,446,446,446,446,446,446,
size:20
[agent] id:26
path:809,808,807,806,805,804,803,802,801,833,833,833,833,833,833,833,833,833,833,833,833,833,833,833,833,833,833,833,833,833,833,833,833,833,833,833,
goal:833,833,833,833,833,833,833,833,833,833,833,833,833,833,833,833,833,833,833,833,833,833,833,833,833,833,833,833,833,833,833,833,833,833,833,833,
size:9
[agent] id:27
path:685,653,621,621,622,590,558,557,556,555,554,522,490,458,426,427,427,427,427,427,427,427,427,427,427,427,427,427,427,427,427,427,427,427,427,427,
goal:427,427,427,427,427,427,427,427,427,427,427,427,427,427,427,427,427,427,427,427,427,427,427,427,427,427,427,427,427,427,427,427,427,427,427,427,
size:15
[agent] id:28
path:121,153,185,217,216,248,280,312,344,376,408,407,439,438,470,469,501,533,565,564,563,562,561,560,559,558,557,557,557,557,557,557,557,557,557,557,
goal:557,557,557,557,557,557,557,557,557,557,557,557,557,557,557,557,557,557,557,557,557,557,557,557,557,557,557,557,557,557,557,557,557,557,557,557,
size:26
[agent] id:29
path:557,589,590,622,654,686,687,688,720,752,753,785,786,818,850,851,883,884,885,886,918,950,982,983,984,985,986,987,988,989,989,989,989,989,989,989,
goal:989,989,989,989,989,989,989,989,989,989,989,989,989,989,989,989,989,989,989,989,989,989,989,989,989,989,989,989,989,989,989,989,989,989,989,989,
size:29
SolutionCost:619
