[setting] seed:4552
[solver] type:SASB-ECBS
[solver] w:2.000000
[solver] ID:0
[solver] Lowlevelnode:7461
[solver] Highlevelnode:23
[solver] ConflictCount:12
[solver] solved:1
[solver] elapsed:49
[solver] makespan:44
[problem] timesteplimit:15000
[problem] type:MAPF
[problem] agentnum:30
[graph] width:32
[graph] height:32
[graph] filename:./map/32by32_agents10_ex30.map
[task] id:5,start:0,end:0,service time:0,nodes:812,
[task] id:7,start:0,end:0,service time:0,nodes:303,
[task] id:8,start:0,end:0,service time:0,nodes:352,
[task] id:1,start:0,end:0,service time:0,nodes:307,
[task] id:10,start:0,end:0,service time:0,nodes:693,
[task] id:29,start:0,end:0,service time:0,nodes:888,
[task] id:6,start:0,end:0,service time:0,nodes:402,
[task] id:11,start:0,end:0,service time:0,nodes:456,
[task] id:18,start:0,end:0,service time:0,nodes:514,
[task] id:13,start:0,end:0,service time:0,nodes:50,
[task] id:19,start:0,end:0,service time:0,nodes:884,
[task] id:27,start:0,end:0,service time:0,nodes:605,
[task] id:22,start:0,end:0,service time:0,nodes:978,
[task] id:26,start:0,end:0,service time:0,nodes:594,
[task] id:9,start:0,end:0,service time:0,nodes:366,
[task] id:25,start:0,end:0,service time:0,nodes:887,
[task] id:3,start:0,end:0,service time:0,nodes:773,
[task] id:12,start:0,end:0,service time:0,nodes:24,
[task] id:17,start:0,end:0,service time:0,nodes:376,
[task] id:24,start:0,end:0,service time:0,nodes:292,
[task] id:20,start:0,end:0,service time:0,nodes:413,
[task] id:14,start:0,end:0,service time:0,nodes:207,
[task] id:16,start:0,end:0,service time:0,nodes:313,
[task] id:15,start:0,end:0,service time:0,nodes:189,
[task] id:4,start:0,end:0,service time:0,nodes:233,
[task] id:0,start:0,end:0,service time:0,nodes:516,
[task] id:2,start:0,end:0,service time:0,nodes:544,
[task] id:23,start:0,end:0,service time:0,nodes:742,
[task] id:28,start:0,end:0,service time:0,nodes:993,
[task] id:21,start:0,end:0,service time:0,nodes:1012,
[agent] id:0
path:221,189,188,187,219,218,217,216,215,214,213,212,211,210,242,241,240,239,271,270,302,301,300,332,364,396,428,460,459,458,490,522,521,520,519,518,517,516,516,516,516,516,516,516,516,
goal:516,516,516,516,516,516,516,516,516,516,516,516,516,516,516,516,516,516,516,516,516,516,516,516,516,516,516,516,516,516,516,516,516,516,516,516,516,516,516,516,516,516,516,516,516,
size:37
[agent] id:1
path:531,499,467,435,436,437,405,373,341,309,308,307,307,307,307,307,307,307,307,307,307,307,307,307,307,307,307,307,307,307,307,307,307,307,307,307,307,307,307,307,307,307,307,307,307,
goal:307,307,307,307,307,307,307,307,307,307,307,307,307,307,307,307,307,307,307,307,307,307,307,307,307,307,307,307,307,307,307,307,307,307,307,307,307,307,307,307,307,307,307,307,307,
size:11
[agent] id:2
path:119,151,183,215,214,213,212,211,210,209,209,241,240,239,271,270,269,268,300,332,364,396,395,394,393,392,424,423,422,454,453,452,451,450,449,448,480,512,544,544,544,544,544,544,544,
goal:544,544,544,544,544,544,544,544,544,544,544,544,544,544,544,544,544,544,544,544,544,544,544,544,544,544,544,544,544,544,544,544,544,544,544,544,544,544,544,544,544,544,544,544,544,
size:38
[agent] id:3
path:135,167,199,231,263,262,294,326,358,390,422,454,486,518,550,582,614,646,678,710,742,774,773,773,773,773,773,773,773,773,773,773,773,773,773,773,773,773,773,773,773,773,773,773,773,
goal:773,773,773,773,773,773,773,773,773,773,773,773,773,773,773,773,773,773,773,773,773,773,773,773,773,773,773,773,773,773,773,773,773,773,773,773,773,773,773,773,773,773,773,773,773,
size:22
[agent] id:4
path:1009,1010,978,946,914,882,850,818,786,754,722,690,658,626,594,562,530,529,528,527,526,494,493,461,429,397,396,364,332,300,268,236,235,234,233,233,233,233,233,233,233,233,233,233,233,
goal:233,233,233,233,233,233,233,233,233,233,233,233,233,233,233,233,233,233,233,233,233,233,233,233,233,233,233,233,233,233,233,233,233,233,233,233,233,233,233,233,233,233,233,233,233,
size:34
[agent] id:5
path:619,651,683,715,747,779,811,812,812,812,812,812,812,812,812,812,812,812,812,812,812,812,812,812,812,812,812,812,812,812,812,812,812,812,812,812,812,812,812,812,812,812,812,812,812,
goal:812,812,812,812,812,812,812,812,812,812,812,812,812,812,812,812,812,812,812,812,812,812,812,812,812,812,812,812,812,812,812,812,812,812,812,812,812,812,812,812,812,812,812,812,812,
size:7
[agent] id:6
path:850,818,786,754,722,690,658,626,594,562,530,498,466,434,402,402,402,402,402,402,402,402,402,402,402,402,402,402,402,402,402,402,402,402,402,402,402,402,402,402,402,402,402,402,402,
goal:402,402,402,402,402,402,402,402,402,402,402,402,402,402,402,402,402,402,402,402,402,402,402,402,402,402,402,402,402,402,402,402,402,402,402,402,402,402,402,402,402,402,402,402,402,
size:14
[agent] id:7
path:245,277,309,308,307,306,305,304,303,303,303,303,303,303,303,303,303,303,303,303,303,303,303,303,303,303,303,303,303,303,303,303,303,303,303,303,303,303,303,303,303,303,303,303,303,
goal:303,303,303,303,303,303,303,303,303,303,303,303,303,303,303,303,303,303,303,303,303,303,303,303,303,303,303,303,303,303,303,303,303,303,303,303,303,303,303,303,303,303,303,303,303,
size:8
[agent] id:8
path:515,483,451,419,418,417,385,353,352,352,352,352,352,352,352,352,352,352,352,352,352,352,352,352,352,352,352,352,352,352,352,352,352,352,352,352,352,352,352,352,352,352,352,352,352,
goal:352,352,352,352,352,352,352,352,352,352,352,352,352,352,352,352,352,352,352,352,352,352,352,352,352,352,352,352,352,352,352,352,352,352,352,352,352,352,352,352,352,352,352,352,352,
size:8
[agent] id:9
path:582,550,518,486,454,422,390,391,392,393,394,395,396,364,332,300,301,302,334,366,366,366,366,366,366,366,366,366,366,366,366,366,366,366,366,366,366,366,366,366,366,366,366,366,366,
goal:366,366,366,366,366,366,366,366,366,366,366,366,366,366,366,366,366,366,366,366,366,366,366,366,366,366,366,366,366,366,366,366,366,366,366,366,366,366,366,366,366,366,366,366,366,
size:19
[agent] id:10
path:341,373,405,437,469,501,533,565,597,629,661,693,693,693,693,693,693,693,693,693,693,693,693,693,693,693,693,693,693,693,693,693,693,693,693,693,693,693,693,693,693,693,693,693,693,
goal:693,693,693,693,693,693,693,693,693,693,693,693,693,693,693,693,693,693,693,693,693,693,693,693,693,693,693,693,693,693,693,693,693,693,693,693,693,693,693,693,693,693,693,693,693,
size:11
[agent] id:11
path:563,531,530,529,528,527,526,494,493,461,460,459,458,457,456,456,456,456,456,456,456,456,456,456,456,456,456,456,456,456,456,456,456,456,456,456,456,456,456,456,456,456,456,456,456,
goal:456,456,456,456,456,456,456,456,456,456,456,456,456,456,456,456,456,456,456,456,456,456,456,456,456,456,456,456,456,456,456,456,456,456,456,456,456,456,456,456,456,456,456,456,456,
size:14
[agent] id:12
path:166,134,135,136,137,138,139,140,172,173,174,142,110,78,79,80,48,49,17,18,19,20,21,22,23,24,24,24,24,24,24,24,24,24,24,24,24,24,24,24,24,24,24,24,24,
goal:24,24,24,24,24,24,24,24,24,24,24,24,24,24,24,24,24,24,24,24,24,24,24,24,24,24,24,24,24,24,24,24,24,24,24,24,24,24,24,24,24,24,24,24,24,
size:25
[agent] id:13
path:63,62,61,60,28,27,26,58,57,56,55,54,53,52,51,50,50,50,50,50,50,50,50,50,50,50,50,50,50,50,50,50,50,50,50,50,50,50,50,50,50,50,50,50,50,
goal:50,50,50,50,50,50,50,50,50,50,50,50,50,50,50,50,50,50,50,50,50,50,50,50,50,50,50,50,50,50,50,50,50,50,50,50,50,50,50,50,50,50,50,50,50,
size:15
[agent] id:14
path:838,806,774,742,710,678,646,614,582,550,551,519,487,486,454,422,390,358,326,294,262,230,231,199,200,201,202,203,204,205,206,207,207,207,207,207,207,207,207,207,207,207,207,207,207,
goal:207,207,207,207,207,207,207,207,207,207,207,207,207,207,207,207,207,207,207,207,207,207,207,207,207,207,207,207,207,207,207,207,207,207,207,207,207,207,207,207,207,207,207,207,207,
size:31
[agent] id:15
path:5,37,69,101,133,134,135,136,137,138,139,171,172,173,174,142,143,144,176,177,178,210,211,212,213,181,182,183,184,185,186,187,188,189,189,189,189,189,189,189,189,189,189,189,189,
goal:189,189,189,189,189,189,189,189,189,189,189,189,189,189,189,189,189,189,189,189,189,189,189,189,189,189,189,189,189,189,189,189,189,189,189,189,189,189,189,189,189,189,189,189,189,
size:33
[agent] id:16
path:942,943,911,879,847,848,849,850,818,786,754,722,690,658,626,627,628,596,564,565,566,534,535,503,504,472,473,441,409,377,345,313,313,313,313,313,313,313,313,313,313,313,313,313,313,
goal:313,313,313,313,313,313,313,313,313,313,313,313,313,313,313,313,313,313,313,313,313,313,313,313,313,313,313,313,313,313,313,313,313,313,313,313,313,313,313,313,313,313,313,313,313,
size:31
[agent] id:17
path:683,715,716,717,685,653,621,589,557,525,526,527,528,529,497,465,433,434,435,436,437,405,373,374,375,376,376,376,376,376,376,376,376,376,376,376,376,376,376,376,376,376,376,376,376,
goal:376,376,376,376,376,376,376,376,376,376,376,376,376,376,376,376,376,376,376,376,376,376,376,376,376,376,376,376,376,376,376,376,376,376,376,376,376,376,376,376,376,376,376,376,376,
size:25
[agent] id:18
path:807,775,743,711,679,647,615,583,551,519,518,517,516,515,514,514,514,514,514,514,514,514,514,514,514,514,514,514,514,514,514,514,514,514,514,514,514,514,514,514,514,514,514,514,514,
goal:514,514,514,514,514,514,514,514,514,514,514,514,514,514,514,514,514,514,514,514,514,514,514,514,514,514,514,514,514,514,514,514,514,514,514,514,514,514,514,514,514,514,514,514,514,
size:14
[agent] id:19
path:935,936,937,938,906,874,875,876,877,878,879,880,881,882,883,884,884,884,884,884,884,884,884,884,884,884,884,884,884,884,884,884,884,884,884,884,884,884,884,884,884,884,884,884,884,
goal:884,884,884,884,884,884,884,884,884,884,884,884,884,884,884,884,884,884,884,884,884,884,884,884,884,884,884,884,884,884,884,884,884,884,884,884,884,884,884,884,884,884,884,884,884,
size:15
[agent] id:20
path:200,201,202,203,204,205,206,207,239,240,241,242,243,211,212,213,245,277,309,341,373,374,375,376,377,378,379,380,412,413,413,413,413,413,413,413,413,413,413,413,413,413,413,413,413,
goal:413,413,413,413,413,413,413,413,413,413,413,413,413,413,413,413,413,413,413,413,413,413,413,413,413,413,413,413,413,413,413,413,413,413,413,413,413,413,413,413,413,413,413,413,413,
size:29
[agent] id:21
path:229,261,293,294,326,358,359,359,391,423,424,456,457,489,521,553,554,555,556,557,589,621,653,685,717,749,781,782,814,846,847,848,849,850,851,852,853,885,886,918,950,949,948,980,1012,
goal:1012,1012,1012,1012,1012,1012,1012,1012,1012,1012,1012,1012,1012,1012,1012,1012,1012,1012,1012,1012,1012,1012,1012,1012,1012,1012,1012,1012,1012,1012,1012,1012,1012,1012,1012,1012,1012,1012,1012,1012,1012,1012,1012,1012,1012,
size:44
[agent] id:22
path:797,796,795,794,793,825,824,823,855,887,919,918,950,949,948,980,979,978,978,978,978,978,978,978,978,978,978,978,978,978,978,978,978,978,978,978,978,978,978,978,978,978,978,978,978,
goal:978,978,978,978,978,978,978,978,978,978,978,978,978,978,978,978,978,978,978,978,978,978,978,978,978,978,978,978,978,978,978,978,978,978,978,978,978,978,978,978,978,978,978,978,978,
size:17
[agent] id:23
path:90,122,121,153,185,217,216,248,280,312,344,376,408,407,439,438,470,469,501,533,565,597,629,661,660,692,691,690,689,688,687,686,718,717,716,715,714,713,745,744,743,742,742,742,742,
goal:742,742,742,742,742,742,742,742,742,742,742,742,742,742,742,742,742,742,742,742,742,742,742,742,742,742,742,742,742,742,742,742,742,742,742,742,742,742,742,742,742,742,742,742,742,
size:41
[agent] id:24
path:1002,970,938,906,874,842,810,809,808,776,744,712,680,648,616,584,552,520,519,487,486,454,422,390,358,326,294,293,292,292,292,292,292,292,292,292,292,292,292,292,292,292,292,292,292,
goal:292,292,292,292,292,292,292,292,292,292,292,292,292,292,292,292,292,292,292,292,292,292,292,292,292,292,292,292,292,292,292,292,292,292,292,292,292,292,292,292,292,292,292,292,292,
size:28
[agent] id:25
path:465,497,529,561,593,594,626,627,659,691,723,724,725,757,758,759,791,823,855,887,887,887,887,887,887,887,887,887,887,887,887,887,887,887,887,887,887,887,887,887,887,887,887,887,887,
goal:887,887,887,887,887,887,887,887,887,887,887,887,887,887,887,887,887,887,887,887,887,887,887,887,887,887,887,887,887,887,887,887,887,887,887,887,887,887,887,887,887,887,887,887,887,
size:19
[agent] id:26
path:380,379,378,410,442,474,473,472,504,536,535,567,566,565,564,563,562,594,594,594,594,594,594,594,594,594,594,594,594,594,594,594,594,594,594,594,594,594,594,594,594,594,594,594,594,
goal:594,594,594,594,594,594,594,594,594,594,594,594,594,594,594,594,594,594,594,594,594,594,594,594,594,594,594,594,594,594,594,594,594,594,594,594,594,594,594,594,594,594,594,594,594,
size:17
[agent] id:27
path:561,562,563,564,596,597,598,599,600,632,633,634,602,603,604,605,605,605,605,605,605,605,605,605,605,605,605,605,605,605,605,605,605,605,605,605,605,605,605,605,605,605,605,605,605,
goal:605,605,605,605,605,605,605,605,605,605,605,605,605,605,605,605,605,605,605,605,605,605,605,605,605,605,605,605,605,605,605,605,605,605,605,605,605,605,605,605,605,605,605,605,605,
size:15
[agent] id:28
path:209,241,273,305,337,369,401,433,465,497,529,561,593,592,591,623,655,687,686,718,750,782,814,846,878,877,909,941,940,939,938,937,936,935,967,966,965,964,963,962,961,993,993,993,993,
goal:993,993,993,993,993,993,993,993,993,993,993,993,993,993,993,993,993,993,993,993,993,993,993,993,993,993,993,993,993,993,993,993,993,993,993,993,993,993,993,993,993,993,993,993,993,
size:41
[agent] id:29
path:600,632,664,696,728,760,792,824,823,855,887,888,888,888,888,888,888,888,888,888,888,888,888,888,888,888,888,888,888,888,888,888,888,888,888,888,888,888,888,888,888,888,888,888,888,
goal:888,888,888,888,888,888,888,888,888,888,888,888,888,888,888,888,888,888,888,888,888,888,888,888,888,888,888,888,888,888,888,888,888,888,888,888,888,888,888,888,888,888,888,888,888,
size:11
SolutionCost:674
