[setting] seed:66
[solver] type:SASB-ECBS
[solver] w:2.000000
[solver] ID:0
[solver] Lowlevelnode:5901
[solver] Highlevelnode:21
[solver] ConflictCount:11
[solver] solved:1
[solver] elapsed:44
[solver] makespan:45
[problem] timesteplimit:15000
[problem] type:MAPF
[problem] agentnum:30
[graph] width:32
[graph] height:32
[graph] filename:./map/32by32_agents10_ex30.map
[task] id:3,start:0,end:0,service time:0,nodes:344,
[task] id:13,start:0,end:0,service time:0,nodes:851,
[task] id:26,start:0,end:0,service time:0,nodes:741,
[task] id:25,start:0,end:0,service time:0,nodes:619,
[task] id:12,start:0,end:0,service time:0,nodes:54,
[task] id:23,start:0,end:0,service time:0,nodes:373,
[task] id:11,start:0,end:0,service time:0,nodes:308,
[task] id:19,start:0,end:0,service time:0,nodes:880,
[task] id:30,start:0,end:0,service time:0,nodes:619,
[task] id:24,start:0,end:0,service time:0,nodes:759,
[task] id:28,start:0,end:0,service time:0,nodes:921,
[task] id:6,start:0,end:0,service time:0,nodes:919,
[task] id:10,start:0,end:0,service time:0,nodes:448,
[task] id:16,start:0,end:0,service time:0,nodes:562,
[task] id:29,start:0,end:0,service time:0,nodes:355,
[task] id:5,start:0,end:0,service time:0,nodes:637,
[task] id:20,start:0,end:0,service time:0,nodes:733,
[task] id:22,start:0,end:0,service time:0,nodes:213,
[task] id:27,start:0,end:0,service time:0,nodes:945,
[task] id:0,start:0,end:0,service time:0,nodes:211,
[task] id:18,start:0,end:0,service time:0,nodes:861,
[task] id:14,start:0,end:0,service time:0,nodes:879,
[task] id:21,start:0,end:0,service time:0,nodes:281,
[task] id:2,start:0,end:0,service time:0,nodes:920,
[task] id:15,start:0,end:0,service time:0,nodes:1000,
[task] id:8,start:0,end:0,service time:0,nodes:103,
[task] id:9,start:0,end:0,service time:0,nodes:636,
[task] id:17,start:0,end:0,service time:0,nodes:513,
[task] id:4,start:0,end:0,service time:0,nodes:676,
[task] id:1,start:0,end:0,service time:0,nodes:7,
[task] id:7,start:0,end:0,service time:0,nodes:512,
[agent] id:0
path:514,482,450,418,419,420,421,389,390,391,392,393,394,395,396,364,332,300,268,269,270,271,239,240,241,209,210,211,211,211,211,211,211,211,211,211,211,211,211,211,211,211,211,211,211,211,
goal:211,211,211,211,211,211,211,211,211,211,211,211,211,211,211,211,211,211,211,211,211,211,211,211,211,211,211,211,211,211,211,211,211,211,211,211,211,211,211,211,211,211,211,211,211,211,
size:27
[agent] id:1
path:1004,972,940,908,876,844,812,811,779,747,715,683,651,619,618,617,616,584,552,520,519,487,486,454,422,390,358,326,294,262,230,231,199,167,135,136,104,72,40,8,7,7,7,7,7,7,
goal:7,7,7,7,7,7,7,7,7,7,7,7,7,7,7,7,7,7,7,7,7,7,7,7,7,7,7,7,7,7,7,7,7,7,7,7,7,7,7,7,7,7,7,7,7,7,
size:40
[agent] id:2
path:150,182,214,213,245,277,309,341,373,374,406,438,470,469,501,533,565,597,629,661,693,725,726,727,728,760,792,824,823,855,887,888,920,920,920,920,920,920,920,920,920,920,920,920,920,920,
goal:920,920,920,920,920,920,920,920,920,920,920,920,920,920,920,920,920,920,920,920,920,920,920,920,920,920,920,920,920,920,920,920,920,920,920,920,920,920,920,920,920,920,920,920,920,920,
size:32
[agent] id:3
path:152,184,216,248,280,312,344,344,344,344,344,344,344,344,344,344,344,344,344,344,344,344,344,344,344,344,344,344,344,344,344,344,344,344,344,344,344,344,344,344,344,344,344,344,344,344,
goal:344,344,344,344,344,344,344,344,344,344,344,344,344,344,344,344,344,344,344,344,344,344,344,344,344,344,344,344,344,344,344,344,344,344,344,344,344,344,344,344,344,344,344,344,344,344,
size:6
[agent] id:4
path:186,218,217,216,248,280,312,311,310,342,374,406,438,470,469,501,533,565,597,629,661,660,659,658,657,656,655,654,653,652,651,683,682,681,680,679,678,677,676,676,676,676,676,676,676,676,
goal:676,676,676,676,676,676,676,676,676,676,676,676,676,676,676,676,676,676,676,676,676,676,676,676,676,676,676,676,676,676,676,676,676,676,676,676,676,676,676,676,676,676,676,676,676,676,
size:38
[agent] id:5
path:555,556,557,589,590,591,592,593,594,626,627,628,629,630,631,632,633,634,635,636,637,637,637,637,637,637,637,637,637,637,637,637,637,637,637,637,637,637,637,637,637,637,637,637,637,637,
goal:637,637,637,637,637,637,637,637,637,637,637,637,637,637,637,637,637,637,637,637,637,637,637,637,637,637,637,637,637,637,637,637,637,637,637,637,637,637,637,637,637,637,637,637,637,637,
size:20
[agent] id:6
path:530,562,594,626,658,690,722,754,786,818,850,882,883,884,885,886,918,919,919,919,919,919,919,919,919,919,919,919,919,919,919,919,919,919,919,919,919,919,919,919,919,919,919,919,919,919,
goal:919,919,919,919,919,919,919,919,919,919,919,919,919,919,919,919,919,919,919,919,919,919,919,919,919,919,919,919,919,919,919,919,919,919,919,919,919,919,919,919,919,919,919,919,919,919,
size:17
[agent] id:7
path:91,123,155,187,219,218,217,216,215,214,213,212,211,243,242,241,240,239,271,303,302,301,300,332,364,396,428,460,459,458,490,522,521,520,519,518,517,516,515,547,579,578,577,545,544,512,
goal:512,512,512,512,512,512,512,512,512,512,512,512,512,512,512,512,512,512,512,512,512,512,512,512,512,512,512,512,512,512,512,512,512,512,512,512,512,512,512,512,512,512,512,512,512,512,
size:45
[agent] id:8
path:940,908,876,844,812,811,779,747,715,683,651,619,618,617,616,584,552,520,519,487,486,454,422,390,358,326,294,262,230,231,199,167,135,103,103,103,103,103,103,103,103,103,103,103,103,103,
goal:103,103,103,103,103,103,103,103,103,103,103,103,103,103,103,103,103,103,103,103,103,103,103,103,103,103,103,103,103,103,103,103,103,103,103,103,103,103,103,103,103,103,103,103,103,103,
size:33
[agent] id:9
path:138,139,171,203,235,236,268,300,332,364,396,428,460,461,493,525,557,589,590,591,592,593,594,626,627,628,629,630,631,632,633,634,635,636,636,636,636,636,636,636,636,636,636,636,636,636,
goal:636,636,636,636,636,636,636,636,636,636,636,636,636,636,636,636,636,636,636,636,636,636,636,636,636,636,636,636,636,636,636,636,636,636,636,636,636,636,636,636,636,636,636,636,636,636,
size:33
[agent] id:10
path:866,867,835,803,771,739,707,706,705,673,641,609,577,545,513,512,480,448,448,448,448,448,448,448,448,448,448,448,448,448,448,448,448,448,448,448,448,448,448,448,448,448,448,448,448,448,
goal:448,448,448,448,448,448,448,448,448,448,448,448,448,448,448,448,448,448,448,448,448,448,448,448,448,448,448,448,448,448,448,448,448,448,448,448,448,448,448,448,448,448,448,448,448,448,
size:17
[agent] id:11
path:693,661,629,597,565,533,501,469,437,405,373,341,309,308,308,308,308,308,308,308,308,308,308,308,308,308,308,308,308,308,308,308,308,308,308,308,308,308,308,308,308,308,308,308,308,308,
goal:308,308,308,308,308,308,308,308,308,308,308,308,308,308,308,308,308,308,308,308,308,308,308,308,308,308,308,308,308,308,308,308,308,308,308,308,308,308,308,308,308,308,308,308,308,308,
size:13
[agent] id:12
path:127,95,94,93,92,91,90,58,57,56,55,54,54,54,54,54,54,54,54,54,54,54,54,54,54,54,54,54,54,54,54,54,54,54,54,54,54,54,54,54,54,54,54,54,54,54,
goal:54,54,54,54,54,54,54,54,54,54,54,54,54,54,54,54,54,54,54,54,54,54,54,54,54,54,54,54,54,54,54,54,54,54,54,54,54,54,54,54,54,54,54,54,54,54,
size:11
[agent] id:13
path:782,814,846,847,848,849,850,851,851,851,851,851,851,851,851,851,851,851,851,851,851,851,851,851,851,851,851,851,851,851,851,851,851,851,851,851,851,851,851,851,851,851,851,851,851,851,
goal:851,851,851,851,851,851,851,851,851,851,851,851,851,851,851,851,851,851,851,851,851,851,851,851,851,851,851,851,851,851,851,851,851,851,851,851,851,851,851,851,851,851,851,851,851,851,
size:7
[agent] id:14
path:229,261,293,294,326,358,390,422,454,486,518,550,582,614,646,678,710,742,774,806,838,839,840,841,842,874,875,876,877,878,879,879,879,879,879,879,879,879,879,879,879,879,879,879,879,879,
goal:879,879,879,879,879,879,879,879,879,879,879,879,879,879,879,879,879,879,879,879,879,879,879,879,879,879,879,879,879,879,879,879,879,879,879,879,879,879,879,879,879,879,879,879,879,879,
size:30
[agent] id:15
path:799,798,797,796,795,794,793,825,824,823,855,854,853,852,884,883,915,914,946,945,944,943,942,941,940,939,938,937,936,935,967,999,1000,1000,1000,1000,1000,1000,1000,1000,1000,1000,1000,1000,1000,1000,
goal:1000,1000,1000,1000,1000,1000,1000,1000,1000,1000,1000,1000,1000,1000,1000,1000,1000,1000,1000,1000,1000,1000,1000,1000,1000,1000,1000,1000,1000,1000,1000,1000,1000,1000,1000,1000,1000,1000,1000,1000,1000,1000,1000,1000,1000,1000,
size:32
[agent] id:16
path:921,920,888,887,855,823,791,759,727,695,663,631,599,567,566,565,564,563,562,562,562,562,562,562,562,562,562,562,562,562,562,562,562,562,562,562,562,562,562,562,562,562,562,562,562,562,
goal:562,562,562,562,562,562,562,562,562,562,562,562,562,562,562,562,562,562,562,562,562,562,562,562,562,562,562,562,562,562,562,562,562,562,562,562,562,562,562,562,562,562,562,562,562,562,
size:18
[agent] id:17
path:733,701,669,637,636,635,634,633,632,600,599,567,566,565,564,563,562,561,560,559,558,557,556,555,554,522,521,520,519,518,517,516,515,514,513,513,513,513,513,513,513,513,513,513,513,513,
goal:513,513,513,513,513,513,513,513,513,513,513,513,513,513,513,513,513,513,513,513,513,513,513,513,513,513,513,513,513,513,513,513,513,513,513,513,513,513,513,513,513,513,513,513,513,513,
size:34
[agent] id:18
path:806,838,839,840,841,842,843,844,845,846,847,848,849,850,850,882,883,884,852,853,821,822,823,824,825,857,858,859,860,861,861,861,861,861,861,861,861,861,861,861,861,861,861,861,861,861,
goal:861,861,861,861,861,861,861,861,861,861,861,861,861,861,861,861,861,861,861,861,861,861,861,861,861,861,861,861,861,861,861,861,861,861,861,861,861,861,861,861,861,861,861,861,861,861,
size:29
[agent] id:19
path:529,561,593,594,626,658,690,722,754,786,818,850,882,881,880,880,880,880,880,880,880,880,880,880,880,880,880,880,880,880,880,880,880,880,880,880,880,880,880,880,880,880,880,880,880,880,
goal:880,880,880,880,880,880,880,880,880,880,880,880,880,880,880,880,880,880,880,880,880,880,880,880,880,880,880,880,880,880,880,880,880,880,880,880,880,880,880,880,880,880,880,880,880,880,
size:14
[agent] id:20
path:876,877,878,879,880,881,882,883,884,852,853,821,822,823,791,792,793,794,795,796,764,765,733,733,733,733,733,733,733,733,733,733,733,733,733,733,733,733,733,733,733,733,733,733,733,733,
goal:733,733,733,733,733,733,733,733,733,733,733,733,733,733,733,733,733,733,733,733,733,733,733,733,733,733,733,733,733,733,733,733,733,733,733,733,733,733,733,733,733,733,733,733,733,733,
size:22
[agent] id:21
path:944,912,880,848,849,850,851,852,853,821,822,822,823,791,759,727,695,663,631,599,567,535,503,504,472,473,441,409,377,345,313,281,281,281,281,281,281,281,281,281,281,281,281,281,281,281,
goal:281,281,281,281,281,281,281,281,281,281,281,281,281,281,281,281,281,281,281,281,281,281,281,281,281,281,281,281,281,281,281,281,281,281,281,281,281,281,281,281,281,281,281,281,281,281,
size:31
[agent] id:22
path:717,685,653,621,589,557,525,526,527,528,529,497,465,433,401,369,337,305,273,241,209,210,211,212,213,213,213,213,213,213,213,213,213,213,213,213,213,213,213,213,213,213,213,213,213,213,
goal:213,213,213,213,213,213,213,213,213,213,213,213,213,213,213,213,213,213,213,213,213,213,213,213,213,213,213,213,213,213,213,213,213,213,213,213,213,213,213,213,213,213,213,213,213,213,
size:24
[agent] id:23
path:571,539,538,537,536,535,534,533,501,469,437,405,373,373,373,373,373,373,373,373,373,373,373,373,373,373,373,373,373,373,373,373,373,373,373,373,373,373,373,373,373,373,373,373,373,373,
goal:373,373,373,373,373,373,373,373,373,373,373,373,373,373,373,373,373,373,373,373,373,373,373,373,373,373,373,373,373,373,373,373,373,373,373,373,373,373,373,373,373,373,373,373,373,373,
size:12
[agent] id:24
path:650,651,652,653,685,686,687,688,720,721,722,723,724,725,757,758,759,759,759,759,759,759,759,759,759,759,759,759,759,759,759,759,759,759,759,759,759,759,759,759,759,759,759,759,759,759,
goal:759,759,759,759,759,759,759,759,759,759,759,759,759,759,759,759,759,759,759,759,759,759,759,759,759,759,759,759,759,759,759,759,759,759,759,759,759,759,759,759,759,759,759,759,759,759,
size:16
[agent] id:25
path:594,593,592,591,623,622,621,620,619,619,619,620,620,620,619,619,619,619,619,619,619,619,619,619,619,619,619,619,619,619,619,619,619,619,619,619,619,619,619,619,619,619,619,619,619,619,
goal:619,619,619,619,619,619,619,619,619,619,619,619,619,619,619,619,619,619,619,619,619,619,619,619,619,619,619,619,619,619,619,619,619,619,619,619,619,619,619,619,619,619,619,619,619,619,
size:14
[agent] id:26
path:872,840,808,776,744,743,742,741,741,741,741,741,741,741,741,741,741,741,741,741,741,741,741,741,741,741,741,741,741,741,741,741,741,741,741,741,741,741,741,741,741,741,741,741,741,741,
goal:741,741,741,741,741,741,741,741,741,741,741,741,741,741,741,741,741,741,741,741,741,741,741,741,741,741,741,741,741,741,741,741,741,741,741,741,741,741,741,741,741,741,741,741,741,741,
size:7
[agent] id:27
path:299,331,332,364,396,428,460,461,493,525,557,589,621,653,685,717,749,781,782,814,846,878,879,911,943,944,945,945,945,945,945,945,945,945,945,945,945,945,945,945,945,945,945,945,945,945,
goal:945,945,945,945,945,945,945,945,945,945,945,945,945,945,945,945,945,945,945,945,945,945,945,945,945,945,945,945,945,945,945,945,945,945,945,945,945,945,945,945,945,945,945,945,945,945,
size:26
[agent] id:28
path:603,635,667,699,731,730,762,794,793,825,824,823,855,887,919,920,921,921,921,921,921,921,921,921,921,921,921,921,921,921,921,921,921,921,921,921,921,921,921,921,921,921,921,921,921,921,
goal:921,921,921,921,921,921,921,921,921,921,921,921,921,921,921,921,921,921,921,921,921,921,921,921,921,921,921,921,921,921,921,921,921,921,921,921,921,921,921,921,921,921,921,921,921,921,
size:16
[agent] id:29
path:837,805,773,741,709,677,645,613,614,582,550,549,517,485,453,421,389,357,356,355,355,355,355,355,355,355,355,355,355,355,355,355,355,355,355,355,355,355,355,355,355,355,355,355,355,355,
goal:355,355,355,355,355,355,355,355,355,355,355,355,355,355,355,355,355,355,355,355,355,355,355,355,355,355,355,355,355,355,355,355,355,355,355,355,355,355,355,355,355,355,355,355,355,355,
size:19
SolutionCost:683
