[setting] seed:17580
[solver] type:SASB-ECBS
[solver] w:2.000000
[solver] ID:0
[solver] Lowlevelnode:5042
[solver] Highlevelnode:24
[solver] ConflictCount:12
[solver] solved:1
[solver] elapsed:34
[solver] makespan:38
[problem] timesteplimit:15000
[problem] type:MAPF
[problem] agentnum:30
[graph] width:32
[graph] height:32
[graph] filename:./map/32by32_agents10_ex30.map
[task] id:29,start:0,end:0,service time:0,nodes:12,
[task] id:22,start:0,end:0,service time:0,nodes:446,
[task] id:8,start:0,end:0,service time:0,nodes:935,
[task] id:17,start:0,end:0,service time:0,nodes:915,
[task] id:25,start:0,end:0,service time:0,nodes:565,
[task] id:20,start:0,end:0,service time:0,nodes:133,
[task] id:10,start:0,end:0,service time:0,nodes:623,
[task] id:24,start:0,end:0,service time:0,nodes:354,
[task] id:27,start:0,end:0,service time:0,nodes:463,
[task] id:23,start:0,end:0,service time:0,nodes:144,
[task] id:6,start:0,end:0,service time:0,nodes:525,
[task] id:19,start:0,end:0,service time:0,nodes:2,
[task] id:1,start:0,end:0,service time:0,nodes:823,
[task] id:26,start:0,end:0,service time:0,nodes:673,
[task] id:0,start:0,end:0,service time:0,nodes:342,
[task] id:15,start:0,end:0,service time:0,nodes:497,
[task] id:18,start:0,end:0,service time:0,nodes:842,
[task] id:13,start:0,end:0,service time:0,nodes:14,
[task] id:12,start:0,end:0,service time:0,nodes:520,
[task] id:21,start:0,end:0,service time:0,nodes:407,
[task] id:16,start:0,end:0,service time:0,nodes:234,
[task] id:3,start:0,end:0,service time:0,nodes:82,
[task] id:4,start:0,end:0,service time:0,nodes:925,
[task] id:28,start:0,end:0,service time:0,nodes:737,
[task] id:7,start:0,end:0,service time:0,nodes:930,
[task] id:5,start:0,end:0,service time:0,nodes:181,
[task] id:9,start:0,end:0,service time:0,nodes:952,
[task] id:14,start:0,end:0,service time:0,nodes:711,
[task] id:2,start:0,end:0,service time:0,nodes:966,
[task] id:11,start:0,end:0,service time:0,nodes:45,
[agent] id:0
path:10,42,74,106,138,139,171,203,204,205,206,207,239,271,303,304,305,306,307,308,309,341,342,342,342,342,342,342,342,342,342,342,342,342,342,342,342,342,342,
goal:342,342,342,342,342,342,342,342,342,342,342,342,342,342,342,342,342,342,342,342,342,342,342,342,342,342,342,342,342,342,342,342,342,342,342,342,342,342,342,
size:22
[agent] id:1
path:712,713,714,715,716,717,685,686,687,688,689,690,722,723,724,725,757,758,758,759,791,823,823,823,823,823,823,823,823,823,823,823,823,823,823,823,823,823,823,
goal:823,823,823,823,823,823,823,823,823,823,823,823,823,823,823,823,823,823,823,823,823,823,823,823,823,823,823,823,823,823,823,823,823,823,823,823,823,823,823,
size:21
[agent] id:2
path:210,242,274,306,305,337,369,368,400,432,464,465,497,529,561,593,592,591,590,622,654,686,718,717,716,715,747,779,811,810,809,841,840,872,871,870,902,934,966,
goal:966,966,966,966,966,966,966,966,966,966,966,966,966,966,966,966,966,966,966,966,966,966,966,966,966,966,966,966,966,966,966,966,966,966,966,966,966,966,966,
size:38
[agent] id:3
path:614,582,550,518,486,454,422,390,358,326,294,262,230,231,199,200,201,202,203,171,172,173,174,142,110,78,79,80,81,82,82,82,82,82,82,82,82,82,82,
goal:82,82,82,82,82,82,82,82,82,82,82,82,82,82,82,82,82,82,82,82,82,82,82,82,82,82,82,82,82,82,82,82,82,82,82,82,82,82,82,
size:29
[agent] id:4
path:311,312,344,376,408,409,441,473,472,504,536,535,567,599,631,663,695,727,759,791,823,824,825,857,858,859,860,892,924,925,925,925,925,925,925,925,925,925,925,
goal:925,925,925,925,925,925,925,925,925,925,925,925,925,925,925,925,925,925,925,925,925,925,925,925,925,925,925,925,925,925,925,925,925,925,925,925,925,925,925,
size:29
[agent] id:5
path:870,838,806,774,742,710,678,646,614,582,550,518,486,454,422,390,391,392,393,394,395,396,364,332,300,268,269,270,271,239,240,241,209,210,211,212,213,181,181,
goal:181,181,181,181,181,181,181,181,181,181,181,181,181,181,181,181,181,181,181,181,181,181,181,181,181,181,181,181,181,181,181,181,181,181,181,181,181,181,181,
size:37
[agent] id:6
path:134,166,167,199,200,201,233,234,235,236,268,300,332,364,396,428,460,461,493,525,525,525,525,525,525,525,525,525,525,525,525,525,525,525,525,525,525,525,525,
goal:525,525,525,525,525,525,525,525,525,525,525,525,525,525,525,525,525,525,525,525,525,525,525,525,525,525,525,525,525,525,525,525,525,525,525,525,525,525,525,
size:19
[agent] id:7
path:264,263,262,261,260,259,258,290,322,354,353,385,417,449,450,482,514,515,547,579,611,643,644,676,708,707,739,771,803,835,867,899,931,930,930,930,930,930,930,
goal:930,930,930,930,930,930,930,930,930,930,930,930,930,930,930,930,930,930,930,930,930,930,930,930,930,930,930,930,930,930,930,930,930,930,930,930,930,930,930,
size:33
[agent] id:8
path:677,709,741,773,805,837,869,901,933,934,935,935,935,935,935,935,935,935,935,935,935,935,935,935,935,935,935,935,935,935,935,935,935,935,935,935,935,935,935,
goal:935,935,935,935,935,935,935,935,935,935,935,935,935,935,935,935,935,935,935,935,935,935,935,935,935,935,935,935,935,935,935,935,935,935,935,935,935,935,935,
size:10
[agent] id:9
path:419,451,483,515,547,579,611,643,644,676,708,709,741,773,805,837,838,839,840,841,842,874,875,876,877,878,879,880,881,882,883,884,885,886,918,919,920,952,952,
goal:952,952,952,952,952,952,952,952,952,952,952,952,952,952,952,952,952,952,952,952,952,952,952,952,952,952,952,952,952,952,952,952,952,952,952,952,952,952,952,
size:37
[agent] id:10
path:637,636,635,634,633,632,631,630,629,628,627,626,594,593,592,591,623,623,623,623,623,623,623,623,623,623,623,623,623,623,623,623,623,623,623,623,623,623,623,
goal:623,623,623,623,623,623,623,623,623,623,623,623,623,623,623,623,623,623,623,623,623,623,623,623,623,623,623,623,623,623,623,623,623,623,623,623,623,623,623,
size:16
[agent] id:11
path:857,857,825,793,792,760,728,696,664,632,600,599,598,597,596,564,563,531,499,467,435,403,402,401,369,337,305,273,241,209,177,145,113,81,80,79,78,77,45,
goal:45,45,45,45,45,45,45,45,45,45,45,45,45,45,45,45,45,45,45,45,45,45,45,45,45,45,45,45,45,45,45,45,45,45,45,45,45,45,45,
size:38
[agent] id:12
path:50,82,114,146,178,210,242,274,306,305,304,303,302,301,300,332,364,396,428,460,459,458,490,522,521,520,520,520,520,520,520,520,520,520,520,520,520,520,520,
goal:520,520,520,520,520,520,520,520,520,520,520,520,520,520,520,520,520,520,520,520,520,520,520,520,520,520,520,520,520,520,520,520,520,520,520,520,520,520,520,
size:25
[agent] id:13
path:592,560,528,529,497,465,433,401,369,337,305,273,241,209,177,145,113,81,80,79,78,77,45,13,14,14,14,14,14,14,14,14,14,14,14,14,14,14,14,
goal:14,14,14,14,14,14,14,14,14,14,14,14,14,14,14,14,14,14,14,14,14,14,14,14,14,14,14,14,14,14,14,14,14,14,14,14,14,14,14,
size:24
[agent] id:14
path:121,153,185,217,216,248,280,312,344,376,408,407,439,438,470,469,468,467,466,498,530,562,594,626,658,690,689,688,687,686,718,717,716,715,714,713,712,711,711,
goal:711,711,711,711,711,711,711,711,711,711,711,711,711,711,711,711,711,711,711,711,711,711,711,711,711,711,711,711,711,711,711,711,711,711,711,711,711,711,711,
size:37
[agent] id:15
path:799,798,766,734,702,670,669,637,605,604,603,571,539,538,537,536,535,534,533,501,500,499,498,497,497,497,497,497,497,497,497,497,497,497,497,497,497,497,497,
goal:497,497,497,497,497,497,497,497,497,497,497,497,497,497,497,497,497,497,497,497,497,497,497,497,497,497,497,497,497,497,497,497,497,497,497,497,497,497,497,
size:23
[agent] id:16
path:716,717,685,653,621,589,557,525,493,461,429,397,396,396,397,396,396,395,395,396,364,332,300,268,236,235,234,234,234,234,234,234,234,234,234,234,234,234,234,
goal:234,234,234,234,234,234,234,234,234,234,234,234,234,234,234,234,234,234,234,234,234,234,234,234,234,234,234,234,234,234,234,234,234,234,234,234,234,234,234,
size:26
[agent] id:17
path:793,825,824,823,855,887,886,885,884,883,915,915,915,915,915,915,915,915,915,915,915,915,915,915,915,915,915,915,915,915,915,915,915,915,915,915,915,915,915,
goal:915,915,915,915,915,915,915,915,915,915,915,915,915,915,915,915,915,915,915,915,915,915,915,915,915,915,915,915,915,915,915,915,915,915,915,915,915,915,915,
size:10
[agent] id:18
path:733,765,797,796,795,794,793,825,824,823,855,854,853,852,851,850,849,848,847,846,845,844,843,842,842,842,842,842,842,842,842,842,842,842,842,842,842,842,842,
goal:842,842,842,842,842,842,842,842,842,842,842,842,842,842,842,842,842,842,842,842,842,842,842,842,842,842,842,842,842,842,842,842,842,842,842,842,842,842,842,
size:23
[agent] id:19
path:453,421,389,357,358,326,294,262,230,229,197,165,133,101,69,37,5,4,3,2,2,2,2,2,2,2,2,2,2,2,2,2,2,2,2,2,2,2,2,
goal:2,2,2,2,2,2,2,2,2,2,2,2,2,2,2,2,2,2,2,2,2,2,2,2,2,2,2,2,2,2,2,2,2,2,2,2,2,2,2,
size:19
[agent] id:20
path:146,145,144,143,142,174,173,172,140,139,138,137,136,135,134,133,133,133,133,133,133,133,133,133,133,133,133,133,133,133,133,133,133,133,133,133,133,133,133,
goal:133,133,133,133,133,133,133,133,133,133,133,133,133,133,133,133,133,133,133,133,133,133,133,133,133,133,133,133,133,133,133,133,133,133,133,133,133,133,133,
size:15
[agent] id:21
path:922,921,920,888,887,888,887,855,823,791,759,727,695,663,662,630,598,566,534,533,501,469,437,405,406,407,407,407,407,407,407,407,407,407,407,407,407,407,407,
goal:407,407,407,407,407,407,407,407,407,407,407,407,407,407,407,407,407,407,407,407,407,407,407,407,407,407,407,407,407,407,407,407,407,407,407,407,407,407,407,
size:25
[agent] id:22
path:287,286,318,317,349,381,413,414,446,446,446,446,446,446,446,446,446,446,446,446,446,446,446,446,446,446,446,446,446,446,446,446,446,446,446,446,446,446,446,
goal:446,446,446,446,446,446,446,446,446,446,446,446,446,446,446,446,446,446,446,446,446,446,446,446,446,446,446,446,446,446,446,446,446,446,446,446,446,446,446,
size:8
[agent] id:23
path:563,531,499,467,435,403,402,402,401,369,337,305,273,241,209,177,145,144,144,144,144,144,144,144,144,144,144,144,144,144,144,144,144,144,144,144,144,144,144,
goal:144,144,144,144,144,144,144,144,144,144,144,144,144,144,144,144,144,144,144,144,144,144,144,144,144,144,144,144,144,144,144,144,144,144,144,144,144,144,144,
size:17
[agent] id:24
path:234,202,201,200,168,200,199,231,263,262,261,260,259,258,290,322,354,354,354,354,354,354,354,354,354,354,354,354,354,354,354,354,354,354,354,354,354,354,354,
goal:354,354,354,354,354,354,354,354,354,354,354,354,354,354,354,354,354,354,354,354,354,354,354,354,354,354,354,354,354,354,354,354,354,354,354,354,354,354,354,
size:16
[agent] id:25
path:181,213,245,277,309,341,373,405,437,469,501,533,565,565,565,565,565,565,565,565,565,565,565,565,565,565,565,565,565,565,565,565,565,565,565,565,565,565,565,
goal:565,565,565,565,565,565,565,565,565,565,565,565,565,565,565,565,565,565,565,565,565,565,565,565,565,565,565,565,565,565,565,565,565,565,565,565,565,565,565,
size:12
[agent] id:26
path:263,262,261,260,259,258,290,322,354,353,385,417,449,448,480,512,544,576,577,609,641,673,673,673,673,673,673,673,673,673,673,673,673,673,673,673,673,673,673,
goal:673,673,673,673,673,673,673,673,673,673,673,673,673,673,673,673,673,673,673,673,673,673,673,673,673,673,673,673,673,673,673,673,673,673,673,673,673,673,673,
size:21
[agent] id:27
path:758,726,725,693,661,629,597,565,533,501,500,468,467,466,465,464,463,463,463,463,463,463,463,463,463,463,463,463,463,463,463,463,463,463,463,463,463,463,463,
goal:463,463,463,463,463,463,463,463,463,463,463,463,463,463,463,463,463,463,463,463,463,463,463,463,463,463,463,463,463,463,463,463,463,463,463,463,463,463,463,
size:16
[agent] id:28
path:731,730,729,728,727,726,725,724,723,722,721,720,688,687,686,718,717,716,715,714,713,712,711,710,709,708,707,739,738,737,737,737,737,737,737,737,737,737,737,
goal:737,737,737,737,737,737,737,737,737,737,737,737,737,737,737,737,737,737,737,737,737,737,737,737,737,737,737,737,737,737,737,737,737,737,737,737,737,737,737,
size:29
[agent] id:29
path:39,7,8,9,10,11,12,12,12,12,12,12,12,12,12,12,12,12,12,12,12,12,12,12,12,12,12,12,12,12,12,12,12,12,12,12,12,12,12,
goal:12,12,12,12,12,12,12,12,12,12,12,12,12,12,12,12,12,12,12,12,12,12,12,12,12,12,12,12,12,12,12,12,12,12,12,12,12,12,12,
size:6
SolutionCost:681
