[setting] seed:8052
[solver] type:SASB-ECBS
[solver] w:2.000000
[solver] ID:0
[solver] Lowlevelnode:9866
[solver] Highlevelnode:23
[solver] ConflictCount:12
[solver] solved:1
[solver] elapsed:64
[solver] makespan:54
[problem] timesteplimit:15000
[problem] type:MAPF
[problem] agentnum:30
[graph] width:32
[graph] height:32
[graph] filename:./map/32by32_agents10_ex30.map
[task] id:15,start:0,end:0,service time:0,nodes:550,
[task] id:2,start:0,end:0,service time:0,nodes:626,
[task] id:20,start:0,end:0,service time:0,nodes:101,
[task] id:21,start:0,end:0,service time:0,nodes:122,
[task] id:29,start:0,end:0,service time:0,nodes:204,
[task] id:6,start:0,end:0,service time:0,nodes:779,
[task] id:25,start:0,end:0,service time:0,nodes:635,
[task] id:1,start:0,end:0,service time:0,nodes:49,
[task] id:8,start:0,end:0,service time:0,nodes:849,
[task] id:12,start:0,end:0,service time:0,nodes:914,
[task] id:14,start:0,end:0,service time:0,nodes:261,
[task] id:0,start:0,end:0,service time:0,nodes:13,
[task] id:3,start:0,end:0,service time:0,nodes:12,
[task] id:10,start:0,end:0,service time:0,nodes:944,
[task] id:24,start:0,end:0,service time:0,nodes:439,
[task] id:27,start:0,end:0,service time:0,nodes:912,
[task] id:7,start:0,end:0,service time:0,nodes:480,
[task] id:26,start:0,end:0,service time:0,nodes:708,
[task] id:13,start:0,end:0,service time:0,nodes:972,
[task] id:17,start:0,end:0,service time:0,nodes:794,
[task] id:4,start:0,end:0,service time:0,nodes:56,
[task] id:28,start:0,end:0,service time:0,nodes:542,
[task] id:18,start:0,end:0,service time:0,nodes:802,
[task] id:11,start:0,end:0,service time:0,nodes:416,
[task] id:22,start:0,end:0,service time:0,nodes:18,
[task] id:16,start:0,end:0,service time:0,nodes:573,
[task] id:9,start:0,end:0,service time:0,nodes:887,
[task] id:23,start:0,end:0,service time:0,nodes:928,
[task] id:19,start:0,end:0,service time:0,nodes:988,
[task] id:5,start:0,end:0,service time:0,nodes:997,
[agent] id:0
path:342,310,309,277,245,213,212,211,210,178,146,114,82,81,80,79,78,77,45,13,13,13,13,13,13,13,13,13,13,13,13,13,13,13,13,13,13,13,13,13,13,13,13,13,13,13,13,13,13,13,13,13,13,13,13,
goal:13,13,13,13,13,13,13,13,13,13,13,13,13,13,13,13,13,13,13,13,13,13,13,13,13,13,13,13,13,13,13,13,13,13,13,13,13,13,13,13,13,13,13,13,13,13,13,13,13,13,13,13,13,13,13,
size:19
[agent] id:1
path:169,137,138,139,140,172,173,174,142,110,78,79,80,48,49,49,49,49,49,49,49,49,49,49,49,49,49,49,49,49,49,49,49,49,49,49,49,49,49,49,49,49,49,49,49,49,49,49,49,49,49,49,49,49,49,
goal:49,49,49,49,49,49,49,49,49,49,49,49,49,49,49,49,49,49,49,49,49,49,49,49,49,49,49,49,49,49,49,49,49,49,49,49,49,49,49,49,49,49,49,49,49,49,49,49,49,49,49,49,49,49,49,
size:14
[agent] id:2
path:655,656,657,658,626,626,626,626,626,626,626,626,626,626,626,626,626,626,626,626,626,626,626,626,626,626,626,626,626,626,626,626,626,626,626,626,626,626,626,626,626,626,626,626,626,626,626,626,626,626,626,626,626,626,626,
goal:626,626,626,626,626,626,626,626,626,626,626,626,626,626,626,626,626,626,626,626,626,626,626,626,626,626,626,626,626,626,626,626,626,626,626,626,626,626,626,626,626,626,626,626,626,626,626,626,626,626,626,626,626,626,626,
size:4
[agent] id:3
path:407,375,374,342,310,309,277,245,213,212,211,210,178,146,114,82,81,80,79,78,77,45,44,12,12,12,12,12,12,12,12,12,12,12,12,12,12,12,12,12,12,12,12,12,12,12,12,12,12,12,12,12,12,12,12,
goal:12,12,12,12,12,12,12,12,12,12,12,12,12,12,12,12,12,12,12,12,12,12,12,12,12,12,12,12,12,12,12,12,12,12,12,12,12,12,12,12,12,12,12,12,12,12,12,12,12,12,12,12,12,12,12,
size:23
[agent] id:4
path:618,619,620,621,589,557,525,526,527,528,529,497,465,433,401,369,337,305,273,241,209,177,145,113,81,82,50,51,52,53,54,55,56,56,56,56,56,56,56,56,56,56,56,56,56,56,56,56,56,56,56,56,56,56,56,
goal:56,56,56,56,56,56,56,56,56,56,56,56,56,56,56,56,56,56,56,56,56,56,56,56,56,56,56,56,56,56,56,56,56,56,56,56,56,56,56,56,56,56,56,56,56,56,56,56,56,56,56,56,56,56,56,
size:32
[agent] id:5
path:127,159,191,223,255,287,286,318,317,349,381,380,379,378,410,442,474,473,472,504,536,535,567,599,631,663,662,661,693,692,691,690,689,688,687,686,718,750,782,814,846,878,877,909,941,940,939,938,937,936,935,967,999,998,997,
goal:997,997,997,997,997,997,997,997,997,997,997,997,997,997,997,997,997,997,997,997,997,997,997,997,997,997,997,997,997,997,997,997,997,997,997,997,997,997,997,997,997,997,997,997,997,997,997,997,997,997,997,997,997,997,997,
size:54
[agent] id:6
path:642,643,644,676,708,709,710,711,712,713,714,715,747,779,779,779,779,779,779,779,779,779,779,779,779,779,779,779,779,779,779,779,779,779,779,779,779,779,779,779,779,779,779,779,779,779,779,779,779,779,779,779,779,779,779,
goal:779,779,779,779,779,779,779,779,779,779,779,779,779,779,779,779,779,779,779,779,779,779,779,779,779,779,779,779,779,779,779,779,779,779,779,779,779,779,779,779,779,779,779,779,779,779,779,779,779,779,779,779,779,779,779,
size:13
[agent] id:7
path:942,941,909,877,845,844,812,811,779,747,715,683,651,619,618,617,616,584,552,520,519,518,517,516,515,514,513,512,480,480,480,480,480,480,480,480,480,480,480,480,480,480,480,480,480,480,480,480,480,480,480,480,480,480,480,
goal:480,480,480,480,480,480,480,480,480,480,480,480,480,480,480,480,480,480,480,480,480,480,480,480,480,480,480,480,480,480,480,480,480,480,480,480,480,480,480,480,480,480,480,480,480,480,480,480,480,480,480,480,480,480,480,
size:28
[agent] id:8
path:927,895,894,893,861,860,859,858,857,825,824,823,855,854,853,852,851,850,849,849,849,849,849,849,849,849,849,849,849,849,849,849,849,849,849,849,849,849,849,849,849,849,849,849,849,849,849,849,849,849,849,849,849,849,849,
goal:849,849,849,849,849,849,849,849,849,849,849,849,849,849,849,849,849,849,849,849,849,849,849,849,849,849,849,849,849,849,849,849,849,849,849,849,849,849,849,849,849,849,849,849,849,849,849,849,849,849,849,849,849,849,849,
size:18
[agent] id:9
path:227,228,260,292,293,294,326,358,390,422,423,424,456,457,489,521,553,554,555,556,557,589,621,653,685,686,687,688,720,752,753,785,786,818,850,851,852,884,885,886,887,887,887,887,887,887,887,887,887,887,887,887,887,887,887,
goal:887,887,887,887,887,887,887,887,887,887,887,887,887,887,887,887,887,887,887,887,887,887,887,887,887,887,887,887,887,887,887,887,887,887,887,887,887,887,887,887,887,887,887,887,887,887,887,887,887,887,887,887,887,887,887,
size:40
[agent] id:10
path:485,517,518,519,551,583,615,616,617,618,619,620,621,621,653,685,717,749,781,782,814,846,878,879,880,912,944,944,944,944,944,944,944,944,944,944,944,944,944,944,944,944,944,944,944,944,944,944,944,944,944,944,944,944,944,
goal:944,944,944,944,944,944,944,944,944,944,944,944,944,944,944,944,944,944,944,944,944,944,944,944,944,944,944,944,944,944,944,944,944,944,944,944,944,944,944,944,944,944,944,944,944,944,944,944,944,944,944,944,944,944,944,
size:26
[agent] id:11
path:793,792,760,728,696,664,632,600,599,567,566,565,564,563,562,561,560,559,527,526,494,493,461,460,459,458,457,456,424,423,422,421,420,419,418,417,416,416,416,416,416,416,416,416,416,416,416,416,416,416,416,416,416,416,416,
goal:416,416,416,416,416,416,416,416,416,416,416,416,416,416,416,416,416,416,416,416,416,416,416,416,416,416,416,416,416,416,416,416,416,416,416,416,416,416,416,416,416,416,416,416,416,416,416,416,416,416,416,416,416,416,416,
size:36
[agent] id:12
path:734,766,798,797,796,795,794,793,825,824,823,855,887,886,885,884,883,915,914,914,914,914,914,914,914,914,914,914,914,914,914,914,914,914,914,914,914,914,914,914,914,914,914,914,914,914,914,914,914,914,914,914,914,914,914,
goal:914,914,914,914,914,914,914,914,914,914,914,914,914,914,914,914,914,914,914,914,914,914,914,914,914,914,914,914,914,914,914,914,914,914,914,914,914,914,914,914,914,914,914,914,914,914,914,914,914,914,914,914,914,914,914,
size:18
[agent] id:13
path:863,831,799,798,797,796,795,794,793,792,791,791,823,855,887,886,885,884,883,882,881,913,912,911,911,943,942,974,973,972,972,972,972,972,972,972,972,972,972,972,972,972,972,972,972,972,972,972,972,972,972,972,972,972,972,
goal:972,972,972,972,972,972,972,972,972,972,972,972,972,972,972,972,972,972,972,972,972,972,972,972,972,972,972,972,972,972,972,972,972,972,972,972,972,972,972,972,972,972,972,972,972,972,972,972,972,972,972,972,972,972,972,
size:29
[agent] id:14
path:81,113,145,144,143,142,174,206,205,204,203,202,201,200,199,231,263,262,261,261,261,261,261,261,261,261,261,261,261,261,261,261,261,261,261,261,261,261,261,261,261,261,261,261,261,261,261,261,261,261,261,261,261,261,261,
goal:261,261,261,261,261,261,261,261,261,261,261,261,261,261,261,261,261,261,261,261,261,261,261,261,261,261,261,261,261,261,261,261,261,261,261,261,261,261,261,261,261,261,261,261,261,261,261,261,261,261,261,261,261,261,261,
size:18
[agent] id:15
path:552,551,550,550,550,550,550,550,550,550,550,550,550,550,550,550,550,550,550,550,550,550,550,550,550,550,550,550,550,550,550,550,550,550,550,550,550,550,550,550,550,550,550,550,550,550,550,550,550,550,550,550,550,550,550,
goal:550,550,550,550,550,550,550,550,550,550,550,550,550,550,550,550,550,550,550,550,550,550,550,550,550,550,550,550,550,550,550,550,550,550,550,550,550,550,550,550,550,550,550,550,550,550,550,550,550,550,550,550,550,550,550,
size:2
[agent] id:16
path:228,260,292,293,294,326,358,390,422,454,486,518,519,551,552,553,554,555,556,557,558,559,560,561,562,563,564,596,628,629,630,631,632,633,634,602,603,604,605,573,573,573,573,573,573,573,573,573,573,573,573,573,573,573,573,
goal:573,573,573,573,573,573,573,573,573,573,573,573,573,573,573,573,573,573,573,573,573,573,573,573,573,573,573,573,573,573,573,573,573,573,573,573,573,573,573,573,573,573,573,573,573,573,573,573,573,573,573,573,573,573,573,
size:39
[agent] id:17
path:578,610,642,643,644,645,646,647,648,649,650,651,652,653,685,686,687,688,720,721,722,723,724,725,757,758,759,791,792,793,794,794,794,794,794,794,794,794,794,794,794,794,794,794,794,794,794,794,794,794,794,794,794,794,794,
goal:794,794,794,794,794,794,794,794,794,794,794,794,794,794,794,794,794,794,794,794,794,794,794,794,794,794,794,794,794,794,794,794,794,794,794,794,794,794,794,794,794,794,794,794,794,794,794,794,794,794,794,794,794,794,794,
size:30
[agent] id:18
path:36,68,69,101,133,134,166,165,197,229,261,293,294,326,358,390,422,454,486,518,517,549,548,547,579,611,643,642,641,673,705,737,738,770,802,802,802,802,802,802,802,802,802,802,802,802,802,802,802,802,802,802,802,802,802,
goal:802,802,802,802,802,802,802,802,802,802,802,802,802,802,802,802,802,802,802,802,802,802,802,802,802,802,802,802,802,802,802,802,802,802,802,802,802,802,802,802,802,802,802,802,802,802,802,802,802,802,802,802,802,802,802,
size:34
[agent] id:19
path:70,71,103,135,167,199,200,201,233,234,235,236,268,300,332,364,396,428,460,461,493,525,557,589,621,653,685,717,749,781,782,814,846,878,879,880,881,882,883,884,885,886,918,950,982,983,984,985,986,987,988,988,988,988,988,
goal:988,988,988,988,988,988,988,988,988,988,988,988,988,988,988,988,988,988,988,988,988,988,988,988,988,988,988,988,988,988,988,988,988,988,988,988,988,988,988,988,988,988,988,988,988,988,988,988,988,988,988,988,988,988,988,
size:50
[agent] id:20
path:259,227,228,196,197,165,133,101,101,101,101,101,101,101,101,101,101,101,101,101,101,101,101,101,101,101,101,101,101,101,101,101,101,101,101,101,101,101,101,101,101,101,101,101,101,101,101,101,101,101,101,101,101,101,101,
goal:101,101,101,101,101,101,101,101,101,101,101,101,101,101,101,101,101,101,101,101,101,101,101,101,101,101,101,101,101,101,101,101,101,101,101,101,101,101,101,101,101,101,101,101,101,101,101,101,101,101,101,101,101,101,101,
size:7
[agent] id:21
path:213,181,182,150,151,119,120,121,122,122,122,122,122,122,122,122,122,122,122,122,122,122,122,122,122,122,122,122,122,122,122,122,122,122,122,122,122,122,122,122,122,122,122,122,122,122,122,122,122,122,122,122,122,122,122,
goal:122,122,122,122,122,122,122,122,122,122,122,122,122,122,122,122,122,122,122,122,122,122,122,122,122,122,122,122,122,122,122,122,122,122,122,122,122,122,122,122,122,122,122,122,122,122,122,122,122,122,122,122,122,122,122,
size:8
[agent] id:22
path:739,707,708,709,710,711,712,713,714,715,716,717,685,686,654,622,590,558,559,560,528,529,497,465,433,401,369,337,305,273,241,209,177,145,113,81,82,50,18,18,18,18,18,18,18,18,18,18,18,18,18,18,18,18,18,
goal:18,18,18,18,18,18,18,18,18,18,18,18,18,18,18,18,18,18,18,18,18,18,18,18,18,18,18,18,18,18,18,18,18,18,18,18,18,18,18,18,18,18,18,18,18,18,18,18,18,18,18,18,18,18,18,
size:38
[agent] id:23
path:111,143,142,174,206,205,204,236,268,300,332,364,396,428,460,459,458,490,522,554,553,552,584,616,648,680,712,744,776,808,840,872,871,870,902,901,900,899,931,930,929,928,928,928,928,928,928,928,928,928,928,928,928,928,928,
goal:928,928,928,928,928,928,928,928,928,928,928,928,928,928,928,928,928,928,928,928,928,928,928,928,928,928,928,928,928,928,928,928,928,928,928,928,928,928,928,928,928,928,928,928,928,928,928,928,928,928,928,928,928,928,928,
size:41
[agent] id:24
path:908,876,844,845,846,814,782,750,718,686,654,622,590,558,526,527,528,529,497,465,433,434,435,436,437,438,439,439,439,439,439,439,439,439,439,439,439,439,439,439,439,439,439,439,439,439,439,439,439,439,439,439,439,439,439,
goal:439,439,439,439,439,439,439,439,439,439,439,439,439,439,439,439,439,439,439,439,439,439,439,439,439,439,439,439,439,439,439,439,439,439,439,439,439,439,439,439,439,439,439,439,439,439,439,439,439,439,439,439,439,439,439,
size:26
[agent] id:25
path:886,854,822,823,791,759,727,695,663,631,632,633,634,635,635,635,635,635,635,635,635,635,635,635,635,635,635,635,635,635,635,635,635,635,635,635,635,635,635,635,635,635,635,635,635,635,635,635,635,635,635,635,635,635,635,
goal:635,635,635,635,635,635,635,635,635,635,635,635,635,635,635,635,635,635,635,635,635,635,635,635,635,635,635,635,635,635,635,635,635,635,635,635,635,635,635,635,635,635,635,635,635,635,635,635,635,635,635,635,635,635,635,
size:13
[agent] id:26
path:984,952,920,888,887,855,854,853,852,851,850,849,848,847,846,814,782,750,718,717,716,715,714,713,712,711,710,709,708,708,708,708,708,708,708,708,708,708,708,708,708,708,708,708,708,708,708,708,708,708,708,708,708,708,708,
goal:708,708,708,708,708,708,708,708,708,708,708,708,708,708,708,708,708,708,708,708,708,708,708,708,708,708,708,708,708,708,708,708,708,708,708,708,708,708,708,708,708,708,708,708,708,708,708,708,708,708,708,708,708,708,708,
size:28
[agent] id:27
path:576,577,609,641,673,705,737,738,770,802,803,835,836,837,838,839,840,841,842,874,875,876,877,878,879,911,912,912,912,912,912,912,912,912,912,912,912,912,912,912,912,912,912,912,912,912,912,912,912,912,912,912,912,912,912,
goal:912,912,912,912,912,912,912,912,912,912,912,912,912,912,912,912,912,912,912,912,912,912,912,912,912,912,912,912,912,912,912,912,912,912,912,912,912,912,912,912,912,912,912,912,912,912,912,912,912,912,912,912,912,912,912,
size:26
[agent] id:28
path:391,423,424,456,457,458,459,460,461,493,525,526,527,528,529,530,531,499,500,501,533,534,535,536,537,538,539,571,603,604,605,573,574,542,542,542,542,542,542,542,542,542,542,542,542,542,542,542,542,542,542,542,542,542,542,
goal:542,542,542,542,542,542,542,542,542,542,542,542,542,542,542,542,542,542,542,542,542,542,542,542,542,542,542,542,542,542,542,542,542,542,542,542,542,542,542,542,542,542,542,542,542,542,542,542,542,542,542,542,542,542,542,
size:33
[agent] id:29
path:368,336,304,303,271,239,207,207,206,205,204,204,204,204,204,204,204,204,204,204,204,204,204,204,204,204,204,204,204,204,204,204,204,204,204,204,204,204,204,204,204,204,204,204,204,204,204,204,204,204,204,204,204,204,204,
goal:204,204,204,204,204,204,204,204,204,204,204,204,204,204,204,204,204,204,204,204,204,204,204,204,204,204,204,204,204,204,204,204,204,204,204,204,204,204,204,204,204,204,204,204,204,204,204,204,204,204,204,204,204,204,204,
size:10
SolutionCost:757
