[setting] seed:5815
[solver] type:SASB-ECBS
[solver] w:2.000000
[solver] ID:0
[solver] Lowlevelnode:6683
[solver] Highlevelnode:21
[solver] ConflictCount:11
[solver] solved:1
[solver] elapsed:57
[solver] makespan:37
[problem] timesteplimit:15000
[problem] type:MAPF
[problem] agentnum:30
[graph] width:32
[graph] height:32
[graph] filename:./map/32by32_agents10_ex30.map
[task] id:21,start:0,end:0,service time:0,nodes:648,
[task] id:17,start:0,end:0,service time:0,nodes:688,
[task] id:10,start:0,end:0,service time:0,nodes:377,
[task] id:5,start:0,end:0,service time:0,nodes:33,
[task] id:4,start:0,end:0,service time:0,nodes:326,
[task] id:18,start:0,end:0,service time:0,nodes:536,
[task] id:2,start:0,end:0,service time:0,nodes:683,
[task] id:6,start:0,end:0,service time:0,nodes:565,
[task] id:11,start:0,end:0,service time:0,nodes:912,
[task] id:19,start:0,end:0,service time:0,nodes:528,
[task] id:24,start:0,end:0,service time:0,nodes:831,
[task] id:26,start:0,end:0,service time:0,nodes:171,
[task] id:15,start:0,end:0,service time:0,nodes:611,
[task] id:23,start:0,end:0,service time:0,nodes:596,
[task] id:7,start:0,end:0,service time:0,nodes:416,
[task] id:14,start:0,end:0,service time:0,nodes:4,
[task] id:20,start:0,end:0,service time:0,nodes:53,
[task] id:13,start:0,end:0,service time:0,nodes:762,
[task] id:16,start:0,end:0,service time:0,nodes:963,
[task] id:22,start:0,end:0,service time:0,nodes:1020,
[task] id:28,start:0,end:0,service time:0,nodes:446,
[task] id:0,start:0,end:0,service time:0,nodes:190,
[task] id:9,start:0,end:0,service time:0,nodes:661,
[task] id:12,start:0,end:0,service time:0,nodes:926,
[task] id:1,start:0,end:0,service time:0,nodes:353,
[task] id:27,start:0,end:0,service time:0,nodes:1006,
[task] id:3,start:0,end:0,service time:0,nodes:642,
[task] id:25,start:0,end:0,service time:0,nodes:1015,
[task] id:8,start:0,end:0,service time:0,nodes:317,
[task] id:29,start:0,end:0,service time:0,nodes:668,
[agent] id:0
path:693,692,660,628,596,564,565,533,501,469,470,438,406,374,342,310,311,279,247,215,183,184,185,186,187,188,189,190,190,190,190,190,190,190,190,190,190,190,
goal:190,190,190,190,190,190,190,190,190,190,190,190,190,190,190,190,190,190,190,190,190,190,190,190,190,190,190,190,190,190,190,190,190,190,190,190,190,190,
size:27
[agent] id:1
path:407,375,374,373,341,309,308,307,306,305,304,303,302,301,300,332,364,396,395,394,393,392,391,359,358,357,356,355,354,353,353,353,353,353,353,353,353,353,
goal:353,353,353,353,353,353,353,353,353,353,353,353,353,353,353,353,353,353,353,353,353,353,353,353,353,353,353,353,353,353,353,353,353,353,353,353,353,353,
size:29
[agent] id:2
path:399,431,463,464,465,497,529,561,593,592,591,623,655,654,653,652,651,683,683,683,683,683,683,683,683,683,683,683,683,683,683,683,683,683,683,683,683,683,
goal:683,683,683,683,683,683,683,683,683,683,683,683,683,683,683,683,683,683,683,683,683,683,683,683,683,683,683,683,683,683,683,683,683,683,683,683,683,683,
size:17
[agent] id:3
path:377,409,408,407,439,438,437,436,468,500,499,531,530,529,561,593,592,591,623,622,621,620,619,618,617,616,615,647,646,645,644,643,642,642,642,642,642,642,
goal:642,642,642,642,642,642,642,642,642,642,642,642,642,642,642,642,642,642,642,642,642,642,642,642,642,642,642,642,642,642,642,642,642,642,642,642,642,642,
size:32
[agent] id:4
path:526,494,493,461,429,397,396,395,394,393,392,391,359,358,326,326,326,326,326,326,326,326,326,326,326,326,326,326,326,326,326,326,326,326,326,326,326,326,
goal:326,326,326,326,326,326,326,326,326,326,326,326,326,326,326,326,326,326,326,326,326,326,326,326,326,326,326,326,326,326,326,326,326,326,326,326,326,326,
size:14
[agent] id:5
path:75,74,73,72,71,70,69,68,67,66,65,33,33,33,33,33,33,33,33,33,33,33,33,33,33,33,33,33,33,33,33,33,33,33,33,33,33,33,
goal:33,33,33,33,33,33,33,33,33,33,33,33,33,33,33,33,33,33,33,33,33,33,33,33,33,33,33,33,33,33,33,33,33,33,33,33,33,33,
size:11
[agent] id:6
path:1010,978,946,914,882,850,818,786,754,722,690,658,626,594,562,563,564,565,565,565,565,565,565,565,565,565,565,565,565,565,565,565,565,565,565,565,565,565,
goal:565,565,565,565,565,565,565,565,565,565,565,565,565,565,565,565,565,565,565,565,565,565,565,565,565,565,565,565,565,565,565,565,565,565,565,565,565,565,
size:17
[agent] id:7
path:962,930,898,866,867,835,803,771,739,707,706,705,673,641,609,577,545,513,512,480,448,416,416,416,416,416,416,416,416,416,416,416,416,416,416,416,416,416,
goal:416,416,416,416,416,416,416,416,416,416,416,416,416,416,416,416,416,416,416,416,416,416,416,416,416,416,416,416,416,416,416,416,416,416,416,416,416,416,
size:21
[agent] id:8
path:742,710,678,646,614,582,550,551,552,553,554,555,556,557,558,559,560,561,529,497,465,433,434,435,436,437,405,406,407,408,409,410,378,379,347,315,316,317,
goal:317,317,317,317,317,317,317,317,317,317,317,317,317,317,317,317,317,317,317,317,317,317,317,317,317,317,317,317,317,317,317,317,317,317,317,317,317,317,
size:37
[agent] id:9
path:931,899,867,835,803,771,739,707,708,709,710,711,712,713,714,715,716,717,685,686,687,655,656,657,658,659,660,661,661,661,661,661,661,661,661,661,661,661,
goal:661,661,661,661,661,661,661,661,661,661,661,661,661,661,661,661,661,661,661,661,661,661,661,661,661,661,661,661,661,661,661,661,661,661,661,661,661,661,
size:27
[agent] id:10
path:467,435,436,437,405,373,374,375,376,377,377,377,377,377,377,377,377,377,377,377,377,377,377,377,377,377,377,377,377,377,377,377,377,377,377,377,377,377,
goal:377,377,377,377,377,377,377,377,377,377,377,377,377,377,377,377,377,377,377,377,377,377,377,377,377,377,377,377,377,377,377,377,377,377,377,377,377,377,
size:9
[agent] id:11
path:633,632,664,696,728,760,792,824,823,855,887,886,885,884,883,915,914,913,912,912,912,912,912,912,912,912,912,912,912,912,912,912,912,912,912,912,912,912,
goal:912,912,912,912,912,912,912,912,912,912,912,912,912,912,912,912,912,912,912,912,912,912,912,912,912,912,912,912,912,912,912,912,912,912,912,912,912,912,
size:18
[agent] id:12
path:412,413,414,446,478,477,509,508,540,539,571,603,635,667,699,698,730,762,794,793,825,857,858,859,860,892,924,925,926,926,926,926,926,926,926,926,926,926,
goal:926,926,926,926,926,926,926,926,926,926,926,926,926,926,926,926,926,926,926,926,926,926,926,926,926,926,926,926,926,926,926,926,926,926,926,926,926,926,
size:28
[agent] id:13
path:902,870,838,839,840,841,842,843,844,845,846,847,848,849,850,851,852,853,821,822,823,791,792,793,794,762,762,762,762,762,762,762,762,762,762,762,762,762,
goal:762,762,762,762,762,762,762,762,762,762,762,762,762,762,762,762,762,762,762,762,762,762,762,762,762,762,762,762,762,762,762,762,762,762,762,762,762,762,
size:25
[agent] id:14
path:552,520,519,487,486,454,422,390,358,326,294,262,230,229,197,165,133,101,69,37,5,4,4,4,4,4,4,4,4,4,4,4,4,4,4,4,4,4,
goal:4,4,4,4,4,4,4,4,4,4,4,4,4,4,4,4,4,4,4,4,4,4,4,4,4,4,4,4,4,4,4,4,4,4,4,4,4,4,
size:21
[agent] id:15
path:785,753,721,689,657,656,655,623,622,621,620,619,618,617,616,615,614,613,612,611,611,611,611,611,611,611,611,611,611,611,611,611,611,611,611,611,611,611,
goal:611,611,611,611,611,611,611,611,611,611,611,611,611,611,611,611,611,611,611,611,611,611,611,611,611,611,611,611,611,611,611,611,611,611,611,611,611,611,
size:19
[agent] id:16
path:394,426,458,490,522,554,553,552,584,616,615,647,679,711,743,775,807,839,871,870,902,934,966,965,964,963,963,963,963,963,963,963,963,963,963,963,963,963,
goal:963,963,963,963,963,963,963,963,963,963,963,963,963,963,963,963,963,963,963,963,963,963,963,963,963,963,963,963,963,963,963,963,963,963,963,963,963,963,
size:25
[agent] id:17
path:629,661,693,692,691,690,689,688,688,688,688,688,688,688,688,688,688,688,688,688,688,688,688,688,688,688,688,688,688,688,688,688,688,688,688,688,688,688,
goal:688,688,688,688,688,688,688,688,688,688,688,688,688,688,688,688,688,688,688,688,688,688,688,688,688,688,688,688,688,688,688,688,688,688,688,688,688,688,
size:7
[agent] id:18
path:255,287,286,318,317,349,381,380,379,378,410,442,474,473,472,504,536,536,536,536,536,536,536,536,536,536,536,536,536,536,536,536,536,536,536,536,536,536,
goal:536,536,536,536,536,536,536,536,536,536,536,536,536,536,536,536,536,536,536,536,536,536,536,536,536,536,536,536,536,536,536,536,536,536,536,536,536,536,
size:16
[agent] id:19
path:980,979,978,946,914,882,850,818,786,754,722,690,658,626,594,562,530,529,528,528,528,528,528,528,528,528,528,528,528,528,528,528,528,528,528,528,528,528,
goal:528,528,528,528,528,528,528,528,528,528,528,528,528,528,528,528,528,528,528,528,528,528,528,528,528,528,528,528,528,528,528,528,528,528,528,528,528,528,
size:18
[agent] id:20
path:627,628,596,564,565,533,501,469,437,405,373,341,309,277,245,213,181,182,150,151,119,87,55,54,53,53,53,53,53,53,53,53,53,53,53,53,53,53,
goal:53,53,53,53,53,53,53,53,53,53,53,53,53,53,53,53,53,53,53,53,53,53,53,53,53,53,53,53,53,53,53,53,53,53,53,53,53,53,
size:24
[agent] id:21
path:708,676,644,645,646,647,648,648,648,648,648,648,648,648,648,648,648,648,648,648,648,648,648,648,648,648,648,648,648,648,648,648,648,648,648,648,648,648,
goal:648,648,648,648,648,648,648,648,648,648,648,648,648,648,648,648,648,648,648,648,648,648,648,648,648,648,648,648,648,648,648,648,648,648,648,648,648,648,
size:6
[agent] id:22
path:934,935,936,937,938,939,940,941,942,943,944,945,946,978,979,980,948,949,950,982,983,984,985,986,987,1019,1020,1020,1020,1020,1020,1020,1020,1020,1020,1020,1020,1020,
goal:1020,1020,1020,1020,1020,1020,1020,1020,1020,1020,1020,1020,1020,1020,1020,1020,1020,1020,1020,1020,1020,1020,1020,1020,1020,1020,1020,1020,1020,1020,1020,1020,1020,1020,1020,1020,1020,1020,
size:26
[agent] id:23
path:1015,983,982,950,918,886,854,822,822,822,823,791,759,727,695,663,631,599,598,597,596,596,596,596,596,596,596,596,596,596,596,596,596,596,596,596,596,596,
goal:596,596,596,596,596,596,596,596,596,596,596,596,596,596,596,596,596,596,596,596,596,596,596,596,596,596,596,596,596,596,596,596,596,596,596,596,596,596,
size:20
[agent] id:24
path:503,535,567,599,631,663,695,727,759,791,792,793,794,795,796,797,798,830,831,831,831,831,831,831,831,831,831,831,831,831,831,831,831,831,831,831,831,831,
goal:831,831,831,831,831,831,831,831,831,831,831,831,831,831,831,831,831,831,831,831,831,831,831,831,831,831,831,831,831,831,831,831,831,831,831,831,831,831,
size:18
[agent] id:25
path:242,274,306,305,337,369,401,433,465,497,529,561,562,563,564,596,628,660,692,724,725,757,758,759,791,823,855,887,919,918,950,982,983,1015,1015,1015,1015,1015,
goal:1015,1015,1015,1015,1015,1015,1015,1015,1015,1015,1015,1015,1015,1015,1015,1015,1015,1015,1015,1015,1015,1015,1015,1015,1015,1015,1015,1015,1015,1015,1015,1015,1015,1015,1015,1015,1015,1015,
size:33
[agent] id:26
path:516,484,452,420,421,389,357,358,326,294,262,230,231,199,200,201,202,203,171,171,171,171,171,171,171,171,171,171,171,171,171,171,171,171,171,171,171,171,
goal:171,171,171,171,171,171,171,171,171,171,171,171,171,171,171,171,171,171,171,171,171,171,171,171,171,171,171,171,171,171,171,171,171,171,171,171,171,171,
size:18
[agent] id:27
path:356,357,389,421,453,485,517,549,550,582,614,646,678,710,742,774,806,838,870,902,934,935,936,937,969,970,1002,1003,1004,1005,1006,1006,1006,1006,1006,1006,1006,1006,
goal:1006,1006,1006,1006,1006,1006,1006,1006,1006,1006,1006,1006,1006,1006,1006,1006,1006,1006,1006,1006,1006,1006,1006,1006,1006,1006,1006,1006,1006,1006,1006,1006,1006,1006,1006,1006,1006,1006,
size:30
[agent] id:28
path:718,686,687,688,689,689,657,658,626,627,628,629,630,631,632,633,634,602,570,538,539,507,508,476,477,478,446,446,446,446,446,446,446,446,446,446,446,446,
goal:446,446,446,446,446,446,446,446,446,446,446,446,446,446,446,446,446,446,446,446,446,446,446,446,446,446,446,446,446,446,446,446,446,446,446,446,446,446,
size:26
[agent] id:29
path:929,929,930,898,866,867,835,836,837,838,839,840,841,842,843,844,845,846,847,848,849,850,818,786,754,722,723,724,725,726,727,695,696,697,698,699,667,668,
goal:668,668,668,668,668,668,668,668,668,668,668,668,668,668,668,668,668,668,668,668,668,668,668,668,668,668,668,668,668,668,668,668,668,668,668,668,668,668,
size:37
SolutionCost:656
