[setting] seed:1092
[solver] type:SASB-ECBS
[solver] w:2.000000
[solver] ID:0
[solver] Lowlevelnode:5400
[solver] Highlevelnode:19
[solver] ConflictCount:10
[solver] solved:1
[solver] elapsed:42
[solver] makespan:45
[problem] timesteplimit:15000
[problem] type:MAPF
[problem] agentnum:30
[graph] width:32
[graph] height:32
[graph] filename:./map/32by32_agents10_ex30.map
[task] id:20,start:0,end:0,service time:0,nodes:603,
[task] id:8,start:0,end:0,service time:0,nodes:831,
[task] id:5,start:0,end:0,service time:0,nodes:427,
[task] id:9,start:0,end:0,service time:0,nodes:302,
[task] id:25,start:0,end:0,service time:0,nodes:582,
[task] id:19,start:0,end:0,service time:0,nodes:177,
[task] id:23,start:0,end:0,service time:0,nodes:405,
[task] id:14,start:0,end:0,service time:0,nodes:885,
[task] id:18,start:0,end:0,service time:0,nodes:490,
[task] id:2,start:0,end:0,service time:0,nodes:255,
[task] id:6,start:0,end:0,service time:0,nodes:106,
[task] id:15,start:0,end:0,service time:0,nodes:845,
[task] id:29,start:0,end:0,service time:0,nodes:570,
[task] id:11,start:0,end:0,service time:0,nodes:791,
[task] id:10,start:0,end:0,service time:0,nodes:758,
[task] id:1,start:0,end:0,service time:0,nodes:742,
[task] id:24,start:0,end:0,service time:0,nodes:368,
[task] id:26,start:0,end:0,service time:0,nodes:507,
[task] id:27,start:0,end:0,service time:0,nodes:691,
[task] id:4,start:0,end:0,service time:0,nodes:456,
[task] id:16,start:0,end:0,service time:0,nodes:614,
[task] id:7,start:0,end:0,service time:0,nodes:749,
[task] id:17,start:0,end:0,service time:0,nodes:728,
[task] id:28,start:0,end:0,service time:0,nodes:493,
[task] id:21,start:0,end:0,service time:0,nodes:987,
[task] id:3,start:0,end:0,service time:0,nodes:151,
[task] id:12,start:0,end:0,service time:0,nodes:54,
[task] id:22,start:0,end:0,service time:0,nodes:348,
[task] id:0,start:0,end:0,service time:0,nodes:912,
[task] id:13,start:0,end:0,service time:0,nodes:919,
[agent] id:0
path:25,57,89,121,153,185,217,216,248,280,312,344,376,408,407,439,438,470,469,501,533,565,597,629,661,693,725,724,723,755,754,786,818,850,882,914,913,912,912,912,912,912,912,912,912,912,
goal:912,912,912,912,912,912,912,912,912,912,912,912,912,912,912,912,912,912,912,912,912,912,912,912,912,912,912,912,912,912,912,912,912,912,912,912,912,912,912,912,912,912,912,912,912,912,
size:37
[agent] id:1
path:431,463,464,465,497,529,561,593,592,591,623,655,687,686,718,717,716,715,714,713,745,744,743,742,742,742,742,742,742,742,742,742,742,742,742,742,742,742,742,742,742,742,742,742,742,742,
goal:742,742,742,742,742,742,742,742,742,742,742,742,742,742,742,742,742,742,742,742,742,742,742,742,742,742,742,742,742,742,742,742,742,742,742,742,742,742,742,742,742,742,742,742,742,742,
size:23
[agent] id:2
path:536,504,472,473,441,409,377,378,379,347,315,316,317,285,286,287,255,255,255,255,255,255,255,255,255,255,255,255,255,255,255,255,255,255,255,255,255,255,255,255,255,255,255,255,255,255,
goal:255,255,255,255,255,255,255,255,255,255,255,255,255,255,255,255,255,255,255,255,255,255,255,255,255,255,255,255,255,255,255,255,255,255,255,255,255,255,255,255,255,255,255,255,255,255,
size:16
[agent] id:3
path:907,875,843,811,779,747,715,683,651,619,620,621,589,557,525,526,527,528,529,497,465,433,401,369,337,305,273,241,209,210,211,212,213,181,182,150,151,151,151,151,151,151,151,151,151,151,
goal:151,151,151,151,151,151,151,151,151,151,151,151,151,151,151,151,151,151,151,151,151,151,151,151,151,151,151,151,151,151,151,151,151,151,151,151,151,151,151,151,151,151,151,151,151,151,
size:36
[agent] id:4
path:150,182,214,213,212,211,243,242,241,240,239,271,270,269,301,300,332,364,396,428,460,459,458,457,456,456,456,456,456,456,456,456,456,456,456,456,456,456,456,456,456,456,456,456,456,456,
goal:456,456,456,456,456,456,456,456,456,456,456,456,456,456,456,456,456,456,456,456,456,456,456,456,456,456,456,456,456,456,456,456,456,456,456,456,456,456,456,456,456,456,456,456,456,456,
size:24
[agent] id:5
path:355,356,357,389,390,391,392,393,394,426,427,427,427,427,427,427,427,427,427,427,427,427,427,427,427,427,427,427,427,427,427,427,427,427,427,427,427,427,427,427,427,427,427,427,427,427,
goal:427,427,427,427,427,427,427,427,427,427,427,427,427,427,427,427,427,427,427,427,427,427,427,427,427,427,427,427,427,427,427,427,427,427,427,427,427,427,427,427,427,427,427,427,427,427,
size:10
[agent] id:6
path:161,193,225,257,258,259,227,228,196,197,165,133,134,135,103,104,105,106,106,106,106,106,106,106,106,106,106,106,106,106,106,106,106,106,106,106,106,106,106,106,106,106,106,106,106,106,
goal:106,106,106,106,106,106,106,106,106,106,106,106,106,106,106,106,106,106,106,106,106,106,106,106,106,106,106,106,106,106,106,106,106,106,106,106,106,106,106,106,106,106,106,106,106,106,
size:17
[agent] id:7
path:380,379,378,410,442,474,473,472,504,536,535,567,599,598,630,662,661,660,659,658,657,656,688,687,686,718,750,749,749,749,749,749,749,749,749,749,749,749,749,749,749,749,749,749,749,749,
goal:749,749,749,749,749,749,749,749,749,749,749,749,749,749,749,749,749,749,749,749,749,749,749,749,749,749,749,749,749,749,749,749,749,749,749,749,749,749,749,749,749,749,749,749,749,749,
size:27
[agent] id:8
path:824,825,793,794,795,796,797,798,830,831,831,831,831,831,831,831,831,831,831,831,831,831,831,831,831,831,831,831,831,831,831,831,831,831,831,831,831,831,831,831,831,831,831,831,831,831,
goal:831,831,831,831,831,831,831,831,831,831,831,831,831,831,831,831,831,831,831,831,831,831,831,831,831,831,831,831,831,831,831,831,831,831,831,831,831,831,831,831,831,831,831,831,831,831,
size:9
[agent] id:9
path:112,144,143,142,174,206,207,239,271,303,302,302,302,302,302,302,302,302,302,302,302,302,302,302,302,302,302,302,302,302,302,302,302,302,302,302,302,302,302,302,302,302,302,302,302,302,
goal:302,302,302,302,302,302,302,302,302,302,302,302,302,302,302,302,302,302,302,302,302,302,302,302,302,302,302,302,302,302,302,302,302,302,302,302,302,302,302,302,302,302,302,302,302,302,
size:10
[agent] id:10
path:551,552,553,554,555,556,557,558,559,560,561,562,563,564,596,628,660,692,724,724,725,757,758,758,758,758,758,758,758,758,758,758,758,758,758,758,758,758,758,758,758,758,758,758,758,758,
goal:758,758,758,758,758,758,758,758,758,758,758,758,758,758,758,758,758,758,758,758,758,758,758,758,758,758,758,758,758,758,758,758,758,758,758,758,758,758,758,758,758,758,758,758,758,758,
size:22
[agent] id:11
path:617,649,650,651,652,653,685,686,687,688,720,721,722,723,724,725,757,758,759,791,791,791,791,791,791,791,791,791,791,791,791,791,791,791,791,791,791,791,791,791,791,791,791,791,791,791,
goal:791,791,791,791,791,791,791,791,791,791,791,791,791,791,791,791,791,791,791,791,791,791,791,791,791,791,791,791,791,791,791,791,791,791,791,791,791,791,791,791,791,791,791,791,791,791,
size:19
[agent] id:12
path:985,953,921,920,888,887,855,823,791,759,727,695,663,631,599,567,535,503,504,472,473,441,409,377,345,313,281,280,248,216,184,152,120,88,56,55,54,54,54,54,54,54,54,54,54,54,
goal:54,54,54,54,54,54,54,54,54,54,54,54,54,54,54,54,54,54,54,54,54,54,54,54,54,54,54,54,54,54,54,54,54,54,54,54,54,54,54,54,54,54,54,54,54,54,
size:36
[agent] id:13
path:68,69,101,133,165,197,229,261,293,294,326,358,390,422,454,486,518,550,551,583,615,647,679,711,712,713,714,715,716,717,718,750,782,814,846,847,848,849,850,851,852,853,854,886,918,919,
goal:919,919,919,919,919,919,919,919,919,919,919,919,919,919,919,919,919,919,919,919,919,919,919,919,919,919,919,919,919,919,919,919,919,919,919,919,919,919,919,919,919,919,919,919,919,919,
size:45
[agent] id:14
path:924,892,860,859,858,857,825,824,823,855,887,886,885,885,885,885,885,885,885,885,885,885,885,885,885,885,885,885,885,885,885,885,885,885,885,885,885,885,885,885,885,885,885,885,885,885,
goal:885,885,885,885,885,885,885,885,885,885,885,885,885,885,885,885,885,885,885,885,885,885,885,885,885,885,885,885,885,885,885,885,885,885,885,885,885,885,885,885,885,885,885,885,885,885,
size:12
[agent] id:15
path:1017,985,953,921,920,888,887,855,854,853,852,851,850,849,848,847,846,845,845,845,845,845,845,845,845,845,845,845,845,845,845,845,845,845,845,845,845,845,845,845,845,845,845,845,845,845,
goal:845,845,845,845,845,845,845,845,845,845,845,845,845,845,845,845,845,845,845,845,845,845,845,845,845,845,845,845,845,845,845,845,845,845,845,845,845,845,845,845,845,845,845,845,845,845,
size:17
[agent] id:16
path:539,538,537,536,535,567,566,565,564,563,562,594,593,592,591,623,622,621,620,619,618,617,616,615,614,614,614,614,614,614,614,614,614,614,614,614,614,614,614,614,614,614,614,614,614,614,
goal:614,614,614,614,614,614,614,614,614,614,614,614,614,614,614,614,614,614,614,614,614,614,614,614,614,614,614,614,614,614,614,614,614,614,614,614,614,614,614,614,614,614,614,614,614,614,
size:24
[agent] id:17
path:997,965,933,934,935,936,937,938,906,874,875,876,877,878,879,880,848,849,850,818,786,754,722,723,724,725,726,727,728,728,728,728,728,728,728,728,728,728,728,728,728,728,728,728,728,728,
goal:728,728,728,728,728,728,728,728,728,728,728,728,728,728,728,728,728,728,728,728,728,728,728,728,728,728,728,728,728,728,728,728,728,728,728,728,728,728,728,728,728,728,728,728,728,728,
size:28
[agent] id:18
path:741,709,677,645,613,614,582,550,518,519,520,521,489,490,490,490,490,490,490,490,490,490,490,490,490,490,490,490,490,490,490,490,490,490,490,490,490,490,490,490,490,490,490,490,490,490,
goal:490,490,490,490,490,490,490,490,490,490,490,490,490,490,490,490,490,490,490,490,490,490,490,490,490,490,490,490,490,490,490,490,490,490,490,490,490,490,490,490,490,490,490,490,490,490,
size:13
[agent] id:19
path:219,218,217,216,215,214,213,212,211,210,178,177,177,177,177,177,177,177,177,177,177,177,177,177,177,177,177,177,177,177,177,177,177,177,177,177,177,177,177,177,177,177,177,177,177,177,
goal:177,177,177,177,177,177,177,177,177,177,177,177,177,177,177,177,177,177,177,177,177,177,177,177,177,177,177,177,177,177,177,177,177,177,177,177,177,177,177,177,177,177,177,177,177,177,
size:11
[agent] id:20
path:604,603,603,603,603,603,603,603,603,603,603,603,603,603,603,603,603,603,603,603,603,603,603,603,603,603,603,603,603,603,603,603,603,603,603,603,603,603,603,603,603,603,603,603,603,603,
goal:603,603,603,603,603,603,603,603,603,603,603,603,603,603,603,603,603,603,603,603,603,603,603,603,603,603,603,603,603,603,603,603,603,603,603,603,603,603,603,603,603,603,603,603,603,603,
size:1
[agent] id:21
path:210,242,274,306,307,308,309,341,373,405,437,469,501,533,565,597,629,661,693,725,757,758,759,760,792,824,823,855,887,919,920,952,984,985,986,987,987,987,987,987,987,987,987,987,987,987,
goal:987,987,987,987,987,987,987,987,987,987,987,987,987,987,987,987,987,987,987,987,987,987,987,987,987,987,987,987,987,987,987,987,987,987,987,987,987,987,987,987,987,987,987,987,987,987,
size:35
[agent] id:22
path:610,578,579,547,548,549,550,551,552,553,554,555,556,524,524,525,526,527,528,529,497,465,433,434,435,436,437,438,406,374,375,376,377,378,379,347,348,348,348,348,348,348,348,348,348,348,
goal:348,348,348,348,348,348,348,348,348,348,348,348,348,348,348,348,348,348,348,348,348,348,348,348,348,348,348,348,348,348,348,348,348,348,348,348,348,348,348,348,348,348,348,348,348,348,
size:36
[agent] id:23
path:301,302,303,304,305,306,307,308,309,341,373,405,405,405,405,405,405,405,405,405,405,405,405,405,405,405,405,405,405,405,405,405,405,405,405,405,405,405,405,405,405,405,405,405,405,405,
goal:405,405,405,405,405,405,405,405,405,405,405,405,405,405,405,405,405,405,405,405,405,405,405,405,405,405,405,405,405,405,405,405,405,405,405,405,405,405,405,405,405,405,405,405,405,405,
size:11
[agent] id:24
path:578,579,547,548,549,550,551,552,553,554,555,556,524,525,526,527,528,529,497,465,433,401,369,368,368,368,368,368,368,368,368,368,368,368,368,368,368,368,368,368,368,368,368,368,368,368,
goal:368,368,368,368,368,368,368,368,368,368,368,368,368,368,368,368,368,368,368,368,368,368,368,368,368,368,368,368,368,368,368,368,368,368,368,368,368,368,368,368,368,368,368,368,368,368,
size:23
[agent] id:25
path:421,453,485,517,518,517,549,549,549,550,582,582,582,582,582,582,582,582,582,582,582,582,582,582,582,582,582,582,582,582,582,582,582,582,582,582,582,582,582,582,582,582,582,582,582,582,
goal:582,582,582,582,582,582,582,582,582,582,582,582,582,582,582,582,582,582,582,582,582,582,582,582,582,582,582,582,582,582,582,582,582,582,582,582,582,582,582,582,582,582,582,582,582,582,
size:10
[agent] id:26
path:979,980,948,949,950,918,886,854,822,823,791,759,727,695,663,631,599,567,535,536,537,538,539,507,507,507,507,507,507,507,507,507,507,507,507,507,507,507,507,507,507,507,507,507,507,507,
goal:507,507,507,507,507,507,507,507,507,507,507,507,507,507,507,507,507,507,507,507,507,507,507,507,507,507,507,507,507,507,507,507,507,507,507,507,507,507,507,507,507,507,507,507,507,507,
size:23
[agent] id:27
path:544,576,577,609,641,642,643,644,645,646,647,648,649,650,651,652,653,685,686,687,688,689,690,691,691,691,691,691,691,691,691,691,691,691,691,691,691,691,691,691,691,691,691,691,691,691,
goal:691,691,691,691,691,691,691,691,691,691,691,691,691,691,691,691,691,691,691,691,691,691,691,691,691,691,691,691,691,691,691,691,691,691,691,691,691,691,691,691,691,691,691,691,691,691,
size:23
[agent] id:28
path:189,188,187,219,218,217,216,248,280,312,344,376,408,407,439,438,470,469,501,500,499,498,497,529,528,527,526,494,493,493,493,493,493,493,493,493,493,493,493,493,493,493,493,493,493,493,
goal:493,493,493,493,493,493,493,493,493,493,493,493,493,493,493,493,493,493,493,493,493,493,493,493,493,493,493,493,493,493,493,493,493,493,493,493,493,493,493,493,493,493,493,493,493,493,
size:28
[agent] id:29
path:212,213,245,277,309,341,373,405,437,469,501,533,534,535,536,537,569,570,570,570,570,570,570,570,570,570,570,570,570,570,570,570,570,570,570,570,570,570,570,570,570,570,570,570,570,570,
goal:570,570,570,570,570,570,570,570,570,570,570,570,570,570,570,570,570,570,570,570,570,570,570,570,570,570,570,570,570,570,570,570,570,570,570,570,570,570,570,570,570,570,570,570,570,570,
size:17
SolutionCost:643
