[setting] seed:4774
[solver] type:SASB-ECBS
[solver] w:2.000000
[solver] ID:0
[solver] Lowlevelnode:4323
[solver] Highlevelnode:21
[solver] ConflictCount:11
[solver] solved:1
[solver] elapsed:30
[solver] makespan:45
[problem] timesteplimit:15000
[problem] type:MAPF
[problem] agentnum:30
[graph] width:32
[graph] height:32
[graph] filename:./map/32by32_agents10_ex30.map
[task] id:25,start:0,end:0,service time:0,nodes:752,
[task] id:23,start:0,end:0,service time:0,nodes:13,
[task] id:17,start:0,end:0,service time:0,nodes:537,
[task] id:14,start:0,end:0,service time:0,nodes:503,
[task] id:18,start:0,end:0,service time:0,nodes:566,
[task] id:8,start:0,end:0,service time:0,nodes:352,
[task] id:29,start:0,end:0,service time:0,nodes:599,
[task] id:24,start:0,end:0,service time:0,nodes:336,
[task] id:12,start:0,end:0,service time:0,nodes:531,
[task] id:16,start:0,end:0,service time:0,nodes:1015,
[task] id:3,start:0,end:0,service time:0,nodes:615,
[task] id:15,start:0,end:0,service time:0,nodes:439,
[task] id:21,start:0,end:0,service time:0,nodes:231,
[task] id:19,start:0,end:0,service time:0,nodes:907,
[task] id:20,start:0,end:0,service time:0,nodes:997,
[task] id:0,start:0,end:0,service time:0,nodes:172,
[task] id:1,start:0,end:0,service time:0,nodes:695,
[task] id:4,start:0,end:0,service time:0,nodes:464,
[task] id:5,start:0,end:0,service time:0,nodes:87,
[task] id:11,start:0,end:0,service time:0,nodes:730,
[task] id:27,start:0,end:0,service time:0,nodes:229,
[task] id:28,start:0,end:0,service time:0,nodes:871,
[task] id:7,start:0,end:0,service time:0,nodes:222,
[task] id:10,start:0,end:0,service time:0,nodes:973,
[task] id:26,start:0,end:0,service time:0,nodes:130,
[task] id:6,start:0,end:0,service time:0,nodes:948,
[task] id:13,start:0,end:0,service time:0,nodes:850,
[task] id:2,start:0,end:0,service time:0,nodes:697,
[task] id:22,start:0,end:0,service time:0,nodes:152,
[task] id:9,start:0,end:0,service time:0,nodes:898,
[agent] id:0
path:537,536,535,534,533,501,469,437,405,373,341,309,308,307,306,274,242,241,240,239,207,206,174,173,172,172,172,172,172,172,172,172,172,172,172,172,172,172,172,172,172,172,172,172,172,172,
goal:172,172,172,172,172,172,172,172,172,172,172,172,172,172,172,172,172,172,172,172,172,172,172,172,172,172,172,172,172,172,172,172,172,172,172,172,172,172,172,172,172,172,172,172,172,172,
size:24
[agent] id:1
path:223,255,287,286,318,317,349,381,413,414,446,478,477,509,508,540,539,571,603,635,667,699,698,697,696,695,695,695,695,695,695,695,695,695,695,695,695,695,695,695,695,695,695,695,695,695,
goal:695,695,695,695,695,695,695,695,695,695,695,695,695,695,695,695,695,695,695,695,695,695,695,695,695,695,695,695,695,695,695,695,695,695,695,695,695,695,695,695,695,695,695,695,695,695,
size:25
[agent] id:2
path:352,384,416,448,449,450,482,514,515,547,579,611,643,644,645,646,647,648,649,650,651,652,653,654,655,656,657,658,659,660,661,662,663,664,696,697,697,697,697,697,697,697,697,697,697,697,
goal:697,697,697,697,697,697,697,697,697,697,697,697,697,697,697,697,697,697,697,697,697,697,697,697,697,697,697,697,697,697,697,697,697,697,697,697,697,697,697,697,697,697,697,697,697,697,
size:35
[agent] id:3
path:73,105,137,169,201,200,199,231,263,262,294,326,358,390,422,454,486,518,550,582,614,615,615,615,615,615,615,615,615,615,615,615,615,615,615,615,615,615,615,615,615,615,615,615,615,615,
goal:615,615,615,615,615,615,615,615,615,615,615,615,615,615,615,615,615,615,615,615,615,615,615,615,615,615,615,615,615,615,615,615,615,615,615,615,615,615,615,615,615,615,615,615,615,615,
size:21
[agent] id:4
path:28,60,92,91,123,155,187,219,218,217,216,248,280,312,344,376,408,407,439,438,470,469,468,467,466,465,464,464,464,464,464,464,464,464,464,464,464,464,464,464,464,464,464,464,464,464,
goal:464,464,464,464,464,464,464,464,464,464,464,464,464,464,464,464,464,464,464,464,464,464,464,464,464,464,464,464,464,464,464,464,464,464,464,464,464,464,464,464,464,464,464,464,464,464,
size:26
[agent] id:5
path:390,391,392,393,394,395,396,364,332,300,268,269,270,271,239,240,241,209,210,211,212,213,181,182,150,151,119,87,87,87,87,87,87,87,87,87,87,87,87,87,87,87,87,87,87,87,
goal:87,87,87,87,87,87,87,87,87,87,87,87,87,87,87,87,87,87,87,87,87,87,87,87,87,87,87,87,87,87,87,87,87,87,87,87,87,87,87,87,87,87,87,87,87,87,
size:27
[agent] id:6
path:205,206,207,239,271,303,304,336,368,400,432,464,465,497,529,561,593,594,626,658,690,722,754,786,818,850,882,914,946,978,979,980,948,948,948,948,948,948,948,948,948,948,948,948,948,948,
goal:948,948,948,948,948,948,948,948,948,948,948,948,948,948,948,948,948,948,948,948,948,948,948,948,948,948,948,948,948,948,948,948,948,948,948,948,948,948,948,948,948,948,948,948,948,948,
size:32
[agent] id:7
path:858,857,825,793,794,762,730,698,699,667,635,603,571,539,507,508,476,477,478,446,414,413,381,349,317,285,286,287,255,223,222,222,222,222,222,222,222,222,222,222,222,222,222,222,222,222,
goal:222,222,222,222,222,222,222,222,222,222,222,222,222,222,222,222,222,222,222,222,222,222,222,222,222,222,222,222,222,222,222,222,222,222,222,222,222,222,222,222,222,222,222,222,222,222,
size:30
[agent] id:8
path:609,577,545,513,512,480,448,416,384,352,352,352,352,352,352,352,352,352,352,352,352,352,352,352,352,352,352,352,352,352,352,352,352,352,352,352,352,352,352,352,352,352,352,352,352,352,
goal:352,352,352,352,352,352,352,352,352,352,352,352,352,352,352,352,352,352,352,352,352,352,352,352,352,352,352,352,352,352,352,352,352,352,352,352,352,352,352,352,352,352,352,352,352,352,
size:9
[agent] id:9
path:51,83,115,114,146,145,144,143,142,174,173,172,171,171,203,202,201,200,199,231,263,262,294,326,358,390,422,454,486,518,550,582,614,646,678,710,742,774,806,838,870,902,901,900,899,898,
goal:898,898,898,898,898,898,898,898,898,898,898,898,898,898,898,898,898,898,898,898,898,898,898,898,898,898,898,898,898,898,898,898,898,898,898,898,898,898,898,898,898,898,898,898,898,898,
size:45
[agent] id:10
path:574,606,605,637,669,701,733,765,797,796,795,794,793,825,824,823,855,887,886,885,884,883,915,914,946,945,944,943,942,974,973,973,973,973,973,973,973,973,973,973,973,973,973,973,973,973,
goal:973,973,973,973,973,973,973,973,973,973,973,973,973,973,973,973,973,973,973,973,973,973,973,973,973,973,973,973,973,973,973,973,973,973,973,973,973,973,973,973,973,973,973,973,973,973,
size:30
[agent] id:11
path:218,217,216,248,280,312,344,376,408,409,441,473,472,504,536,535,534,533,565,597,629,661,693,725,726,727,728,729,730,730,730,730,730,730,730,730,730,730,730,730,730,730,730,730,730,730,
goal:730,730,730,730,730,730,730,730,730,730,730,730,730,730,730,730,730,730,730,730,730,730,730,730,730,730,730,730,730,730,730,730,730,730,730,730,730,730,730,730,730,730,730,730,730,730,
size:28
[agent] id:12
path:551,552,553,554,555,556,524,525,526,527,528,529,530,531,531,531,531,531,531,531,531,531,531,531,531,531,531,531,531,531,531,531,531,531,531,531,531,531,531,531,531,531,531,531,531,531,
goal:531,531,531,531,531,531,531,531,531,531,531,531,531,531,531,531,531,531,531,531,531,531,531,531,531,531,531,531,531,531,531,531,531,531,531,531,531,531,531,531,531,531,531,531,531,531,
size:13
[agent] id:13
path:264,263,262,294,326,358,390,422,454,486,518,550,582,614,646,678,710,742,774,806,838,839,840,841,842,843,844,845,846,847,848,849,850,850,850,850,850,850,850,850,850,850,850,850,850,850,
goal:850,850,850,850,850,850,850,850,850,850,850,850,850,850,850,850,850,850,850,850,850,850,850,850,850,850,850,850,850,850,850,850,850,850,850,850,850,850,850,850,850,850,850,850,850,850,
size:32
[agent] id:14
path:728,696,664,632,600,599,567,535,503,503,503,503,503,503,503,503,503,503,503,503,503,503,503,503,503,503,503,503,503,503,503,503,503,503,503,503,503,503,503,503,503,503,503,503,503,503,
goal:503,503,503,503,503,503,503,503,503,503,503,503,503,503,503,503,503,503,503,503,503,503,503,503,503,503,503,503,503,503,503,503,503,503,503,503,503,503,503,503,503,503,503,503,503,503,
size:8
[agent] id:15
path:881,849,850,818,786,754,722,690,658,626,594,562,563,564,565,533,501,469,437,437,437,438,439,439,439,439,439,439,439,439,439,439,439,439,439,439,439,439,439,439,439,439,439,439,439,439,
goal:439,439,439,439,439,439,439,439,439,439,439,439,439,439,439,439,439,439,439,439,439,439,439,439,439,439,439,439,439,439,439,439,439,439,439,439,439,439,439,439,439,439,439,439,439,439,
size:22
[agent] id:16
path:656,688,720,752,753,785,786,818,850,882,883,884,885,886,918,950,982,983,1015,1015,1015,1015,1015,1015,1015,1015,1015,1015,1015,1015,1015,1015,1015,1015,1015,1015,1015,1015,1015,1015,1015,1015,1015,1015,1015,1015,
goal:1015,1015,1015,1015,1015,1015,1015,1015,1015,1015,1015,1015,1015,1015,1015,1015,1015,1015,1015,1015,1015,1015,1015,1015,1015,1015,1015,1015,1015,1015,1015,1015,1015,1015,1015,1015,1015,1015,1015,1015,1015,1015,1015,1015,1015,1015,
size:18
[agent] id:17
path:668,636,604,603,571,539,538,537,537,537,537,537,537,537,537,537,537,537,537,537,537,537,537,537,537,537,537,537,537,537,537,537,537,537,537,537,537,537,537,537,537,537,537,537,537,537,
goal:537,537,537,537,537,537,537,537,537,537,537,537,537,537,537,537,537,537,537,537,537,537,537,537,537,537,537,537,537,537,537,537,537,537,537,537,537,537,537,537,537,537,537,537,537,537,
size:7
[agent] id:18
path:442,474,473,472,504,536,535,534,566,566,566,566,566,566,566,566,566,566,566,566,566,566,566,566,566,566,566,566,566,566,566,566,566,566,566,566,566,566,566,566,566,566,566,566,566,566,
goal:566,566,566,566,566,566,566,566,566,566,566,566,566,566,566,566,566,566,566,566,566,566,566,566,566,566,566,566,566,566,566,566,566,566,566,566,566,566,566,566,566,566,566,566,566,566,
size:8
[agent] id:19
path:435,467,499,531,530,562,594,593,592,591,623,655,687,686,718,750,782,814,846,878,877,909,908,907,907,907,907,907,907,907,907,907,907,907,907,907,907,907,907,907,907,907,907,907,907,907,
goal:907,907,907,907,907,907,907,907,907,907,907,907,907,907,907,907,907,907,907,907,907,907,907,907,907,907,907,907,907,907,907,907,907,907,907,907,907,907,907,907,907,907,907,907,907,907,
size:23
[agent] id:20
path:983,982,950,949,948,980,979,978,946,945,944,943,942,941,940,939,938,937,936,935,967,999,998,997,997,997,997,997,997,997,997,997,997,997,997,997,997,997,997,997,997,997,997,997,997,997,
goal:997,997,997,997,997,997,997,997,997,997,997,997,997,997,997,997,997,997,997,997,997,997,997,997,997,997,997,997,997,997,997,997,997,997,997,997,997,997,997,997,997,997,997,997,997,997,
size:23
[agent] id:21
path:280,248,247,215,214,213,212,211,243,242,241,240,239,207,206,205,204,203,202,201,200,199,231,231,231,231,231,231,231,231,231,231,231,231,231,231,231,231,231,231,231,231,231,231,231,231,
goal:231,231,231,231,231,231,231,231,231,231,231,231,231,231,231,231,231,231,231,231,231,231,231,231,231,231,231,231,231,231,231,231,231,231,231,231,231,231,231,231,231,231,231,231,231,231,
size:22
[agent] id:22
path:809,810,778,779,747,715,683,651,619,620,621,589,557,525,526,527,528,529,497,465,433,401,369,337,305,273,241,209,210,211,212,213,181,182,150,151,152,152,152,152,152,152,152,152,152,152,
goal:152,152,152,152,152,152,152,152,152,152,152,152,152,152,152,152,152,152,152,152,152,152,152,152,152,152,152,152,152,152,152,152,152,152,152,152,152,152,152,152,152,152,152,152,152,152,
size:36
[agent] id:23
path:143,111,79,78,77,45,13,13,13,13,13,13,13,13,13,13,13,13,13,13,13,13,13,13,13,13,13,13,13,13,13,13,13,13,13,13,13,13,13,13,13,13,13,13,13,13,
goal:13,13,13,13,13,13,13,13,13,13,13,13,13,13,13,13,13,13,13,13,13,13,13,13,13,13,13,13,13,13,13,13,13,13,13,13,13,13,13,13,13,13,13,13,13,13,
size:6
[agent] id:24
path:406,374,342,341,309,308,307,306,305,337,336,336,336,336,336,336,336,336,336,336,336,336,336,336,336,336,336,336,336,336,336,336,336,336,336,336,336,336,336,336,336,336,336,336,336,336,
goal:336,336,336,336,336,336,336,336,336,336,336,336,336,336,336,336,336,336,336,336,336,336,336,336,336,336,336,336,336,336,336,336,336,336,336,336,336,336,336,336,336,336,336,336,336,336,
size:10
[agent] id:25
path:658,690,722,721,720,752,752,752,752,752,752,752,752,752,752,752,752,752,752,752,752,752,752,752,752,752,752,752,752,752,752,752,752,752,752,752,752,752,752,752,752,752,752,752,752,752,
goal:752,752,752,752,752,752,752,752,752,752,752,752,752,752,752,752,752,752,752,752,752,752,752,752,752,752,752,752,752,752,752,752,752,752,752,752,752,752,752,752,752,752,752,752,752,752,
size:5
[agent] id:26
path:433,401,369,337,305,273,241,240,239,207,206,205,204,203,202,201,200,199,231,230,229,228,227,259,258,257,225,193,161,162,130,130,130,130,130,130,130,130,130,130,130,130,130,130,130,130,
goal:130,130,130,130,130,130,130,130,130,130,130,130,130,130,130,130,130,130,130,130,130,130,130,130,130,130,130,130,130,130,130,130,130,130,130,130,130,130,130,130,130,130,130,130,130,130,
size:30
[agent] id:27
path:470,438,406,374,342,310,309,308,307,306,305,304,303,302,270,269,268,236,204,203,202,201,200,199,167,166,165,197,229,229,229,229,229,229,229,229,229,229,229,229,229,229,229,229,229,229,
goal:229,229,229,229,229,229,229,229,229,229,229,229,229,229,229,229,229,229,229,229,229,229,229,229,229,229,229,229,229,229,229,229,229,229,229,229,229,229,229,229,229,229,229,229,229,229,
size:28
[agent] id:28
path:37,69,101,133,165,197,229,261,293,294,326,358,390,422,454,486,518,550,582,614,646,678,710,742,774,806,838,870,871,871,871,871,871,871,871,871,871,871,871,871,871,871,871,871,871,871,
goal:871,871,871,871,871,871,871,871,871,871,871,871,871,871,871,871,871,871,871,871,871,871,871,871,871,871,871,871,871,871,871,871,871,871,871,871,871,871,871,871,871,871,871,871,871,871,
size:28
[agent] id:29
path:559,560,561,562,563,564,596,597,598,599,599,599,599,599,599,599,599,599,599,599,599,599,599,599,599,599,599,599,599,599,599,599,599,599,599,599,599,599,599,599,599,599,599,599,599,599,
goal:599,599,599,599,599,599,599,599,599,599,599,599,599,599,599,599,599,599,599,599,599,599,599,599,599,599,599,599,599,599,599,599,599,599,599,599,599,599,599,599,599,599,599,599,599,599,
size:9
SolutionCost:660
