[setting] seed:5132
[solver] type:SASB-ECBS
[solver] w:2.000000
[solver] ID:0
[solver] Lowlevelnode:7380
[solver] Highlevelnode:23
[solver] ConflictCount:12
[solver] solved:1
[solver] elapsed:43
[solver] makespan:46
[problem] timesteplimit:15000
[problem] type:MAPF
[problem] agentnum:30
[graph] width:32
[graph] height:32
[graph] filename:./map/32by32_agents10_ex30.map
[task] id:25,start:0,end:0,service time:0,nodes:375,
[task] id:2,start:0,end:0,service time:0,nodes:793,
[task] id:8,start:0,end:0,service time:0,nodes:93,
[task] id:28,start:0,end:0,service time:0,nodes:760,
[task] id:27,start:0,end:0,service time:0,nodes:656,
[task] id:24,start:0,end:0,service time:0,nodes:757,
[task] id:5,start:0,end:0,service time:0,nodes:823,
[task] id:7,start:0,end:0,service time:0,nodes:23,
[task] id:16,start:0,end:0,service time:0,nodes:776,
[task] id:15,start:0,end:0,service time:0,nodes:658,
[task] id:3,start:0,end:0,service time:0,nodes:722,
[task] id:4,start:0,end:0,service time:0,nodes:71,
[task] id:19,start:0,end:0,service time:0,nodes:513,
[task] id:0,start:0,end:0,service time:0,nodes:805,
[task] id:22,start:0,end:0,service time:0,nodes:269,
[task] id:21,start:0,end:0,service time:0,nodes:852,
[task] id:6,start:0,end:0,service time:0,nodes:313,
[task] id:14,start:0,end:0,service time:0,nodes:569,
[task] id:1,start:0,end:0,service time:0,nodes:874,
[task] id:10,start:0,end:0,service time:0,nodes:554,
[task] id:18,start:0,end:0,service time:0,nodes:186,
[task] id:26,start:0,end:0,service time:0,nodes:753,
[task] id:20,start:0,end:0,service time:0,nodes:286,
[task] id:17,start:0,end:0,service time:0,nodes:996,
[task] id:13,start:0,end:0,service time:0,nodes:235,
[task] id:29,start:0,end:0,service time:0,nodes:804,
[task] id:23,start:0,end:0,service time:0,nodes:860,
[task] id:11,start:0,end:0,service time:0,nodes:550,
[task] id:12,start:0,end:0,service time:0,nodes:984,
[task] id:9,start:0,end:0,service time:0,nodes:68,
[agent] id:0
path:294,326,358,390,422,454,486,518,550,582,614,646,678,710,742,774,806,805,805,805,805,805,805,805,805,805,805,805,805,805,805,805,805,805,805,805,805,805,805,805,805,805,805,805,805,805,805,
goal:805,805,805,805,805,805,805,805,805,805,805,805,805,805,805,805,805,805,805,805,805,805,805,805,805,805,805,805,805,805,805,805,805,805,805,805,805,805,805,805,805,805,805,805,805,805,805,
size:17
[agent] id:1
path:467,499,531,563,562,594,626,658,690,689,688,687,686,718,750,782,814,846,878,877,876,875,874,874,874,874,874,874,874,874,874,874,874,874,874,874,874,874,874,874,874,874,874,874,874,874,874,
goal:874,874,874,874,874,874,874,874,874,874,874,874,874,874,874,874,874,874,874,874,874,874,874,874,874,874,874,874,874,874,874,874,874,874,874,874,874,874,874,874,874,874,874,874,874,874,874,
size:22
[agent] id:2
path:766,798,797,796,795,794,793,793,793,793,793,793,793,793,793,793,793,793,793,793,793,793,793,793,793,793,793,793,793,793,793,793,793,793,793,793,793,793,793,793,793,793,793,793,793,793,793,
goal:793,793,793,793,793,793,793,793,793,793,793,793,793,793,793,793,793,793,793,793,793,793,793,793,793,793,793,793,793,793,793,793,793,793,793,793,793,793,793,793,793,793,793,793,793,793,793,
size:6
[agent] id:3
path:639,671,703,702,701,700,699,731,730,729,728,727,726,725,724,723,722,722,722,722,722,722,722,722,722,722,722,722,722,722,722,722,722,722,722,722,722,722,722,722,722,722,722,722,722,722,722,
goal:722,722,722,722,722,722,722,722,722,722,722,722,722,722,722,722,722,722,722,722,722,722,722,722,722,722,722,722,722,722,722,722,722,722,722,722,722,722,722,722,722,722,722,722,722,722,722,
size:16
[agent] id:4
path:428,396,364,332,300,268,236,204,172,140,139,107,75,74,73,72,71,71,71,71,71,71,71,71,71,71,71,71,71,71,71,71,71,71,71,71,71,71,71,71,71,71,71,71,71,71,71,
goal:71,71,71,71,71,71,71,71,71,71,71,71,71,71,71,71,71,71,71,71,71,71,71,71,71,71,71,71,71,71,71,71,71,71,71,71,71,71,71,71,71,71,71,71,71,71,71,
size:16
[agent] id:5
path:623,655,687,688,720,721,722,723,724,725,757,758,759,791,823,823,823,823,823,823,823,823,823,823,823,823,823,823,823,823,823,823,823,823,823,823,823,823,823,823,823,823,823,823,823,823,823,
goal:823,823,823,823,823,823,823,823,823,823,823,823,823,823,823,823,823,823,823,823,823,823,823,823,823,823,823,823,823,823,823,823,823,823,823,823,823,823,823,823,823,823,823,823,823,823,823,
size:14
[agent] id:6
path:140,172,204,205,206,207,239,240,241,273,274,306,274,306,307,308,309,310,311,312,313,313,313,313,313,313,313,313,313,313,313,313,313,313,313,313,313,313,313,313,313,313,313,313,313,313,313,
goal:313,313,313,313,313,313,313,313,313,313,313,313,313,313,313,313,313,313,313,313,313,313,313,313,313,313,313,313,313,313,313,313,313,313,313,313,313,313,313,313,313,313,313,313,313,313,313,
size:20
[agent] id:7
path:306,274,242,210,178,146,114,82,50,18,19,20,21,22,23,23,23,23,23,23,23,23,23,23,23,23,23,23,23,23,23,23,23,23,23,23,23,23,23,23,23,23,23,23,23,23,23,
goal:23,23,23,23,23,23,23,23,23,23,23,23,23,23,23,23,23,23,23,23,23,23,23,23,23,23,23,23,23,23,23,23,23,23,23,23,23,23,23,23,23,23,23,23,23,23,23,
size:14
[agent] id:8
path:87,88,89,90,91,92,93,93,93,93,93,93,93,93,93,93,93,93,93,93,93,93,93,93,93,93,93,93,93,93,93,93,93,93,93,93,93,93,93,93,93,93,93,93,93,93,93,
goal:93,93,93,93,93,93,93,93,93,93,93,93,93,93,93,93,93,93,93,93,93,93,93,93,93,93,93,93,93,93,93,93,93,93,93,93,93,93,93,93,93,93,93,93,93,93,93,
size:6
[agent] id:9
path:734,702,670,669,637,636,635,634,633,632,600,599,567,566,565,564,563,531,499,467,435,403,402,401,369,337,305,273,241,240,239,207,206,174,173,172,140,139,138,137,136,135,134,133,101,69,68,
goal:68,68,68,68,68,68,68,68,68,68,68,68,68,68,68,68,68,68,68,68,68,68,68,68,68,68,68,68,68,68,68,68,68,68,68,68,68,68,68,68,68,68,68,68,68,68,68,
size:46
[agent] id:10
path:313,345,377,409,441,473,472,504,536,535,567,566,565,564,563,562,561,560,559,558,557,556,555,554,554,554,554,554,554,554,554,554,554,554,554,554,554,554,554,554,554,554,554,554,554,554,554,
goal:554,554,554,554,554,554,554,554,554,554,554,554,554,554,554,554,554,554,554,554,554,554,554,554,554,554,554,554,554,554,554,554,554,554,554,554,554,554,554,554,554,554,554,554,554,554,554,
size:23
[agent] id:11
path:190,189,188,187,219,218,217,216,215,214,213,212,211,243,242,274,306,305,304,303,302,301,300,332,364,396,428,460,459,458,490,522,521,553,552,551,550,550,550,550,550,550,550,550,550,550,550,
goal:550,550,550,550,550,550,550,550,550,550,550,550,550,550,550,550,550,550,550,550,550,550,550,550,550,550,550,550,550,550,550,550,550,550,550,550,550,550,550,550,550,550,550,550,550,550,550,
size:36
[agent] id:12
path:42,74,106,138,139,171,203,235,236,268,300,332,364,396,428,460,461,493,525,557,589,621,653,685,717,749,781,782,814,846,878,879,880,881,882,883,884,885,886,918,950,982,983,984,984,984,984,
goal:984,984,984,984,984,984,984,984,984,984,984,984,984,984,984,984,984,984,984,984,984,984,984,984,984,984,984,984,984,984,984,984,984,984,984,984,984,984,984,984,984,984,984,984,984,984,984,
size:43
[agent] id:13
path:980,979,978,946,914,882,850,818,786,754,722,690,658,626,594,593,592,591,590,590,558,526,494,493,461,429,397,396,364,332,300,268,236,235,235,235,235,235,235,235,235,235,235,235,235,235,235,
goal:235,235,235,235,235,235,235,235,235,235,235,235,235,235,235,235,235,235,235,235,235,235,235,235,235,235,235,235,235,235,235,235,235,235,235,235,235,235,235,235,235,235,235,235,235,235,235,
size:33
[agent] id:14
path:270,302,334,366,367,399,431,463,464,465,497,498,499,500,501,533,534,535,536,537,569,569,569,569,569,569,569,569,569,569,569,569,569,569,569,569,569,569,569,569,569,569,569,569,569,569,569,
goal:569,569,569,569,569,569,569,569,569,569,569,569,569,569,569,569,569,569,569,569,569,569,569,569,569,569,569,569,569,569,569,569,569,569,569,569,569,569,569,569,569,569,569,569,569,569,569,
size:20
[agent] id:15
path:942,943,911,879,880,848,849,850,818,786,785,753,721,689,657,658,658,658,658,658,658,658,658,658,658,658,658,658,658,658,658,658,658,658,658,658,658,658,658,658,658,658,658,658,658,658,658,
goal:658,658,658,658,658,658,658,658,658,658,658,658,658,658,658,658,658,658,658,658,658,658,658,658,658,658,658,658,658,658,658,658,658,658,658,658,658,658,658,658,658,658,658,658,658,658,658,
size:15
[agent] id:16
path:883,851,850,849,848,847,846,845,844,812,811,810,809,808,776,776,776,776,776,776,776,776,776,776,776,776,776,776,776,776,776,776,776,776,776,776,776,776,776,776,776,776,776,776,776,776,776,
goal:776,776,776,776,776,776,776,776,776,776,776,776,776,776,776,776,776,776,776,776,776,776,776,776,776,776,776,776,776,776,776,776,776,776,776,776,776,776,776,776,776,776,776,776,776,776,776,
size:14
[agent] id:17
path:859,858,857,825,824,823,855,887,886,885,884,883,915,914,946,945,944,943,942,941,940,939,938,937,936,935,967,999,998,997,996,996,996,996,996,996,996,996,996,996,996,996,996,996,996,996,996,
goal:996,996,996,996,996,996,996,996,996,996,996,996,996,996,996,996,996,996,996,996,996,996,996,996,996,996,996,996,996,996,996,996,996,996,996,996,996,996,996,996,996,996,996,996,996,996,996,
size:30
[agent] id:18
path:526,527,528,529,497,465,433,401,369,337,305,273,241,209,210,211,212,213,181,182,183,184,185,186,186,186,186,186,186,186,186,186,186,186,186,186,186,186,186,186,186,186,186,186,186,186,186,
goal:186,186,186,186,186,186,186,186,186,186,186,186,186,186,186,186,186,186,186,186,186,186,186,186,186,186,186,186,186,186,186,186,186,186,186,186,186,186,186,186,186,186,186,186,186,186,186,
size:23
[agent] id:19
path:397,429,461,460,459,458,490,522,521,520,519,518,517,516,515,514,513,513,513,513,513,513,513,513,513,513,513,513,513,513,513,513,513,513,513,513,513,513,513,513,513,513,513,513,513,513,513,
goal:513,513,513,513,513,513,513,513,513,513,513,513,513,513,513,513,513,513,513,513,513,513,513,513,513,513,513,513,513,513,513,513,513,513,513,513,513,513,513,513,513,513,513,513,513,513,513,
size:16
[agent] id:20
path:755,723,691,659,627,628,596,564,565,533,501,469,437,405,406,407,408,376,377,378,379,347,315,316,317,285,286,286,286,286,286,286,286,286,286,286,286,286,286,286,286,286,286,286,286,286,286,
goal:286,286,286,286,286,286,286,286,286,286,286,286,286,286,286,286,286,286,286,286,286,286,286,286,286,286,286,286,286,286,286,286,286,286,286,286,286,286,286,286,286,286,286,286,286,286,286,
size:26
[agent] id:21
path:461,493,525,557,589,621,653,685,717,749,781,782,814,846,847,848,849,850,851,852,852,852,852,852,852,852,852,852,852,852,852,852,852,852,852,852,852,852,852,852,852,852,852,852,852,852,852,
goal:852,852,852,852,852,852,852,852,852,852,852,852,852,852,852,852,852,852,852,852,852,852,852,852,852,852,852,852,852,852,852,852,852,852,852,852,852,852,852,852,852,852,852,852,852,852,852,
size:19
[agent] id:22
path:535,534,533,501,469,437,405,373,341,309,308,307,306,305,304,303,271,270,269,269,269,269,269,269,269,269,269,269,269,269,269,269,269,269,269,269,269,269,269,269,269,269,269,269,269,269,269,
goal:269,269,269,269,269,269,269,269,269,269,269,269,269,269,269,269,269,269,269,269,269,269,269,269,269,269,269,269,269,269,269,269,269,269,269,269,269,269,269,269,269,269,269,269,269,269,269,
size:18
[agent] id:23
path:963,964,965,933,934,935,936,937,938,906,874,875,876,877,878,879,880,881,882,883,884,885,886,887,888,920,952,984,985,986,987,955,956,924,892,860,860,860,860,860,860,860,860,860,860,860,860,
goal:860,860,860,860,860,860,860,860,860,860,860,860,860,860,860,860,860,860,860,860,860,860,860,860,860,860,860,860,860,860,860,860,860,860,860,860,860,860,860,860,860,860,860,860,860,860,860,
size:35
[agent] id:24
path:861,860,859,858,857,825,824,792,791,759,758,726,758,757,757,757,757,757,757,757,757,757,757,757,757,757,757,757,757,757,757,757,757,757,757,757,757,757,757,757,757,757,757,757,757,757,757,
goal:757,757,757,757,757,757,757,757,757,757,757,757,757,757,757,757,757,757,757,757,757,757,757,757,757,757,757,757,757,757,757,757,757,757,757,757,757,757,757,757,757,757,757,757,757,757,757,
size:13
[agent] id:25
path:438,406,374,375,375,375,375,375,375,375,375,375,375,375,375,375,375,375,375,375,375,375,375,375,375,375,375,375,375,375,375,375,375,375,375,375,375,375,375,375,375,375,375,375,375,375,375,
goal:375,375,375,375,375,375,375,375,375,375,375,375,375,375,375,375,375,375,375,375,375,375,375,375,375,375,375,375,375,375,375,375,375,375,375,375,375,375,375,375,375,375,375,375,375,375,375,
size:3
[agent] id:26
path:239,271,303,304,336,368,400,432,433,433,465,497,529,561,593,592,591,623,655,687,688,720,752,753,753,753,753,753,753,753,753,753,753,753,753,753,753,753,753,753,753,753,753,753,753,753,753,
goal:753,753,753,753,753,753,753,753,753,753,753,753,753,753,753,753,753,753,753,753,753,753,753,753,753,753,753,753,753,753,753,753,753,753,753,753,753,753,753,753,753,753,753,753,753,753,753,
size:23
[agent] id:27
path:854,853,852,851,819,818,786,754,722,690,658,657,656,656,656,656,656,656,656,656,656,656,656,656,656,656,656,656,656,656,656,656,656,656,656,656,656,656,656,656,656,656,656,656,656,656,656,
goal:656,656,656,656,656,656,656,656,656,656,656,656,656,656,656,656,656,656,656,656,656,656,656,656,656,656,656,656,656,656,656,656,656,656,656,656,656,656,656,656,656,656,656,656,656,656,656,
size:12
[agent] id:28
path:668,700,699,731,730,729,728,760,760,760,760,760,760,760,760,760,760,760,760,760,760,760,760,760,760,760,760,760,760,760,760,760,760,760,760,760,760,760,760,760,760,760,760,760,760,760,760,
goal:760,760,760,760,760,760,760,760,760,760,760,760,760,760,760,760,760,760,760,760,760,760,760,760,760,760,760,760,760,760,760,760,760,760,760,760,760,760,760,760,760,760,760,760,760,760,760,
size:7
[agent] id:29
path:702,701,700,699,731,730,729,728,727,726,725,693,692,691,690,689,688,687,686,718,717,716,715,747,779,811,810,809,808,807,806,838,837,836,804,804,804,804,804,804,804,804,804,804,804,804,804,
goal:804,804,804,804,804,804,804,804,804,804,804,804,804,804,804,804,804,804,804,804,804,804,804,804,804,804,804,804,804,804,804,804,804,804,804,804,804,804,804,804,804,804,804,804,804,804,804,
size:34
SolutionCost:620
