[setting] seed:7129
[solver] type:SASB-ECBS
[solver] w:2.000000
[solver] ID:0
[solver] Lowlevelnode:7644
[solver] Highlevelnode:23
[solver] ConflictCount:12
[solver] solved:1
[solver] elapsed:43
[solver] makespan:39
[problem] timesteplimit:15000
[problem] type:MAPF
[problem] agentnum:30
[graph] width:32
[graph] height:32
[graph] filename:./map/32by32_agents10_ex30.map
[task] id:18,start:0,end:0,service time:0,nodes:909,
[task] id:11,start:0,end:0,service time:0,nodes:877,
[task] id:26,start:0,end:0,service time:0,nodes:270,
[task] id:9,start:0,end:0,service time:0,nodes:893,
[task] id:0,start:0,end:0,service time:0,nodes:939,
[task] id:28,start:0,end:0,service time:0,nodes:225,
[task] id:22,start:0,end:0,service time:0,nodes:86,
[task] id:5,start:0,end:0,service time:0,nodes:793,
[task] id:25,start:0,end:0,service time:0,nodes:396,
[task] id:19,start:0,end:0,service time:0,nodes:920,
[task] id:4,start:0,end:0,service time:0,nodes:823,
[task] id:21,start:0,end:0,service time:0,nodes:242,
[task] id:6,start:0,end:0,service time:0,nodes:210,
[task] id:24,start:0,end:0,service time:0,nodes:978,
[task] id:29,start:0,end:0,service time:0,nodes:137,
[task] id:2,start:0,end:0,service time:0,nodes:69,
[task] id:3,start:0,end:0,service time:0,nodes:84,
[task] id:7,start:0,end:0,service time:0,nodes:635,
[task] id:8,start:0,end:0,service time:0,nodes:867,
[task] id:27,start:0,end:0,service time:0,nodes:525,
[task] id:1,start:0,end:0,service time:0,nodes:306,
[task] id:12,start:0,end:0,service time:0,nodes:375,
[task] id:16,start:0,end:0,service time:0,nodes:933,
[task] id:10,start:0,end:0,service time:0,nodes:998,
[task] id:15,start:0,end:0,service time:0,nodes:952,
[task] id:17,start:0,end:0,service time:0,nodes:476,
[task] id:23,start:0,end:0,service time:0,nodes:1017,
[task] id:14,start:0,end:0,service time:0,nodes:899,
[task] id:20,start:0,end:0,service time:0,nodes:35,
[task] id:13,start:0,end:0,service time:0,nodes:764,
[agent] id:0
path:742,774,806,838,870,902,934,935,936,937,938,939,939,939,939,939,939,939,939,939,939,939,939,939,939,939,939,939,939,939,939,939,939,939,939,939,939,939,939,939,
goal:939,939,939,939,939,939,939,939,939,939,939,939,939,939,939,939,939,939,939,939,939,939,939,939,939,939,939,939,939,939,939,939,939,939,939,939,939,939,939,939,
size:11
[agent] id:1
path:937,938,906,874,842,810,778,779,747,715,683,651,619,620,621,589,557,525,526,527,528,529,497,465,433,401,369,337,305,306,306,306,306,306,306,306,306,306,306,306,
goal:306,306,306,306,306,306,306,306,306,306,306,306,306,306,306,306,306,306,306,306,306,306,306,306,306,306,306,306,306,306,306,306,306,306,306,306,306,306,306,306,
size:29
[agent] id:2
path:712,680,648,616,584,552,520,519,487,486,454,453,421,389,357,358,326,294,262,230,229,197,165,133,101,69,69,69,69,69,69,69,69,69,69,69,69,69,69,69,
goal:69,69,69,69,69,69,69,69,69,69,69,69,69,69,69,69,69,69,69,69,69,69,69,69,69,69,69,69,69,69,69,69,69,69,69,69,69,69,69,69,
size:25
[agent] id:3
path:664,632,600,599,567,535,534,533,501,469,437,405,373,341,309,277,245,213,212,211,210,178,146,114,82,83,84,84,84,84,84,84,84,84,84,84,84,84,84,84,
goal:84,84,84,84,84,84,84,84,84,84,84,84,84,84,84,84,84,84,84,84,84,84,84,84,84,84,84,84,84,84,84,84,84,84,84,84,84,84,84,84,
size:26
[agent] id:4
path:554,555,556,557,589,621,653,685,686,687,688,720,721,722,723,724,725,757,758,759,791,823,823,823,823,823,823,823,823,823,823,823,823,823,823,823,823,823,823,823,
goal:823,823,823,823,823,823,823,823,823,823,823,823,823,823,823,823,823,823,823,823,823,823,823,823,823,823,823,823,823,823,823,823,823,823,823,823,823,823,823,823,
size:21
[agent] id:5
path:877,845,846,847,848,849,850,851,852,853,821,822,823,791,792,793,793,793,793,793,793,793,793,793,793,793,793,793,793,793,793,793,793,793,793,793,793,793,793,793,
goal:793,793,793,793,793,793,793,793,793,793,793,793,793,793,793,793,793,793,793,793,793,793,793,793,793,793,793,793,793,793,793,793,793,793,793,793,793,793,793,793,
size:15
[agent] id:6
path:420,421,389,390,391,392,393,394,395,396,364,332,332,300,301,302,303,271,239,240,240,241,209,210,210,210,210,210,210,210,210,210,210,210,210,210,210,210,210,210,
goal:210,210,210,210,210,210,210,210,210,210,210,210,210,210,210,210,210,210,210,210,210,210,210,210,210,210,210,210,210,210,210,210,210,210,210,210,210,210,210,210,
size:23
[agent] id:7
path:773,741,709,677,645,646,647,648,649,650,651,652,653,654,655,656,657,658,626,627,628,629,630,631,632,633,634,635,635,635,635,635,635,635,635,635,635,635,635,635,
goal:635,635,635,635,635,635,635,635,635,635,635,635,635,635,635,635,635,635,635,635,635,635,635,635,635,635,635,635,635,635,635,635,635,635,635,635,635,635,635,635,
size:27
[agent] id:8
path:134,166,165,197,229,261,293,294,326,358,390,422,454,486,518,550,582,614,646,678,710,742,774,806,838,837,836,835,867,867,867,867,867,867,867,867,867,867,867,867,
goal:867,867,867,867,867,867,867,867,867,867,867,867,867,867,867,867,867,867,867,867,867,867,867,867,867,867,867,867,867,867,867,867,867,867,867,867,867,867,867,867,
size:28
[agent] id:9
path:734,766,798,830,831,863,895,894,893,893,893,893,893,893,893,893,893,893,893,893,893,893,893,893,893,893,893,893,893,893,893,893,893,893,893,893,893,893,893,893,
goal:893,893,893,893,893,893,893,893,893,893,893,893,893,893,893,893,893,893,893,893,893,893,893,893,893,893,893,893,893,893,893,893,893,893,893,893,893,893,893,893,
size:8
[agent] id:10
path:667,699,731,730,762,794,793,825,824,823,855,887,886,885,884,883,915,914,946,945,944,943,942,941,940,972,971,970,938,937,936,935,967,999,998,998,998,998,998,998,
goal:998,998,998,998,998,998,998,998,998,998,998,998,998,998,998,998,998,998,998,998,998,998,998,998,998,998,998,998,998,998,998,998,998,998,998,998,998,998,998,998,
size:34
[agent] id:11
path:811,843,875,876,877,877,877,877,877,877,877,877,877,877,877,877,877,877,877,877,877,877,877,877,877,877,877,877,877,877,877,877,877,877,877,877,877,877,877,877,
goal:877,877,877,877,877,877,877,877,877,877,877,877,877,877,877,877,877,877,877,877,877,877,877,877,877,877,877,877,877,877,877,877,877,877,877,877,877,877,877,877,
size:4
[agent] id:12
path:774,775,743,711,679,647,615,583,551,552,553,554,555,556,524,525,526,527,528,529,497,465,433,434,435,436,437,405,373,374,375,375,375,375,375,375,375,375,375,375,
goal:375,375,375,375,375,375,375,375,375,375,375,375,375,375,375,375,375,375,375,375,375,375,375,375,375,375,375,375,375,375,375,375,375,375,375,375,375,375,375,375,
size:30
[agent] id:13
path:448,480,512,544,576,577,609,641,642,643,644,645,646,647,648,649,650,651,652,653,685,686,687,688,720,721,722,723,724,725,726,727,728,729,730,762,794,795,796,764,
goal:764,764,764,764,764,764,764,764,764,764,764,764,764,764,764,764,764,764,764,764,764,764,764,764,764,764,764,764,764,764,764,764,764,764,764,764,764,764,764,764,
size:39
[agent] id:14
path:474,473,472,504,536,536,535,567,599,631,663,695,727,759,791,823,855,854,853,852,851,850,849,848,847,846,845,844,843,842,841,840,872,871,870,902,901,900,899,899,
goal:899,899,899,899,899,899,899,899,899,899,899,899,899,899,899,899,899,899,899,899,899,899,899,899,899,899,899,899,899,899,899,899,899,899,899,899,899,899,899,899,
size:38
[agent] id:15
path:81,113,145,177,209,241,273,305,337,369,401,433,465,497,529,561,593,594,594,626,658,690,722,754,786,818,850,882,883,884,885,886,918,950,982,983,984,952,952,952,
goal:952,952,952,952,952,952,952,952,952,952,952,952,952,952,952,952,952,952,952,952,952,952,952,952,952,952,952,952,952,952,952,952,952,952,952,952,952,952,952,952,
size:37
[agent] id:16
path:99,67,68,69,101,133,165,197,229,261,293,294,326,358,390,422,454,486,518,550,582,614,646,678,710,742,774,806,838,870,902,934,933,933,933,933,933,933,933,933,
goal:933,933,933,933,933,933,933,933,933,933,933,933,933,933,933,933,933,933,933,933,933,933,933,933,933,933,933,933,933,933,933,933,933,933,933,933,933,933,933,933,
size:32
[agent] id:17
path:71,103,135,167,199,200,201,233,234,235,236,268,300,301,302,303,304,305,306,307,308,309,341,373,374,375,376,377,378,379,380,412,413,414,446,478,477,476,476,476,
goal:476,476,476,476,476,476,476,476,476,476,476,476,476,476,476,476,476,476,476,476,476,476,476,476,476,476,476,476,476,476,476,476,476,476,476,476,476,476,476,476,
size:37
[agent] id:18
path:942,941,909,909,909,909,909,909,909,909,909,909,909,909,909,909,909,909,909,909,909,909,909,909,909,909,909,909,909,909,909,909,909,909,909,909,909,909,909,909,
goal:909,909,909,909,909,909,909,909,909,909,909,909,909,909,909,909,909,909,909,909,909,909,909,909,909,909,909,909,909,909,909,909,909,909,909,909,909,909,909,909,
size:2
[agent] id:19
path:907,875,876,877,878,879,880,881,882,883,884,885,853,854,886,886,887,888,920,920,920,920,920,920,920,920,920,920,920,920,920,920,920,920,920,920,920,920,920,920,
goal:920,920,920,920,920,920,920,920,920,920,920,920,920,920,920,920,920,920,920,920,920,920,920,920,920,920,920,920,920,920,920,920,920,920,920,920,920,920,920,920,
size:18
[agent] id:20
path:723,691,659,627,626,594,562,561,561,529,497,465,464,432,400,368,336,304,303,271,239,207,206,174,173,172,140,139,107,75,74,42,41,40,39,38,37,36,35,35,
goal:35,35,35,35,35,35,35,35,35,35,35,35,35,35,35,35,35,35,35,35,35,35,35,35,35,35,35,35,35,35,35,35,35,35,35,35,35,35,35,35,
size:38
[agent] id:21
path:757,725,693,661,629,597,565,564,563,531,499,467,435,403,402,401,369,337,305,273,241,242,242,242,242,242,242,242,242,242,242,242,242,242,242,242,242,242,242,242,
goal:242,242,242,242,242,242,242,242,242,242,242,242,242,242,242,242,242,242,242,242,242,242,242,242,242,242,242,242,242,242,242,242,242,242,242,242,242,242,242,242,
size:21
[agent] id:22
path:206,174,142,110,78,79,80,81,82,83,84,52,53,54,86,86,86,86,86,86,86,86,86,86,86,86,86,86,86,86,86,86,86,86,86,86,86,86,86,86,
goal:86,86,86,86,86,86,86,86,86,86,86,86,86,86,86,86,86,86,86,86,86,86,86,86,86,86,86,86,86,86,86,86,86,86,86,86,86,86,86,86,
size:14
[agent] id:23
path:422,454,486,518,550,582,614,646,678,710,742,774,806,838,839,840,841,842,843,844,845,846,878,879,880,881,882,883,884,885,886,918,950,982,983,1015,1016,1017,1017,1017,
goal:1017,1017,1017,1017,1017,1017,1017,1017,1017,1017,1017,1017,1017,1017,1017,1017,1017,1017,1017,1017,1017,1017,1017,1017,1017,1017,1017,1017,1017,1017,1017,1017,1017,1017,1017,1017,1017,1017,1017,1017,
size:37
[agent] id:24
path:539,571,603,635,667,699,731,730,762,794,793,825,824,823,855,887,919,918,950,949,948,980,979,978,978,978,978,978,978,978,978,978,978,978,978,978,978,978,978,978,
goal:978,978,978,978,978,978,978,978,978,978,978,978,978,978,978,978,978,978,978,978,978,978,978,978,978,978,978,978,978,978,978,978,978,978,978,978,978,978,978,978,
size:23
[agent] id:25
path:599,567,566,565,564,563,531,530,529,528,527,526,494,493,461,429,397,396,396,396,396,396,396,396,396,396,396,396,396,396,396,396,396,396,396,396,396,396,396,396,
goal:396,396,396,396,396,396,396,396,396,396,396,396,396,396,396,396,396,396,396,396,396,396,396,396,396,396,396,396,396,396,396,396,396,396,396,396,396,396,396,396,
size:17
[agent] id:26
path:299,300,268,269,270,270,270,270,270,270,270,270,270,270,270,270,270,270,270,270,270,270,270,270,270,270,270,270,270,270,270,270,270,270,270,270,270,270,270,270,
goal:270,270,270,270,270,270,270,270,270,270,270,270,270,270,270,270,270,270,270,270,270,270,270,270,270,270,270,270,270,270,270,270,270,270,270,270,270,270,270,270,
size:4
[agent] id:27
path:58,90,122,121,153,185,217,216,248,280,312,344,376,408,407,439,438,470,469,501,500,499,531,530,529,528,527,526,525,525,525,525,525,525,525,525,525,525,525,525,
goal:525,525,525,525,525,525,525,525,525,525,525,525,525,525,525,525,525,525,525,525,525,525,525,525,525,525,525,525,525,525,525,525,525,525,525,525,525,525,525,525,
size:28
[agent] id:28
path:452,420,419,418,417,385,353,352,320,288,256,257,225,225,225,225,225,225,225,225,225,225,225,225,225,225,225,225,225,225,225,225,225,225,225,225,225,225,225,225,
goal:225,225,225,225,225,225,225,225,225,225,225,225,225,225,225,225,225,225,225,225,225,225,225,225,225,225,225,225,225,225,225,225,225,225,225,225,225,225,225,225,
size:12
[agent] id:29
path:90,89,57,56,55,54,53,52,51,50,82,114,146,145,144,143,142,174,173,172,140,139,138,137,137,137,137,137,137,137,137,137,137,137,137,137,137,137,137,137,
goal:137,137,137,137,137,137,137,137,137,137,137,137,137,137,137,137,137,137,137,137,137,137,137,137,137,137,137,137,137,137,137,137,137,137,137,137,137,137,137,137,
size:23
SolutionCost:701
