[setting] seed:2009
[solver] type:SASB-ECBS
[solver] w:2.000000
[solver] ID:0
[solver] Lowlevelnode:4179
[solver] Highlevelnode:21
[solver] ConflictCount:11
[solver] solved:1
[solver] elapsed:29
[solver] makespan:35
[problem] timesteplimit:15000
[problem] type:MAPF
[problem] agentnum:30
[graph] width:32
[graph] height:32
[graph] filename:./map/32by32_agents10_ex30.map
[task] id:8,start:0,end:0,service time:0,nodes:308,
[task] id:17,start:0,end:0,service time:0,nodes:854,
[task] id:15,start:0,end:0,service time:0,nodes:497,
[task] id:29,start:0,end:0,service time:0,nodes:627,
[task] id:10,start:0,end:0,service time:0,nodes:758,
[task] id:16,start:0,end:0,service time:0,nodes:461,
[task] id:2,start:0,end:0,service time:0,nodes:469,
[task] id:22,start:0,end:0,service time:0,nodes:234,
[task] id:9,start:0,end:0,service time:0,nodes:322,
[task] id:5,start:0,end:0,service time:0,nodes:171,
[task] id:4,start:0,end:0,service time:0,nodes:620,
[task] id:18,start:0,end:0,service time:0,nodes:731,
[task] id:21,start:0,end:0,service time:0,nodes:557,
[task] id:12,start:0,end:0,service time:0,nodes:239,
[task] id:20,start:0,end:0,service time:0,nodes:566,
[task] id:27,start:0,end:0,service time:0,nodes:682,
[task] id:19,start:0,end:0,service time:0,nodes:596,
[task] id:23,start:0,end:0,service time:0,nodes:912,
[task] id:28,start:0,end:0,service time:0,nodes:290,
[task] id:24,start:0,end:0,service time:0,nodes:84,
[task] id:6,start:0,end:0,service time:0,nodes:902,
[task] id:7,start:0,end:0,service time:0,nodes:616,
[task] id:25,start:0,end:0,service time:0,nodes:199,
[task] id:26,start:0,end:0,service time:0,nodes:606,
[task] id:3,start:0,end:0,service time:0,nodes:66,
[task] id:14,start:0,end:0,service time:0,nodes:798,
[task] id:1,start:0,end:0,service time:0,nodes:247,
[task] id:0,start:0,end:0,service time:0,nodes:452,
[task] id:13,start:0,end:0,service time:0,nodes:3,
[task] id:11,start:0,end:0,service time:0,nodes:357,
[agent] id:0
path:605,637,636,635,634,633,632,600,599,567,566,565,564,563,562,561,560,528,527,526,525,524,556,555,554,522,521,520,519,487,486,454,453,452,452,452,
goal:452,452,452,452,452,452,452,452,452,452,452,452,452,452,452,452,452,452,452,452,452,452,452,452,452,452,452,452,452,452,452,452,452,452,452,452,
size:33
[agent] id:1
path:875,843,811,779,747,715,683,651,619,620,621,589,557,525,526,527,528,529,530,498,466,434,435,436,437,405,373,341,309,310,311,279,247,247,247,247,
goal:247,247,247,247,247,247,247,247,247,247,247,247,247,247,247,247,247,247,247,247,247,247,247,247,247,247,247,247,247,247,247,247,247,247,247,247,
size:32
[agent] id:2
path:248,280,312,344,376,408,407,439,438,470,469,469,469,469,469,469,469,469,469,469,469,469,469,469,469,469,469,469,469,469,469,469,469,469,469,469,
goal:469,469,469,469,469,469,469,469,469,469,469,469,469,469,469,469,469,469,469,469,469,469,469,469,469,469,469,469,469,469,469,469,469,469,469,469,
size:10
[agent] id:3
path:715,683,651,619,618,617,616,584,552,520,519,487,486,454,422,390,358,326,294,262,230,229,197,165,133,101,69,68,67,66,66,66,66,66,66,66,
goal:66,66,66,66,66,66,66,66,66,66,66,66,66,66,66,66,66,66,66,66,66,66,66,66,66,66,66,66,66,66,66,66,66,66,66,66,
size:29
[agent] id:4
path:914,882,850,818,786,754,722,690,658,657,656,655,623,622,621,620,620,620,620,620,620,620,620,620,620,620,620,620,620,620,620,620,620,620,620,620,
goal:620,620,620,620,620,620,620,620,620,620,620,620,620,620,620,620,620,620,620,620,620,620,620,620,620,620,620,620,620,620,620,620,620,620,620,620,
size:15
[agent] id:5
path:225,257,258,259,227,228,229,230,231,199,200,201,202,203,171,171,171,171,171,171,171,171,171,171,171,171,171,171,171,171,171,171,171,171,171,171,
goal:171,171,171,171,171,171,171,171,171,171,171,171,171,171,171,171,171,171,171,171,171,171,171,171,171,171,171,171,171,171,171,171,171,171,171,171,
size:14
[agent] id:6
path:563,563,562,594,626,658,690,689,688,687,686,718,717,716,715,747,779,811,843,842,841,840,872,871,870,902,902,902,902,902,902,902,902,902,902,902,
goal:902,902,902,902,902,902,902,902,902,902,902,902,902,902,902,902,902,902,902,902,902,902,902,902,902,902,902,902,902,902,902,902,902,902,902,902,
size:25
[agent] id:7
path:734,733,701,700,699,698,697,696,664,663,662,661,660,659,658,657,656,655,654,653,652,651,619,618,617,616,616,616,616,616,616,616,616,616,616,616,
goal:616,616,616,616,616,616,616,616,616,616,616,616,616,616,616,616,616,616,616,616,616,616,616,616,616,616,616,616,616,616,616,616,616,616,616,616,
size:25
[agent] id:8
path:306,307,308,308,308,308,308,308,308,308,308,308,308,308,308,308,308,308,308,308,308,308,308,308,308,308,308,308,308,308,308,308,308,308,308,308,
goal:308,308,308,308,308,308,308,308,308,308,308,308,308,308,308,308,308,308,308,308,308,308,308,308,308,308,308,308,308,308,308,308,308,308,308,308,
size:2
[agent] id:9
path:104,136,168,200,199,231,263,262,261,260,259,258,290,322,322,322,322,322,322,322,322,322,322,322,322,322,322,322,322,322,322,322,322,322,322,322,
goal:322,322,322,322,322,322,322,322,322,322,322,322,322,322,322,322,322,322,322,322,322,322,322,322,322,322,322,322,322,322,322,322,322,322,322,322,
size:13
[agent] id:10
path:701,700,699,731,730,729,728,760,759,758,758,758,758,758,758,758,758,758,758,758,758,758,758,758,758,758,758,758,758,758,758,758,758,758,758,758,
goal:758,758,758,758,758,758,758,758,758,758,758,758,758,758,758,758,758,758,758,758,758,758,758,758,758,758,758,758,758,758,758,758,758,758,758,758,
size:9
[agent] id:11
path:316,348,380,379,378,377,376,375,374,406,438,437,436,435,403,402,401,369,337,305,304,303,302,301,300,332,364,396,395,394,393,392,391,359,358,357,
goal:357,357,357,357,357,357,357,357,357,357,357,357,357,357,357,357,357,357,357,357,357,357,357,357,357,357,357,357,357,357,357,357,357,357,357,357,
size:35
[agent] id:12
path:293,261,229,197,165,166,167,168,169,137,138,139,171,172,204,205,206,207,239,239,239,239,239,239,239,239,239,239,239,239,239,239,239,239,239,239,
goal:239,239,239,239,239,239,239,239,239,239,239,239,239,239,239,239,239,239,239,239,239,239,239,239,239,239,239,239,239,239,239,239,239,239,239,239,
size:18
[agent] id:13
path:687,655,623,591,559,558,557,556,555,554,522,490,458,426,394,393,392,391,359,358,326,294,262,230,229,197,165,133,101,69,37,5,4,3,3,3,
goal:3,3,3,3,3,3,3,3,3,3,3,3,3,3,3,3,3,3,3,3,3,3,3,3,3,3,3,3,3,3,3,3,3,3,3,3,
size:33
[agent] id:14
path:804,805,806,807,808,809,810,811,812,844,845,846,847,848,849,850,851,852,853,821,822,823,791,792,793,794,795,796,797,798,798,798,798,798,798,798,
goal:798,798,798,798,798,798,798,798,798,798,798,798,798,798,798,798,798,798,798,798,798,798,798,798,798,798,798,798,798,798,798,798,798,798,798,798,
size:29
[agent] id:15
path:594,562,530,498,497,497,497,497,497,497,497,497,497,497,497,497,497,497,497,497,497,497,497,497,497,497,497,497,497,497,497,497,497,497,497,497,
goal:497,497,497,497,497,497,497,497,497,497,497,497,497,497,497,497,497,497,497,497,497,497,497,497,497,497,497,497,497,497,497,497,497,497,497,497,
size:4
[agent] id:16
path:499,498,497,529,528,527,526,494,493,461,461,461,461,461,461,461,461,461,461,461,461,461,461,461,461,461,461,461,461,461,461,461,461,461,461,461,
goal:461,461,461,461,461,461,461,461,461,461,461,461,461,461,461,461,461,461,461,461,461,461,461,461,461,461,461,461,461,461,461,461,461,461,461,461,
size:9
[agent] id:17
path:823,855,854,854,854,854,854,854,854,854,854,854,854,854,854,854,854,854,854,854,854,854,854,854,854,854,854,854,854,854,854,854,854,854,854,854,
goal:854,854,854,854,854,854,854,854,854,854,854,854,854,854,854,854,854,854,854,854,854,854,854,854,854,854,854,854,854,854,854,854,854,854,854,854,
size:2
[agent] id:18
path:718,686,687,688,689,690,691,723,724,725,726,727,728,729,730,731,731,731,731,731,731,731,731,731,731,731,731,731,731,731,731,731,731,731,731,731,
goal:731,731,731,731,731,731,731,731,731,731,731,731,731,731,731,731,731,731,731,731,731,731,731,731,731,731,731,731,731,731,731,731,731,731,731,731,
size:15
[agent] id:19
path:357,389,421,453,485,517,549,550,551,552,553,554,555,556,557,558,559,560,561,562,563,564,596,596,596,596,596,596,596,596,596,596,596,596,596,596,
goal:596,596,596,596,596,596,596,596,596,596,596,596,596,596,596,596,596,596,596,596,596,596,596,596,596,596,596,596,596,596,596,596,596,596,596,596,
size:22
[agent] id:20
path:925,893,861,860,859,858,857,825,793,792,760,728,696,664,632,600,599,567,566,566,566,566,566,566,566,566,566,566,566,566,566,566,566,566,566,566,
goal:566,566,566,566,566,566,566,566,566,566,566,566,566,566,566,566,566,566,566,566,566,566,566,566,566,566,566,566,566,566,566,566,566,566,566,566,
size:18
[agent] id:21
path:262,294,326,358,390,422,454,486,518,550,551,552,553,554,555,556,557,557,557,557,557,557,557,557,557,557,557,557,557,557,557,557,557,557,557,557,
goal:557,557,557,557,557,557,557,557,557,557,557,557,557,557,557,557,557,557,557,557,557,557,557,557,557,557,557,557,557,557,557,557,557,557,557,557,
size:16
[agent] id:22
path:525,493,461,429,397,396,364,332,300,268,236,235,234,234,234,234,234,234,234,234,234,234,234,234,234,234,234,234,234,234,234,234,234,234,234,234,
goal:234,234,234,234,234,234,234,234,234,234,234,234,234,234,234,234,234,234,234,234,234,234,234,234,234,234,234,234,234,234,234,234,234,234,234,234,
size:12
[agent] id:23
path:670,702,734,766,798,797,796,795,794,793,825,824,823,855,887,886,885,884,883,915,914,913,912,912,912,912,912,912,912,912,912,912,912,912,912,912,
goal:912,912,912,912,912,912,912,912,912,912,912,912,912,912,912,912,912,912,912,912,912,912,912,912,912,912,912,912,912,912,912,912,912,912,912,912,
size:22
[agent] id:24
path:693,661,629,597,565,533,501,469,437,405,373,341,309,277,245,213,212,211,210,178,146,114,82,83,84,84,84,84,84,84,84,84,84,84,84,84,
goal:84,84,84,84,84,84,84,84,84,84,84,84,84,84,84,84,84,84,84,84,84,84,84,84,84,84,84,84,84,84,84,84,84,84,84,84,
size:24
[agent] id:25
path:997,965,933,901,869,837,805,773,741,709,677,645,613,614,582,550,518,486,454,422,390,358,326,294,262,230,231,199,199,199,199,199,199,199,199,199,
goal:199,199,199,199,199,199,199,199,199,199,199,199,199,199,199,199,199,199,199,199,199,199,199,199,199,199,199,199,199,199,199,199,199,199,199,199,
size:27
[agent] id:26
path:176,177,209,241,273,305,337,369,401,433,465,466,498,499,500,501,533,534,535,536,537,569,570,602,603,604,605,606,606,606,606,606,606,606,606,606,
goal:606,606,606,606,606,606,606,606,606,606,606,606,606,606,606,606,606,606,606,606,606,606,606,606,606,606,606,606,606,606,606,606,606,606,606,606,
size:27
[agent] id:27
path:980,979,978,946,914,882,850,849,848,847,846,814,782,750,718,717,716,715,683,682,682,682,682,682,682,682,682,682,682,682,682,682,682,682,682,682,
goal:682,682,682,682,682,682,682,682,682,682,682,682,682,682,682,682,682,682,682,682,682,682,682,682,682,682,682,682,682,682,682,682,682,682,682,682,
size:19
[agent] id:28
path:113,145,144,143,142,174,206,205,204,203,202,234,233,201,200,199,231,263,262,261,260,259,258,290,290,290,290,290,290,290,290,290,290,290,290,290,
goal:290,290,290,290,290,290,290,290,290,290,290,290,290,290,290,290,290,290,290,290,290,290,290,290,290,290,290,290,290,290,290,290,290,290,290,290,
size:23
[agent] id:29
path:652,653,654,655,656,657,658,626,627,627,627,627,627,627,627,627,627,627,627,627,627,627,627,627,627,627,627,627,627,627,627,627,627,627,627,627,
goal:627,627,627,627,627,627,627,627,627,627,627,627,627,627,627,627,627,627,627,627,627,627,627,627,627,627,627,627,627,627,627,627,627,627,627,627,
size:8
SolutionCost:570
