[setting] seed:29466
[solver] type:SASB-ECBS
[solver] w:2.000000
[solver] ID:0
[solver] Lowlevelnode:2963
[solver] Highlevelnode:19
[solver] ConflictCount:10
[solver] solved:1
[solver] elapsed:28
[solver] makespan:40
[problem] timesteplimit:15000
[problem] type:MAPF
[problem] agentnum:30
[graph] width:32
[graph] height:32
[graph] filename:./map/32by32_agents10_ex30.map
[task] id:17,start:0,end:0,service time:0,nodes:774,
[task] id:2,start:0,end:0,service time:0,nodes:151,
[task] id:0,start:0,end:0,service time:0,nodes:522,
[task] id:20,start:0,end:0,service time:0,nodes:757,
[task] id:1,start:0,end:0,service time:0,nodes:176,
[task] id:10,start:0,end:0,service time:0,nodes:385,
[task] id:27,start:0,end:0,service time:0,nodes:1012,
[task] id:11,start:0,end:0,service time:0,nodes:540,
[task] id:22,start:0,end:0,service time:0,nodes:112,
[task] id:15,start:0,end:0,service time:0,nodes:830,
[task] id:23,start:0,end:0,service time:0,nodes:35,
[task] id:29,start:0,end:0,service time:0,nodes:564,
[task] id:5,start:0,end:0,service time:0,nodes:759,
[task] id:13,start:0,end:0,service time:0,nodes:303,
[task] id:28,start:0,end:0,service time:0,nodes:716,
[task] id:3,start:0,end:0,service time:0,nodes:620,
[task] id:12,start:0,end:0,service time:0,nodes:214,
[task] id:21,start:0,end:0,service time:0,nodes:375,
[task] id:16,start:0,end:0,service time:0,nodes:914,
[task] id:18,start:0,end:0,service time:0,nodes:225,
[task] id:25,start:0,end:0,service time:0,nodes:18,
[task] id:6,start:0,end:0,service time:0,nodes:692,
[task] id:8,start:0,end:0,service time:0,nodes:908,
[task] id:7,start:0,end:0,service time:0,nodes:866,
[task] id:4,start:0,end:0,service time:0,nodes:273,
[task] id:9,start:0,end:0,service time:0,nodes:801,
[task] id:26,start:0,end:0,service time:0,nodes:84,
[task] id:14,start:0,end:0,service time:0,nodes:426,
[task] id:19,start:0,end:0,service time:0,nodes:222,
[task] id:24,start:0,end:0,service time:0,nodes:1007,
[agent] id:0
path:394,426,458,490,522,522,522,522,522,522,522,522,522,522,522,522,522,522,522,522,522,522,522,522,522,522,522,522,522,522,522,522,522,522,522,522,522,522,522,522,522,
goal:522,522,522,522,522,522,522,522,522,522,522,522,522,522,522,522,522,522,522,522,522,522,522,522,522,522,522,522,522,522,522,522,522,522,522,522,522,522,522,522,522,
size:4
[agent] id:1
path:140,172,173,174,142,143,144,176,176,176,176,176,176,176,176,176,176,176,176,176,176,176,176,176,176,176,176,176,176,176,176,176,176,176,176,176,176,176,176,176,176,
goal:176,176,176,176,176,176,176,176,176,176,176,176,176,176,176,176,176,176,176,176,176,176,176,176,176,176,176,176,176,176,176,176,176,176,176,176,176,176,176,176,176,
size:7
[agent] id:2
path:247,215,183,151,151,151,151,151,151,151,151,151,151,151,151,151,151,151,151,151,151,151,151,151,151,151,151,151,151,151,151,151,151,151,151,151,151,151,151,151,151,
goal:151,151,151,151,151,151,151,151,151,151,151,151,151,151,151,151,151,151,151,151,151,151,151,151,151,151,151,151,151,151,151,151,151,151,151,151,151,151,151,151,151,
size:3
[agent] id:3
path:508,540,539,538,537,536,535,567,566,565,564,563,562,594,593,592,591,623,622,621,620,620,620,620,620,620,620,620,620,620,620,620,620,620,620,620,620,620,620,620,620,
goal:620,620,620,620,620,620,620,620,620,620,620,620,620,620,620,620,620,620,620,620,620,620,620,620,620,620,620,620,620,620,620,620,620,620,620,620,620,620,620,620,620,
size:20
[agent] id:4
path:986,985,953,921,920,888,887,855,823,791,759,727,695,663,631,599,567,535,534,533,501,469,437,405,373,341,309,308,307,306,274,273,273,273,273,273,273,273,273,273,273,
goal:273,273,273,273,273,273,273,273,273,273,273,273,273,273,273,273,273,273,273,273,273,273,273,273,273,273,273,273,273,273,273,273,273,273,273,273,273,273,273,273,273,
size:31
[agent] id:5
path:649,650,650,651,652,653,685,686,687,688,720,721,722,723,724,725,726,758,759,759,759,759,759,759,759,759,759,759,759,759,759,759,759,759,759,759,759,759,759,759,759,
goal:759,759,759,759,759,759,759,759,759,759,759,759,759,759,759,759,759,759,759,759,759,759,759,759,759,759,759,759,759,759,759,759,759,759,759,759,759,759,759,759,759,
size:18
[agent] id:6
path:223,255,287,286,318,317,349,381,380,379,378,410,442,474,473,472,504,536,535,567,599,631,663,662,661,693,692,692,692,692,692,692,692,692,692,692,692,692,692,692,692,
goal:692,692,692,692,692,692,692,692,692,692,692,692,692,692,692,692,692,692,692,692,692,692,692,692,692,692,692,692,692,692,692,692,692,692,692,692,692,692,692,692,692,
size:26
[agent] id:7
path:229,261,293,293,293,294,326,358,390,422,454,453,485,517,549,548,547,579,611,643,644,676,708,707,739,771,803,835,867,866,866,866,866,866,866,866,866,866,866,866,866,
goal:866,866,866,866,866,866,866,866,866,866,866,866,866,866,866,866,866,866,866,866,866,866,866,866,866,866,866,866,866,866,866,866,866,866,866,866,866,866,866,866,866,
size:29
[agent] id:8
path:507,539,571,603,635,667,699,731,730,762,794,793,825,824,823,855,887,886,885,884,883,882,881,880,879,878,877,909,908,908,908,908,908,908,908,908,908,908,908,908,908,
goal:908,908,908,908,908,908,908,908,908,908,908,908,908,908,908,908,908,908,908,908,908,908,908,908,908,908,908,908,908,908,908,908,908,908,908,908,908,908,908,908,908,
size:28
[agent] id:9
path:168,167,166,165,197,229,261,293,294,326,358,390,422,421,453,485,517,549,548,547,579,611,643,642,641,673,705,737,736,768,800,801,801,801,801,801,801,801,801,801,801,
goal:801,801,801,801,801,801,801,801,801,801,801,801,801,801,801,801,801,801,801,801,801,801,801,801,801,801,801,801,801,801,801,801,801,801,801,801,801,801,801,801,801,
size:31
[agent] id:10
path:485,453,421,420,419,418,417,385,385,385,385,385,385,385,385,385,385,385,385,385,385,385,385,385,385,385,385,385,385,385,385,385,385,385,385,385,385,385,385,385,385,
goal:385,385,385,385,385,385,385,385,385,385,385,385,385,385,385,385,385,385,385,385,385,385,385,385,385,385,385,385,385,385,385,385,385,385,385,385,385,385,385,385,385,
size:7
[agent] id:11
path:255,287,286,318,317,349,381,413,414,446,478,477,509,508,540,540,540,540,540,540,540,540,540,540,540,540,540,540,540,540,540,540,540,540,540,540,540,540,540,540,540,
goal:540,540,540,540,540,540,540,540,540,540,540,540,540,540,540,540,540,540,540,540,540,540,540,540,540,540,540,540,540,540,540,540,540,540,540,540,540,540,540,540,540,
size:14
[agent] id:12
path:294,262,230,231,199,200,201,202,203,204,205,206,207,239,240,241,209,210,211,212,213,214,214,214,214,214,214,214,214,214,214,214,214,214,214,214,214,214,214,214,214,
goal:214,214,214,214,214,214,214,214,214,214,214,214,214,214,214,214,214,214,214,214,214,214,214,214,214,214,214,214,214,214,214,214,214,214,214,214,214,214,214,214,214,
size:21
[agent] id:13
path:715,683,651,619,620,621,589,557,525,493,461,429,397,396,364,332,300,301,302,303,303,303,303,303,303,303,303,303,303,303,303,303,303,303,303,303,303,303,303,303,303,
goal:303,303,303,303,303,303,303,303,303,303,303,303,303,303,303,303,303,303,303,303,303,303,303,303,303,303,303,303,303,303,303,303,303,303,303,303,303,303,303,303,303,
size:19
[agent] id:14
path:989,957,925,893,861,860,859,858,857,825,793,792,760,728,696,664,663,662,661,660,659,658,657,656,655,623,591,559,527,526,494,493,461,429,428,427,426,426,426,426,426,
goal:426,426,426,426,426,426,426,426,426,426,426,426,426,426,426,426,426,426,426,426,426,426,426,426,426,426,426,426,426,426,426,426,426,426,426,426,426,426,426,426,426,
size:36
[agent] id:15
path:691,692,693,693,725,726,727,728,729,730,762,794,795,796,797,798,830,830,830,830,830,830,830,830,830,830,830,830,830,830,830,830,830,830,830,830,830,830,830,830,830,
goal:830,830,830,830,830,830,830,830,830,830,830,830,830,830,830,830,830,830,830,830,830,830,830,830,830,830,830,830,830,830,830,830,830,830,830,830,830,830,830,830,830,
size:16
[agent] id:16
path:409,408,407,439,438,470,469,501,533,533,565,597,629,661,693,692,724,723,755,754,786,818,850,882,914,914,914,914,914,914,914,914,914,914,914,914,914,914,914,914,914,
goal:914,914,914,914,914,914,914,914,914,914,914,914,914,914,914,914,914,914,914,914,914,914,914,914,914,914,914,914,914,914,914,914,914,914,914,914,914,914,914,914,914,
size:24
[agent] id:17
path:776,775,774,774,774,774,774,774,774,774,774,774,774,774,774,774,774,774,774,774,774,774,774,774,774,774,774,774,774,774,774,774,774,774,774,774,774,774,774,774,774,
goal:774,774,774,774,774,774,774,774,774,774,774,774,774,774,774,774,774,774,774,774,774,774,774,774,774,774,774,774,774,774,774,774,774,774,774,774,774,774,774,774,774,
size:2
[agent] id:18
path:745,713,681,649,617,616,584,552,520,519,487,486,454,422,390,358,326,294,262,261,260,259,258,257,225,225,225,225,225,225,225,225,225,225,225,225,225,225,225,225,225,
goal:225,225,225,225,225,225,225,225,225,225,225,225,225,225,225,225,225,225,225,225,225,225,225,225,225,225,225,225,225,225,225,225,225,225,225,225,225,225,225,225,225,
size:24
[agent] id:19
path:713,681,649,617,618,619,620,621,589,557,525,526,527,528,529,497,465,433,401,369,337,305,306,307,308,276,277,245,213,181,182,183,184,185,186,187,188,189,221,222,222,
goal:222,222,222,222,222,222,222,222,222,222,222,222,222,222,222,222,222,222,222,222,222,222,222,222,222,222,222,222,222,222,222,222,222,222,222,222,222,222,222,222,222,
size:39
[agent] id:20
path:755,723,724,725,757,757,757,757,757,757,757,757,757,757,757,757,757,757,757,757,757,757,757,757,757,757,757,757,757,757,757,757,757,757,757,757,757,757,757,757,757,
goal:757,757,757,757,757,757,757,757,757,757,757,757,757,757,757,757,757,757,757,757,757,757,757,757,757,757,757,757,757,757,757,757,757,757,757,757,757,757,757,757,757,
size:4
[agent] id:21
path:391,392,393,394,395,396,364,332,300,301,302,303,304,305,306,307,308,309,341,373,374,375,375,375,375,375,375,375,375,375,375,375,375,375,375,375,375,375,375,375,375,
goal:375,375,375,375,375,375,375,375,375,375,375,375,375,375,375,375,375,375,375,375,375,375,375,375,375,375,375,375,375,375,375,375,375,375,375,375,375,375,375,375,375,
size:21
[agent] id:22
path:460,428,396,364,332,300,268,236,204,172,173,174,142,110,111,112,112,112,112,112,112,112,112,112,112,112,112,112,112,112,112,112,112,112,112,112,112,112,112,112,112,
goal:112,112,112,112,112,112,112,112,112,112,112,112,112,112,112,112,112,112,112,112,112,112,112,112,112,112,112,112,112,112,112,112,112,112,112,112,112,112,112,112,112,
size:15
[agent] id:23
path:192,193,225,257,258,259,227,228,196,197,165,133,101,69,37,36,35,35,35,35,35,35,35,35,35,35,35,35,35,35,35,35,35,35,35,35,35,35,35,35,35,
goal:35,35,35,35,35,35,35,35,35,35,35,35,35,35,35,35,35,35,35,35,35,35,35,35,35,35,35,35,35,35,35,35,35,35,35,35,35,35,35,35,35,
size:16
[agent] id:24
path:187,219,218,217,216,248,280,312,344,376,408,407,439,438,470,469,468,500,499,531,563,562,594,626,658,690,722,754,786,818,850,882,881,913,945,944,943,942,974,1006,1007,
goal:1007,1007,1007,1007,1007,1007,1007,1007,1007,1007,1007,1007,1007,1007,1007,1007,1007,1007,1007,1007,1007,1007,1007,1007,1007,1007,1007,1007,1007,1007,1007,1007,1007,1007,1007,1007,1007,1007,1007,1007,1007,
size:40
[agent] id:25
path:357,358,326,294,262,230,231,199,200,201,202,203,171,172,173,174,142,110,78,79,80,48,49,17,18,18,18,18,18,18,18,18,18,18,18,18,18,18,18,18,18,
goal:18,18,18,18,18,18,18,18,18,18,18,18,18,18,18,18,18,18,18,18,18,18,18,18,18,18,18,18,18,18,18,18,18,18,18,18,18,18,18,18,18,
size:24
[agent] id:26
path:920,888,887,855,823,791,759,727,695,663,631,599,567,535,534,533,501,469,437,405,373,341,309,277,245,213,212,211,210,178,146,114,82,83,84,84,84,84,84,84,84,
goal:84,84,84,84,84,84,84,84,84,84,84,84,84,84,84,84,84,84,84,84,84,84,84,84,84,84,84,84,84,84,84,84,84,84,84,84,84,84,84,84,84,
size:34
[agent] id:27
path:819,851,883,915,914,946,978,979,980,1012,1012,1012,1012,1012,1012,1012,1012,1012,1012,1012,1012,1012,1012,1012,1012,1012,1012,1012,1012,1012,1012,1012,1012,1012,1012,1012,1012,1012,1012,1012,1012,
goal:1012,1012,1012,1012,1012,1012,1012,1012,1012,1012,1012,1012,1012,1012,1012,1012,1012,1012,1012,1012,1012,1012,1012,1012,1012,1012,1012,1012,1012,1012,1012,1012,1012,1012,1012,1012,1012,1012,1012,1012,1012,
size:9
[agent] id:28
path:366,367,399,431,463,464,465,497,529,561,593,592,591,623,655,687,686,718,717,716,716,716,716,716,716,716,716,716,716,716,716,716,716,716,716,716,716,716,716,716,716,
goal:716,716,716,716,716,716,716,716,716,716,716,716,716,716,716,716,716,716,716,716,716,716,716,716,716,716,716,716,716,716,716,716,716,716,716,716,716,716,716,716,716,
size:19
[agent] id:29
path:976,944,912,880,848,849,850,818,786,754,722,690,658,626,594,562,563,564,564,564,564,564,564,564,564,564,564,564,564,564,564,564,564,564,564,564,564,564,564,564,564,
goal:564,564,564,564,564,564,564,564,564,564,564,564,564,564,564,564,564,564,564,564,564,564,564,564,564,564,564,564,564,564,564,564,564,564,564,564,564,564,564,564,564,
size:17
SolutionCost:598
