[setting] seed:200
[solver] type:SASB-ECBS
[solver] w:2.000000
[solver] ID:0
[solver] Lowlevelnode:6620
[solver] Highlevelnode:19
[solver] ConflictCount:10
[solver] solved:1
[solver] elapsed:41
[solver] makespan:43
[problem] timesteplimit:15000
[problem] type:MAPF
[problem] agentnum:30
[graph] width:32
[graph] height:32
[graph] filename:./map/32by32_agents10_ex30.map
[task] id:19,start:0,end:0,service time:0,nodes:216,
[task] id:5,start:0,end:0,service time:0,nodes:199,
[task] id:24,start:0,end:0,service time:0,nodes:833,
[task] id:9,start:0,end:0,service time:0,nodes:243,
[task] id:12,start:0,end:0,service time:0,nodes:196,
[task] id:3,start:0,end:0,service time:0,nodes:560,
[task] id:29,start:0,end:0,service time:0,nodes:822,
[task] id:15,start:0,end:0,service time:0,nodes:693,
[task] id:26,start:0,end:0,service time:0,nodes:909,
[task] id:10,start:0,end:0,service time:0,nodes:121,
[task] id:13,start:0,end:0,service time:0,nodes:427,
[task] id:14,start:0,end:0,service time:0,nodes:37,
[task] id:2,start:0,end:0,service time:0,nodes:830,
[task] id:22,start:0,end:0,service time:0,nodes:167,
[task] id:25,start:0,end:0,service time:0,nodes:355,
[task] id:18,start:0,end:0,service time:0,nodes:985,
[task] id:11,start:0,end:0,service time:0,nodes:852,
[task] id:1,start:0,end:0,service time:0,nodes:539,
[task] id:4,start:0,end:0,service time:0,nodes:711,
[task] id:17,start:0,end:0,service time:0,nodes:279,
[task] id:28,start:0,end:0,service time:0,nodes:12,
[task] id:8,start:0,end:0,service time:0,nodes:165,
[task] id:20,start:0,end:0,service time:0,nodes:483,
[task] id:6,start:0,end:0,service time:0,nodes:842,
[task] id:7,start:0,end:0,service time:0,nodes:805,
[task] id:16,start:0,end:0,service time:0,nodes:322,
[task] id:21,start:0,end:0,service time:0,nodes:894,
[task] id:23,start:0,end:0,service time:0,nodes:1003,
[task] id:27,start:0,end:0,service time:0,nodes:266,
[task] id:0,start:0,end:0,service time:0,nodes:52,
[agent] id:0
path:999,967,935,936,904,872,840,808,776,744,712,680,648,616,584,552,520,521,489,457,458,426,394,395,396,364,332,300,268,236,204,172,173,174,142,110,78,79,80,48,49,50,51,52,
goal:52,52,52,52,52,52,52,52,52,52,52,52,52,52,52,52,52,52,52,52,52,52,52,52,52,52,52,52,52,52,52,52,52,52,52,52,52,52,52,52,52,52,52,52,
size:43
[agent] id:1
path:677,645,646,647,647,648,649,650,651,652,653,654,655,656,657,658,626,627,628,596,564,565,533,534,535,536,537,538,539,539,539,539,539,539,539,539,539,539,539,539,539,539,539,539,
goal:539,539,539,539,539,539,539,539,539,539,539,539,539,539,539,539,539,539,539,539,539,539,539,539,539,539,539,539,539,539,539,539,539,539,539,539,539,539,539,539,539,539,539,539,
size:28
[agent] id:2
path:469,501,533,565,597,629,661,693,725,757,758,759,791,792,793,794,795,796,797,798,830,830,830,830,830,830,830,830,830,830,830,830,830,830,830,830,830,830,830,830,830,830,830,830,
goal:830,830,830,830,830,830,830,830,830,830,830,830,830,830,830,830,830,830,830,830,830,830,830,830,830,830,830,830,830,830,830,830,830,830,830,830,830,830,830,830,830,830,830,830,
size:20
[agent] id:3
path:776,744,712,680,648,616,584,552,553,554,555,556,557,558,559,560,560,560,560,560,560,560,560,560,560,560,560,560,560,560,560,560,560,560,560,560,560,560,560,560,560,560,560,560,
goal:560,560,560,560,560,560,560,560,560,560,560,560,560,560,560,560,560,560,560,560,560,560,560,560,560,560,560,560,560,560,560,560,560,560,560,560,560,560,560,560,560,560,560,560,
size:15
[agent] id:4
path:892,860,859,858,857,825,793,792,760,728,727,726,725,724,723,722,721,720,688,687,686,718,717,716,715,714,713,712,711,711,711,711,711,711,711,711,711,711,711,711,711,711,711,711,
goal:711,711,711,711,711,711,711,711,711,711,711,711,711,711,711,711,711,711,711,711,711,711,711,711,711,711,711,711,711,711,711,711,711,711,711,711,711,711,711,711,711,711,711,711,
size:28
[agent] id:5
path:484,452,420,421,389,357,358,326,294,262,230,231,199,199,199,199,199,199,199,199,199,199,199,199,199,199,199,199,199,199,199,199,199,199,199,199,199,199,199,199,199,199,199,199,
goal:199,199,199,199,199,199,199,199,199,199,199,199,199,199,199,199,199,199,199,199,199,199,199,199,199,199,199,199,199,199,199,199,199,199,199,199,199,199,199,199,199,199,199,199,
size:12
[agent] id:6
path:5,37,37,69,101,133,165,197,229,261,293,293,294,326,358,390,389,421,453,485,517,549,550,582,614,646,678,710,742,774,806,838,839,840,841,842,842,842,842,842,842,842,842,842,
goal:842,842,842,842,842,842,842,842,842,842,842,842,842,842,842,842,842,842,842,842,842,842,842,842,842,842,842,842,842,842,842,842,842,842,842,842,842,842,842,842,842,842,842,842,
size:35
[agent] id:7
path:83,82,81,113,145,177,209,241,273,305,304,303,302,301,300,332,364,396,428,460,459,458,490,522,554,553,552,584,616,648,680,712,744,776,808,807,806,805,805,805,805,805,805,805,
goal:805,805,805,805,805,805,805,805,805,805,805,805,805,805,805,805,805,805,805,805,805,805,805,805,805,805,805,805,805,805,805,805,805,805,805,805,805,805,805,805,805,805,805,805,
size:37
[agent] id:8
path:818,786,754,722,690,658,626,594,562,530,529,528,527,526,494,493,461,429,397,396,395,394,393,392,391,359,358,326,294,262,230,229,197,165,165,165,165,165,165,165,165,165,165,165,
goal:165,165,165,165,165,165,165,165,165,165,165,165,165,165,165,165,165,165,165,165,165,165,165,165,165,165,165,165,165,165,165,165,165,165,165,165,165,165,165,165,165,165,165,165,
size:33
[agent] id:9
path:394,395,396,364,332,300,268,269,270,271,239,240,241,242,243,243,243,243,243,243,243,243,243,243,243,243,243,243,243,243,243,243,243,243,243,243,243,243,243,243,243,243,243,243,
goal:243,243,243,243,243,243,243,243,243,243,243,243,243,243,243,243,243,243,243,243,243,243,243,243,243,243,243,243,243,243,243,243,243,243,243,243,243,243,243,243,243,243,243,243,
size:14
[agent] id:10
path:531,499,467,435,436,437,405,373,341,309,277,245,213,181,182,150,151,119,120,121,121,121,121,121,121,121,121,121,121,121,121,121,121,121,121,121,121,121,121,121,121,121,121,121,
goal:121,121,121,121,121,121,121,121,121,121,121,121,121,121,121,121,121,121,121,121,121,121,121,121,121,121,121,121,121,121,121,121,121,121,121,121,121,121,121,121,121,121,121,121,
size:19
[agent] id:11
path:736,768,800,801,802,803,835,836,837,838,839,840,841,842,843,844,845,846,847,848,849,850,851,852,852,852,852,852,852,852,852,852,852,852,852,852,852,852,852,852,852,852,852,852,
goal:852,852,852,852,852,852,852,852,852,852,852,852,852,852,852,852,852,852,852,852,852,852,852,852,852,852,852,852,852,852,852,852,852,852,852,852,852,852,852,852,852,852,852,852,
size:23
[agent] id:12
path:551,519,487,486,454,422,390,358,326,294,262,230,229,197,196,196,196,196,196,196,196,196,196,196,196,196,196,196,196,196,196,196,196,196,196,196,196,196,196,196,196,196,196,196,
goal:196,196,196,196,196,196,196,196,196,196,196,196,196,196,196,196,196,196,196,196,196,196,196,196,196,196,196,196,196,196,196,196,196,196,196,196,196,196,196,196,196,196,196,196,
size:14
[agent] id:13
path:67,68,69,101,133,165,197,229,261,293,294,326,358,390,391,392,393,394,426,427,427,427,427,427,427,427,427,427,427,427,427,427,427,427,427,427,427,427,427,427,427,427,427,427,
goal:427,427,427,427,427,427,427,427,427,427,427,427,427,427,427,427,427,427,427,427,427,427,427,427,427,427,427,427,427,427,427,427,427,427,427,427,427,427,427,427,427,427,427,427,
size:19
[agent] id:14
path:178,146,114,82,81,80,79,78,77,45,44,12,11,10,42,41,40,39,38,37,37,37,37,37,37,37,37,37,37,37,37,37,37,37,37,37,37,37,37,37,37,37,37,37,
goal:37,37,37,37,37,37,37,37,37,37,37,37,37,37,37,37,37,37,37,37,37,37,37,37,37,37,37,37,37,37,37,37,37,37,37,37,37,37,37,37,37,37,37,37,
size:19
[agent] id:15
path:958,926,894,893,861,860,859,858,857,825,793,792,760,728,727,726,725,693,693,693,693,693,693,693,693,693,693,693,693,693,693,693,693,693,693,693,693,693,693,693,693,693,693,693,
goal:693,693,693,693,693,693,693,693,693,693,693,693,693,693,693,693,693,693,693,693,693,693,693,693,693,693,693,693,693,693,693,693,693,693,693,693,693,693,693,693,693,693,693,693,
size:17
[agent] id:16
path:792,760,728,696,664,632,600,599,567,566,565,564,563,531,530,529,528,527,526,494,493,461,460,459,458,457,456,424,423,422,421,420,419,418,417,385,353,354,322,322,322,322,322,322,
goal:322,322,322,322,322,322,322,322,322,322,322,322,322,322,322,322,322,322,322,322,322,322,322,322,322,322,322,322,322,322,322,322,322,322,322,322,322,322,322,322,322,322,322,322,
size:38
[agent] id:17
path:863,831,799,798,766,734,702,670,669,637,605,604,603,571,539,538,537,536,504,472,473,441,409,377,345,313,281,280,279,279,279,279,279,279,279,279,279,279,279,279,279,279,279,279,
goal:279,279,279,279,279,279,279,279,279,279,279,279,279,279,279,279,279,279,279,279,279,279,279,279,279,279,279,279,279,279,279,279,279,279,279,279,279,279,279,279,279,279,279,279,
size:28
[agent] id:18
path:438,470,469,501,533,565,597,629,661,693,725,757,758,759,791,823,855,887,919,920,952,984,985,985,985,985,985,985,985,985,985,985,985,985,985,985,985,985,985,985,985,985,985,985,
goal:985,985,985,985,985,985,985,985,985,985,985,985,985,985,985,985,985,985,985,985,985,985,985,985,985,985,985,985,985,985,985,985,985,985,985,985,985,985,985,985,985,985,985,985,
size:22
[agent] id:19
path:283,315,347,379,378,377,345,313,281,280,248,216,216,216,216,216,216,216,216,216,216,216,216,216,216,216,216,216,216,216,216,216,216,216,216,216,216,216,216,216,216,216,216,216,
goal:216,216,216,216,216,216,216,216,216,216,216,216,216,216,216,216,216,216,216,216,216,216,216,216,216,216,216,216,216,216,216,216,216,216,216,216,216,216,216,216,216,216,216,216,
size:11
[agent] id:20
path:949,948,980,979,978,946,914,882,850,818,786,754,722,690,689,688,656,655,623,591,559,558,557,556,555,554,522,521,520,519,487,486,485,484,483,483,483,483,483,483,483,483,483,483,
goal:483,483,483,483,483,483,483,483,483,483,483,483,483,483,483,483,483,483,483,483,483,483,483,483,483,483,483,483,483,483,483,483,483,483,483,483,483,483,483,483,483,483,483,483,
size:34
[agent] id:21
path:81,113,145,177,209,241,273,305,337,369,401,433,465,497,529,561,593,594,626,658,690,722,723,724,725,757,758,759,791,823,824,825,857,858,859,860,892,893,894,894,894,894,894,894,
goal:894,894,894,894,894,894,894,894,894,894,894,894,894,894,894,894,894,894,894,894,894,894,894,894,894,894,894,894,894,894,894,894,894,894,894,894,894,894,894,894,894,894,894,894,
size:38
[agent] id:22
path:514,482,450,418,417,385,353,352,320,288,256,257,258,259,227,228,229,197,165,166,167,167,167,167,167,167,167,167,167,167,167,167,167,167,167,167,167,167,167,167,167,167,167,167,
goal:167,167,167,167,167,167,167,167,167,167,167,167,167,167,167,167,167,167,167,167,167,167,167,167,167,167,167,167,167,167,167,167,167,167,167,167,167,167,167,167,167,167,167,167,
size:20
[agent] id:23
path:297,296,264,263,262,261,260,259,258,290,322,354,355,356,357,389,421,453,485,517,549,550,582,614,646,678,710,742,774,806,838,870,902,934,935,936,937,969,970,1002,1003,1003,1003,1003,
goal:1003,1003,1003,1003,1003,1003,1003,1003,1003,1003,1003,1003,1003,1003,1003,1003,1003,1003,1003,1003,1003,1003,1003,1003,1003,1003,1003,1003,1003,1003,1003,1003,1003,1003,1003,1003,1003,1003,1003,1003,1003,1003,1003,1003,
size:40
[agent] id:24
path:615,647,679,711,743,775,807,806,805,804,803,802,801,833,833,833,833,833,833,833,833,833,833,833,833,833,833,833,833,833,833,833,833,833,833,833,833,833,833,833,833,833,833,833,
goal:833,833,833,833,833,833,833,833,833,833,833,833,833,833,833,833,833,833,833,833,833,833,833,833,833,833,833,833,833,833,833,833,833,833,833,833,833,833,833,833,833,833,833,833,
size:13
[agent] id:25
path:869,837,805,773,741,709,677,645,613,614,582,550,518,486,454,422,390,358,357,356,355,355,355,355,355,355,355,355,355,355,355,355,355,355,355,355,355,355,355,355,355,355,355,355,
goal:355,355,355,355,355,355,355,355,355,355,355,355,355,355,355,355,355,355,355,355,355,355,355,355,355,355,355,355,355,355,355,355,355,355,355,355,355,355,355,355,355,355,355,355,
size:20
[agent] id:26
path:498,530,562,594,593,592,591,623,655,687,686,718,750,782,814,846,878,877,909,909,909,909,909,909,909,909,909,909,909,909,909,909,909,909,909,909,909,909,909,909,909,909,909,909,
goal:909,909,909,909,909,909,909,909,909,909,909,909,909,909,909,909,909,909,909,909,909,909,909,909,909,909,909,909,909,909,909,909,909,909,909,909,909,909,909,909,909,909,909,909,
size:18
[agent] id:27
path:925,893,861,860,859,858,857,825,793,792,760,728,696,664,632,600,599,567,535,534,533,501,469,437,405,373,341,309,308,307,306,305,304,303,271,270,269,268,236,235,234,266,266,266,
goal:266,266,266,266,266,266,266,266,266,266,266,266,266,266,266,266,266,266,266,266,266,266,266,266,266,266,266,266,266,266,266,266,266,266,266,266,266,266,266,266,266,266,266,266,
size:41
[agent] id:28
path:660,628,596,564,563,531,499,467,435,403,402,401,369,337,305,273,241,209,177,145,113,81,80,79,78,77,45,13,12,12,12,12,12,12,12,12,12,12,12,12,12,12,12,12,
goal:12,12,12,12,12,12,12,12,12,12,12,12,12,12,12,12,12,12,12,12,12,12,12,12,12,12,12,12,12,12,12,12,12,12,12,12,12,12,12,12,12,12,12,12,
size:28
[agent] id:29
path:685,686,687,688,720,721,722,723,724,725,757,758,759,791,823,822,822,822,822,822,822,822,822,822,822,822,822,822,822,822,822,822,822,822,822,822,822,822,822,822,822,822,822,822,
goal:822,822,822,822,822,822,822,822,822,822,822,822,822,822,822,822,822,822,822,822,822,822,822,822,822,822,822,822,822,822,822,822,822,822,822,822,822,822,822,822,822,822,822,822,
size:15
SolutionCost:742
