[setting] seed:7463
[solver] type:SASB-ECBS
[solver] w:2.000000
[solver] ID:0
[solver] Lowlevelnode:7349
[solver] Highlevelnode:22
[solver] ConflictCount:11
[solver] solved:1
[solver] elapsed:49
[solver] makespan:45
[problem] timesteplimit:15000
[problem] type:MAPF
[problem] agentnum:30
[graph] width:32
[graph] height:32
[graph] filename:./map/32by32_agents10_ex30.map
[task] id:9,start:0,end:0,service time:0,nodes:794,
[task] id:15,start:0,end:0,service time:0,nodes:698,
[task] id:18,start:0,end:0,service time:0,nodes:614,
[task] id:3,start:0,end:0,service time:0,nodes:703,
[task] id:12,start:0,end:0,service time:0,nodes:639,
[task] id:25,start:0,end:0,service time:0,nodes:618,
[task] id:16,start:0,end:0,service time:0,nodes:626,
[task] id:1,start:0,end:0,service time:0,nodes:846,
[task] id:5,start:0,end:0,service time:0,nodes:723,
[task] id:23,start:0,end:0,service time:0,nodes:909,
[task] id:0,start:0,end:0,service time:0,nodes:381,
[task] id:13,start:0,end:0,service time:0,nodes:139,
[task] id:10,start:0,end:0,service time:0,nodes:775,
[task] id:17,start:0,end:0,service time:0,nodes:610,
[task] id:11,start:0,end:0,service time:0,nodes:533,
[task] id:21,start:0,end:0,service time:0,nodes:692,
[task] id:7,start:0,end:0,service time:0,nodes:152,
[task] id:19,start:0,end:0,service time:0,nodes:190,
[task] id:22,start:0,end:0,service time:0,nodes:427,
[task] id:2,start:0,end:0,service time:0,nodes:150,
[task] id:6,start:0,end:0,service time:0,nodes:227,
[task] id:8,start:0,end:0,service time:0,nodes:549,
[task] id:27,start:0,end:0,service time:0,nodes:114,
[task] id:29,start:0,end:0,service time:0,nodes:642,
[task] id:24,start:0,end:0,service time:0,nodes:233,
[task] id:26,start:0,end:0,service time:0,nodes:225,
[task] id:14,start:0,end:0,service time:0,nodes:912,
[task] id:4,start:0,end:0,service time:0,nodes:860,
[task] id:20,start:0,end:0,service time:0,nodes:1015,
[task] id:28,start:0,end:0,service time:0,nodes:60,
[agent] id:0
path:174,206,207,239,271,303,304,305,306,307,308,309,341,373,374,375,376,377,378,379,380,381,381,381,381,381,381,381,381,381,381,381,381,381,381,381,381,381,381,381,381,381,381,381,381,381,
goal:381,381,381,381,381,381,381,381,381,381,381,381,381,381,381,381,381,381,381,381,381,381,381,381,381,381,381,381,381,381,381,381,381,381,381,381,381,381,381,381,381,381,381,381,381,381,
size:21
[agent] id:1
path:517,549,550,582,614,646,678,710,742,774,806,838,839,840,841,842,843,844,845,846,846,846,846,846,846,846,846,846,846,846,846,846,846,846,846,846,846,846,846,846,846,846,846,846,846,846,
goal:846,846,846,846,846,846,846,846,846,846,846,846,846,846,846,846,846,846,846,846,846,846,846,846,846,846,846,846,846,846,846,846,846,846,846,846,846,846,846,846,846,846,846,846,846,846,
size:19
[agent] id:2
path:1010,978,946,914,882,850,818,786,754,722,690,658,626,594,562,530,498,466,434,435,436,437,405,373,341,309,277,245,213,181,182,150,150,150,150,150,150,150,150,150,150,150,150,150,150,150,
goal:150,150,150,150,150,150,150,150,150,150,150,150,150,150,150,150,150,150,150,150,150,150,150,150,150,150,150,150,150,150,150,150,150,150,150,150,150,150,150,150,150,150,150,150,150,150,
size:31
[agent] id:3
path:894,895,863,831,799,798,766,734,702,703,703,703,703,703,703,703,703,703,703,703,703,703,703,703,703,703,703,703,703,703,703,703,703,703,703,703,703,703,703,703,703,703,703,703,703,703,
goal:703,703,703,703,703,703,703,703,703,703,703,703,703,703,703,703,703,703,703,703,703,703,703,703,703,703,703,703,703,703,703,703,703,703,703,703,703,703,703,703,703,703,703,703,703,703,
size:9
[agent] id:4
path:449,450,482,514,515,547,579,611,643,644,645,646,647,648,649,650,651,652,653,685,686,687,688,689,690,691,692,724,725,757,758,759,791,823,824,825,857,858,859,860,860,860,860,860,860,860,
goal:860,860,860,860,860,860,860,860,860,860,860,860,860,860,860,860,860,860,860,860,860,860,860,860,860,860,860,860,860,860,860,860,860,860,860,860,860,860,860,860,860,860,860,860,860,860,
size:39
[agent] id:5
path:895,863,831,799,798,797,765,733,701,700,699,731,730,729,728,727,726,725,724,723,723,723,723,723,723,723,723,723,723,723,723,723,723,723,723,723,723,723,723,723,723,723,723,723,723,723,
goal:723,723,723,723,723,723,723,723,723,723,723,723,723,723,723,723,723,723,723,723,723,723,723,723,723,723,723,723,723,723,723,723,723,723,723,723,723,723,723,723,723,723,723,723,723,723,
size:19
[agent] id:6
path:630,598,566,565,564,563,531,530,529,528,527,526,494,493,461,429,397,396,395,394,393,392,391,359,358,326,294,262,230,229,228,227,227,227,227,227,227,227,227,227,227,227,227,227,227,227,
goal:227,227,227,227,227,227,227,227,227,227,227,227,227,227,227,227,227,227,227,227,227,227,227,227,227,227,227,227,227,227,227,227,227,227,227,227,227,227,227,227,227,227,227,227,227,227,
size:31
[agent] id:7
path:859,858,857,825,793,792,760,728,696,664,632,600,599,567,535,503,504,472,473,441,409,377,345,313,281,280,248,216,184,152,152,152,152,152,152,152,152,152,152,152,152,152,152,152,152,152,
goal:152,152,152,152,152,152,152,152,152,152,152,152,152,152,152,152,152,152,152,152,152,152,152,152,152,152,152,152,152,152,152,152,152,152,152,152,152,152,152,152,152,152,152,152,152,152,
size:29
[agent] id:8
path:217,216,248,280,312,344,376,408,407,439,438,470,469,468,500,499,531,563,562,561,560,559,558,557,556,555,554,553,552,551,550,549,549,549,549,549,549,549,549,549,549,549,549,549,549,549,
goal:549,549,549,549,549,549,549,549,549,549,549,549,549,549,549,549,549,549,549,549,549,549,549,549,549,549,549,549,549,549,549,549,549,549,549,549,549,549,549,549,549,549,549,549,549,549,
size:31
[agent] id:9
path:860,859,858,857,825,793,794,794,794,794,794,794,794,794,794,794,794,794,794,794,794,794,794,794,794,794,794,794,794,794,794,794,794,794,794,794,794,794,794,794,794,794,794,794,794,794,
goal:794,794,794,794,794,794,794,794,794,794,794,794,794,794,794,794,794,794,794,794,794,794,794,794,794,794,794,794,794,794,794,794,794,794,794,794,794,794,794,794,794,794,794,794,794,794,
size:6
[agent] id:10
path:234,202,201,200,199,231,263,262,294,326,358,390,422,454,486,518,550,582,583,615,647,679,711,743,775,775,775,775,775,775,775,775,775,775,775,775,775,775,775,775,775,775,775,775,775,775,
goal:775,775,775,775,775,775,775,775,775,775,775,775,775,775,775,775,775,775,775,775,775,775,775,775,775,775,775,775,775,775,775,775,775,775,775,775,775,775,775,775,775,775,775,775,775,775,
size:24
[agent] id:11
path:42,74,106,138,139,171,203,235,236,268,300,301,302,334,366,367,399,431,463,464,465,497,498,499,500,501,533,533,533,533,533,533,533,533,533,533,533,533,533,533,533,533,533,533,533,533,
goal:533,533,533,533,533,533,533,533,533,533,533,533,533,533,533,533,533,533,533,533,533,533,533,533,533,533,533,533,533,533,533,533,533,533,533,533,533,533,533,533,533,533,533,533,533,533,
size:26
[agent] id:12
path:958,926,894,895,863,831,799,798,766,734,702,670,671,639,639,639,639,639,639,639,639,639,639,639,639,639,639,639,639,639,639,639,639,639,639,639,639,639,639,639,639,639,639,639,639,639,
goal:639,639,639,639,639,639,639,639,639,639,639,639,639,639,639,639,639,639,639,639,639,639,639,639,639,639,639,639,639,639,639,639,639,639,639,639,639,639,639,639,639,639,639,639,639,639,
size:13
[agent] id:13
path:596,564,563,531,499,467,435,403,402,401,369,337,305,273,241,240,239,207,206,174,173,172,140,139,139,139,139,139,139,139,139,139,139,139,139,139,139,139,139,139,139,139,139,139,139,139,
goal:139,139,139,139,139,139,139,139,139,139,139,139,139,139,139,139,139,139,139,139,139,139,139,139,139,139,139,139,139,139,139,139,139,139,139,139,139,139,139,139,139,139,139,139,139,139,
size:23
[agent] id:14
path:83,115,114,146,178,210,242,274,273,305,337,336,368,400,432,464,465,497,498,499,531,563,564,596,628,660,659,658,690,722,754,786,818,850,849,881,913,912,912,912,912,912,912,912,912,912,
goal:912,912,912,912,912,912,912,912,912,912,912,912,912,912,912,912,912,912,912,912,912,912,912,912,912,912,912,912,912,912,912,912,912,912,912,912,912,912,912,912,912,912,912,912,912,912,
size:37
[agent] id:15
path:605,637,669,701,700,699,698,698,698,698,698,698,698,698,698,698,698,698,698,698,698,698,698,698,698,698,698,698,698,698,698,698,698,698,698,698,698,698,698,698,698,698,698,698,698,698,
goal:698,698,698,698,698,698,698,698,698,698,698,698,698,698,698,698,698,698,698,698,698,698,698,698,698,698,698,698,698,698,698,698,698,698,698,698,698,698,698,698,698,698,698,698,698,698,
size:6
[agent] id:16
path:446,478,477,509,508,540,539,571,603,635,634,633,632,631,630,629,628,627,626,626,626,626,626,626,626,626,626,626,626,626,626,626,626,626,626,626,626,626,626,626,626,626,626,626,626,626,
goal:626,626,626,626,626,626,626,626,626,626,626,626,626,626,626,626,626,626,626,626,626,626,626,626,626,626,626,626,626,626,626,626,626,626,626,626,626,626,626,626,626,626,626,626,626,626,
size:18
[agent] id:17
path:566,565,564,563,562,594,593,592,591,623,622,621,620,619,618,617,616,615,647,646,645,613,612,611,610,610,610,610,610,610,610,610,610,610,610,610,610,610,610,610,610,610,610,610,610,610,
goal:610,610,610,610,610,610,610,610,610,610,610,610,610,610,610,610,610,610,610,610,610,610,610,610,610,610,610,610,610,610,610,610,610,610,610,610,610,610,610,610,610,610,610,610,610,610,
size:24
[agent] id:18
path:483,515,547,579,611,612,613,614,614,614,614,614,614,614,614,614,614,614,614,614,614,614,614,614,614,614,614,614,614,614,614,614,614,614,614,614,614,614,614,614,614,614,614,614,614,614,
goal:614,614,614,614,614,614,614,614,614,614,614,614,614,614,614,614,614,614,614,614,614,614,614,614,614,614,614,614,614,614,614,614,614,614,614,614,614,614,614,614,614,614,614,614,614,614,
size:7
[agent] id:19
path:40,72,104,136,137,138,139,171,172,173,174,142,143,144,176,177,178,210,211,212,213,181,182,183,184,185,186,187,188,189,190,190,190,190,190,190,190,190,190,190,190,190,190,190,190,190,
goal:190,190,190,190,190,190,190,190,190,190,190,190,190,190,190,190,190,190,190,190,190,190,190,190,190,190,190,190,190,190,190,190,190,190,190,190,190,190,190,190,190,190,190,190,190,190,
size:30
[agent] id:20
path:259,260,292,293,294,326,358,390,422,454,486,518,550,582,583,615,647,679,711,743,775,807,839,840,841,842,874,875,876,877,878,879,880,881,882,883,884,885,886,918,950,982,983,1015,1015,1015,
goal:1015,1015,1015,1015,1015,1015,1015,1015,1015,1015,1015,1015,1015,1015,1015,1015,1015,1015,1015,1015,1015,1015,1015,1015,1015,1015,1015,1015,1015,1015,1015,1015,1015,1015,1015,1015,1015,1015,1015,1015,1015,1015,1015,1015,1015,1015,
size:43
[agent] id:21
path:417,449,450,482,514,515,547,579,611,643,644,645,646,647,648,649,650,651,652,653,685,686,687,688,689,690,691,692,692,692,692,692,692,692,692,692,692,692,692,692,692,692,692,692,692,692,
goal:692,692,692,692,692,692,692,692,692,692,692,692,692,692,692,692,692,692,692,692,692,692,692,692,692,692,692,692,692,692,692,692,692,692,692,692,692,692,692,692,692,692,692,692,692,692,
size:27
[agent] id:22
path:735,703,671,670,669,637,636,635,634,633,633,632,600,599,567,566,565,564,563,531,530,529,528,527,526,494,493,461,429,428,427,427,427,427,427,427,427,427,427,427,427,427,427,427,427,427,
goal:427,427,427,427,427,427,427,427,427,427,427,427,427,427,427,427,427,427,427,427,427,427,427,427,427,427,427,427,427,427,427,427,427,427,427,427,427,427,427,427,427,427,427,427,427,427,
size:30
[agent] id:23
path:861,860,859,858,857,825,824,823,855,887,886,885,884,883,882,881,880,879,878,877,909,909,909,909,909,909,909,909,909,909,909,909,909,909,909,909,909,909,909,909,909,909,909,909,909,909,
goal:909,909,909,909,909,909,909,909,909,909,909,909,909,909,909,909,909,909,909,909,909,909,909,909,909,909,909,909,909,909,909,909,909,909,909,909,909,909,909,909,909,909,909,909,909,909,
size:20
[agent] id:24
path:855,823,791,759,727,695,663,631,599,567,535,534,533,501,469,437,405,373,341,309,308,307,306,305,304,303,271,270,269,268,236,235,234,233,233,233,233,233,233,233,233,233,233,233,233,233,
goal:233,233,233,233,233,233,233,233,233,233,233,233,233,233,233,233,233,233,233,233,233,233,233,233,233,233,233,233,233,233,233,233,233,233,233,233,233,233,233,233,233,233,233,233,233,233,
size:33
[agent] id:25
path:600,632,631,630,629,628,627,626,594,593,592,591,623,622,621,620,619,618,618,618,618,618,618,618,618,618,618,618,618,618,618,618,618,618,618,618,618,618,618,618,618,618,618,618,618,618,
goal:618,618,618,618,618,618,618,618,618,618,618,618,618,618,618,618,618,618,618,618,618,618,618,618,618,618,618,618,618,618,618,618,618,618,618,618,618,618,618,618,618,618,618,618,618,618,
size:17
[agent] id:26
path:472,504,536,535,567,566,565,564,563,531,530,529,528,527,526,494,493,461,429,397,396,395,394,393,392,391,359,358,326,294,262,261,260,259,258,257,225,225,225,225,225,225,225,225,225,225,
goal:225,225,225,225,225,225,225,225,225,225,225,225,225,225,225,225,225,225,225,225,225,225,225,225,225,225,225,225,225,225,225,225,225,225,225,225,225,225,225,225,225,225,225,225,225,225,
size:36
[agent] id:27
path:644,612,613,614,615,583,551,519,520,521,489,457,458,426,394,395,396,364,332,300,301,269,270,271,239,240,241,209,177,145,113,114,114,114,114,114,114,114,114,114,114,114,114,114,114,114,
goal:114,114,114,114,114,114,114,114,114,114,114,114,114,114,114,114,114,114,114,114,114,114,114,114,114,114,114,114,114,114,114,114,114,114,114,114,114,114,114,114,114,114,114,114,114,114,
size:31
[agent] id:28
path:642,610,611,612,613,614,582,550,551,552,553,554,555,556,524,525,526,527,528,529,497,498,466,434,435,436,437,405,373,341,309,277,245,213,181,182,183,151,119,87,88,89,90,91,92,60,
goal:60,60,60,60,60,60,60,60,60,60,60,60,60,60,60,60,60,60,60,60,60,60,60,60,60,60,60,60,60,60,60,60,60,60,60,60,60,60,60,60,60,60,60,60,60,60,
size:45
[agent] id:29
path:80,112,144,143,142,174,206,205,204,236,268,300,332,364,396,428,460,459,458,490,522,554,553,552,584,616,648,647,646,645,644,643,642,642,642,642,642,642,642,642,642,642,642,642,642,642,
goal:642,642,642,642,642,642,642,642,642,642,642,642,642,642,642,642,642,642,642,642,642,642,642,642,642,642,642,642,642,642,642,642,642,642,642,642,642,642,642,642,642,642,642,642,642,642,
size:32
SolutionCost:757
