[setting] seed:5085
[solver] type:SASB-ECBS
[solver] w:2.000000
[solver] ID:0
[solver] Lowlevelnode:8557
[solver] Highlevelnode:25
[solver] ConflictCount:13
[solver] solved:1
[solver] elapsed:54
[solver] makespan:45
[problem] timesteplimit:15000
[problem] type:MAPF
[problem] agentnum:30
[graph] width:32
[graph] height:32
[graph] filename:./map/32by32_agents10_ex30.map
[task] id:10,start:0,end:0,service time:0,nodes:207,
[task] id:11,start:0,end:0,service time:0,nodes:730,
[task] id:28,start:0,end:0,service time:0,nodes:727,
[task] id:21,start:0,end:0,service time:0,nodes:656,
[task] id:1,start:0,end:0,service time:0,nodes:203,
[task] id:14,start:0,end:0,service time:0,nodes:395,
[task] id:26,start:0,end:0,service time:0,nodes:250,
[task] id:12,start:0,end:0,service time:0,nodes:683,
[task] id:7,start:0,end:0,service time:0,nodes:144,
[task] id:4,start:0,end:0,service time:0,nodes:499,
[task] id:27,start:0,end:0,service time:0,nodes:950,
[task] id:6,start:0,end:0,service time:0,nodes:427,
[task] id:25,start:0,end:0,service time:0,nodes:880,
[task] id:23,start:0,end:0,service time:0,nodes:812,
[task] id:2,start:0,end:0,service time:0,nodes:681,
[task] id:16,start:0,end:0,service time:0,nodes:793,
[task] id:20,start:0,end:0,service time:0,nodes:352,
[task] id:9,start:0,end:0,service time:0,nodes:952,
[task] id:22,start:0,end:0,service time:0,nodes:231,
[task] id:24,start:0,end:0,service time:0,nodes:29,
[task] id:29,start:0,end:0,service time:0,nodes:469,
[task] id:5,start:0,end:0,service time:0,nodes:40,
[task] id:15,start:0,end:0,service time:0,nodes:997,
[task] id:18,start:0,end:0,service time:0,nodes:507,
[task] id:0,start:0,end:0,service time:0,nodes:798,
[task] id:13,start:0,end:0,service time:0,nodes:155,
[task] id:8,start:0,end:0,service time:0,nodes:861,
[task] id:3,start:0,end:0,service time:0,nodes:806,
[task] id:19,start:0,end:0,service time:0,nodes:988,
[task] id:17,start:0,end:0,service time:0,nodes:193,
[agent] id:0
path:453,485,517,549,550,551,552,553,554,555,556,557,589,590,591,592,593,594,626,658,659,660,661,662,663,695,696,697,698,699,700,701,733,765,797,798,798,798,798,798,798,798,798,798,798,798,
goal:798,798,798,798,798,798,798,798,798,798,798,798,798,798,798,798,798,798,798,798,798,798,798,798,798,798,798,798,798,798,798,798,798,798,798,798,798,798,798,798,798,798,798,798,798,798,
size:35
[agent] id:1
path:240,240,239,271,270,269,268,236,204,203,203,203,203,203,203,203,203,203,203,203,203,203,203,203,203,203,203,203,203,203,203,203,203,203,203,203,203,203,203,203,203,203,203,203,203,203,
goal:203,203,203,203,203,203,203,203,203,203,203,203,203,203,203,203,203,203,203,203,203,203,203,203,203,203,203,203,203,203,203,203,203,203,203,203,203,203,203,203,203,203,203,203,203,203,
size:9
[agent] id:2
path:569,537,536,535,567,566,565,564,563,562,594,593,592,591,623,655,654,654,653,652,651,650,682,681,681,681,681,681,681,681,681,681,681,681,681,681,681,681,681,681,681,681,681,681,681,681,
goal:681,681,681,681,681,681,681,681,681,681,681,681,681,681,681,681,681,681,681,681,681,681,681,681,681,681,681,681,681,681,681,681,681,681,681,681,681,681,681,681,681,681,681,681,681,681,
size:23
[agent] id:3
path:218,217,216,248,280,312,344,376,408,407,439,438,470,469,501,533,565,597,629,661,693,692,691,690,689,688,687,686,718,717,716,715,747,779,811,810,809,808,807,806,806,806,806,806,806,806,
goal:806,806,806,806,806,806,806,806,806,806,806,806,806,806,806,806,806,806,806,806,806,806,806,806,806,806,806,806,806,806,806,806,806,806,806,806,806,806,806,806,806,806,806,806,806,806,
size:39
[agent] id:4
path:84,83,115,114,146,178,210,242,274,306,305,337,369,401,433,465,497,498,499,499,499,499,499,499,499,499,499,499,499,499,499,499,499,499,499,499,499,499,499,499,499,499,499,499,499,499,
goal:499,499,499,499,499,499,499,499,499,499,499,499,499,499,499,499,499,499,499,499,499,499,499,499,499,499,499,499,499,499,499,499,499,499,499,499,499,499,499,499,499,499,499,499,499,499,
size:18
[agent] id:5
path:348,380,379,378,377,345,313,312,311,310,309,308,307,306,305,304,303,271,270,269,268,236,204,172,140,139,107,75,74,42,41,40,40,40,40,40,40,40,40,40,40,40,40,40,40,40,
goal:40,40,40,40,40,40,40,40,40,40,40,40,40,40,40,40,40,40,40,40,40,40,40,40,40,40,40,40,40,40,40,40,40,40,40,40,40,40,40,40,40,40,40,40,40,40,
size:31
[agent] id:6
path:36,68,69,101,133,165,197,229,261,293,294,326,358,390,391,392,393,394,426,427,427,427,427,427,427,427,427,427,427,427,427,427,427,427,427,427,427,427,427,427,427,427,427,427,427,427,
goal:427,427,427,427,427,427,427,427,427,427,427,427,427,427,427,427,427,427,427,427,427,427,427,427,427,427,427,427,427,427,427,427,427,427,427,427,427,427,427,427,427,427,427,427,427,427,
size:19
[agent] id:7
path:501,469,437,405,373,341,309,277,245,213,212,211,210,178,146,145,144,144,144,144,144,144,144,144,144,144,144,144,144,144,144,144,144,144,144,144,144,144,144,144,144,144,144,144,144,144,
goal:144,144,144,144,144,144,144,144,144,144,144,144,144,144,144,144,144,144,144,144,144,144,144,144,144,144,144,144,144,144,144,144,144,144,144,144,144,144,144,144,144,144,144,144,144,144,
size:16
[agent] id:8
path:110,142,143,144,176,177,209,241,273,305,337,369,401,433,465,497,529,561,593,594,626,658,690,722,723,724,725,757,758,759,791,823,824,825,857,858,859,860,861,861,861,861,861,861,861,861,
goal:861,861,861,861,861,861,861,861,861,861,861,861,861,861,861,861,861,861,861,861,861,861,861,861,861,861,861,861,861,861,861,861,861,861,861,861,861,861,861,861,861,861,861,861,861,861,
size:38
[agent] id:9
path:337,369,401,433,465,497,529,561,593,594,626,658,690,722,754,786,818,850,882,883,884,885,886,918,919,920,952,952,952,952,952,952,952,952,952,952,952,952,952,952,952,952,952,952,952,952,
goal:952,952,952,952,952,952,952,952,952,952,952,952,952,952,952,952,952,952,952,952,952,952,952,952,952,952,952,952,952,952,952,952,952,952,952,952,952,952,952,952,952,952,952,952,952,952,
size:26
[agent] id:10
path:271,239,207,207,207,207,207,207,207,207,207,207,207,207,207,207,207,207,207,207,207,207,207,207,207,207,207,207,207,207,207,207,207,207,207,207,207,207,207,207,207,207,207,207,207,207,
goal:207,207,207,207,207,207,207,207,207,207,207,207,207,207,207,207,207,207,207,207,207,207,207,207,207,207,207,207,207,207,207,207,207,207,207,207,207,207,207,207,207,207,207,207,207,207,
size:2
[agent] id:11
path:632,664,696,728,729,730,730,730,730,730,730,730,730,730,730,730,730,730,730,730,730,730,730,730,730,730,730,730,730,730,730,730,730,730,730,730,730,730,730,730,730,730,730,730,730,730,
goal:730,730,730,730,730,730,730,730,730,730,730,730,730,730,730,730,730,730,730,730,730,730,730,730,730,730,730,730,730,730,730,730,730,730,730,730,730,730,730,730,730,730,730,730,730,730,
size:5
[agent] id:12
path:727,726,725,724,723,722,721,689,688,687,686,718,717,716,715,683,683,683,683,683,683,683,683,683,683,683,683,683,683,683,683,683,683,683,683,683,683,683,683,683,683,683,683,683,683,683,
goal:683,683,683,683,683,683,683,683,683,683,683,683,683,683,683,683,683,683,683,683,683,683,683,683,683,683,683,683,683,683,683,683,683,683,683,683,683,683,683,683,683,683,683,683,683,683,
size:15
[agent] id:13
path:988,956,924,892,860,859,858,857,825,793,792,760,728,696,664,632,600,599,567,535,503,504,472,473,441,409,377,345,313,281,280,248,216,184,185,186,187,155,155,155,155,155,155,155,155,155,
goal:155,155,155,155,155,155,155,155,155,155,155,155,155,155,155,155,155,155,155,155,155,155,155,155,155,155,155,155,155,155,155,155,155,155,155,155,155,155,155,155,155,155,155,155,155,155,
size:37
[agent] id:14
path:583,551,519,520,521,489,457,458,426,394,395,395,395,395,395,395,395,395,395,395,395,395,395,395,395,395,395,395,395,395,395,395,395,395,395,395,395,395,395,395,395,395,395,395,395,395,
goal:395,395,395,395,395,395,395,395,395,395,395,395,395,395,395,395,395,395,395,395,395,395,395,395,395,395,395,395,395,395,395,395,395,395,395,395,395,395,395,395,395,395,395,395,395,395,
size:10
[agent] id:15
path:39,71,103,135,167,199,231,263,262,294,326,358,390,422,454,486,518,550,582,614,646,678,710,742,774,806,838,870,902,934,966,998,997,997,997,997,997,997,997,997,997,997,997,997,997,997,
goal:997,997,997,997,997,997,997,997,997,997,997,997,997,997,997,997,997,997,997,997,997,997,997,997,997,997,997,997,997,997,997,997,997,997,997,997,997,997,997,997,997,997,997,997,997,997,
size:32
[agent] id:16
path:644,645,646,647,648,649,650,651,652,653,685,686,687,688,720,721,722,723,724,725,757,758,759,791,792,793,793,793,793,793,793,793,793,793,793,793,793,793,793,793,793,793,793,793,793,793,
goal:793,793,793,793,793,793,793,793,793,793,793,793,793,793,793,793,793,793,793,793,793,793,793,793,793,793,793,793,793,793,793,793,793,793,793,793,793,793,793,793,793,793,793,793,793,793,
size:25
[agent] id:17
path:542,574,606,605,637,636,635,634,633,632,600,599,567,566,565,564,563,562,561,560,528,527,526,494,493,461,460,459,458,426,394,393,392,391,359,358,326,294,262,261,260,259,258,257,225,193,
goal:193,193,193,193,193,193,193,193,193,193,193,193,193,193,193,193,193,193,193,193,193,193,193,193,193,193,193,193,193,193,193,193,193,193,193,193,193,193,193,193,193,193,193,193,193,193,
size:45
[agent] id:18
path:417,418,419,420,421,422,423,424,456,457,458,459,460,461,493,525,526,527,528,529,561,562,563,564,565,533,534,535,536,537,538,539,507,507,507,507,507,507,507,507,507,507,507,507,507,507,
goal:507,507,507,507,507,507,507,507,507,507,507,507,507,507,507,507,507,507,507,507,507,507,507,507,507,507,507,507,507,507,507,507,507,507,507,507,507,507,507,507,507,507,507,507,507,507,
size:32
[agent] id:19
path:140,172,204,236,268,300,332,364,396,428,460,461,493,525,557,589,621,653,685,717,749,781,782,814,846,847,848,849,881,882,883,884,885,886,918,919,920,921,953,985,986,987,988,988,988,988,
goal:988,988,988,988,988,988,988,988,988,988,988,988,988,988,988,988,988,988,988,988,988,988,988,988,988,988,988,988,988,988,988,988,988,988,988,988,988,988,988,988,988,988,988,988,988,988,
size:42
[agent] id:20
path:14,13,12,11,10,42,74,106,138,137,169,201,200,199,231,263,262,294,326,358,357,356,355,354,353,352,352,352,352,352,352,352,352,352,352,352,352,352,352,352,352,352,352,352,352,352,
goal:352,352,352,352,352,352,352,352,352,352,352,352,352,352,352,352,352,352,352,352,352,352,352,352,352,352,352,352,352,352,352,352,352,352,352,352,352,352,352,352,352,352,352,352,352,352,
size:25
[agent] id:21
path:596,628,660,659,658,657,656,656,656,656,656,656,656,656,656,656,656,656,656,656,656,656,656,656,656,656,656,656,656,656,656,656,656,656,656,656,656,656,656,656,656,656,656,656,656,656,
goal:656,656,656,656,656,656,656,656,656,656,656,656,656,656,656,656,656,656,656,656,656,656,656,656,656,656,656,656,656,656,656,656,656,656,656,656,656,656,656,656,656,656,656,656,656,656,
size:6
[agent] id:22
path:58,57,56,55,54,53,52,84,83,115,114,146,145,144,143,142,174,173,172,171,139,138,137,169,201,200,199,231,231,231,231,231,231,231,231,231,231,231,231,231,231,231,231,231,231,231,
goal:231,231,231,231,231,231,231,231,231,231,231,231,231,231,231,231,231,231,231,231,231,231,231,231,231,231,231,231,231,231,231,231,231,231,231,231,231,231,231,231,231,231,231,231,231,231,
size:27
[agent] id:23
path:449,450,482,514,515,547,579,611,643,644,676,708,709,741,773,805,806,807,808,809,810,811,812,812,812,812,812,812,812,812,812,812,812,812,812,812,812,812,812,812,812,812,812,812,812,812,
goal:812,812,812,812,812,812,812,812,812,812,812,812,812,812,812,812,812,812,812,812,812,812,812,812,812,812,812,812,812,812,812,812,812,812,812,812,812,812,812,812,812,812,812,812,812,812,
size:22
[agent] id:24
path:71,72,40,8,9,10,11,12,44,45,77,78,79,80,48,49,17,18,19,20,21,22,23,24,25,26,27,28,29,29,29,29,29,29,29,29,29,29,29,29,29,29,29,29,29,29,
goal:29,29,29,29,29,29,29,29,29,29,29,29,29,29,29,29,29,29,29,29,29,29,29,29,29,29,29,29,29,29,29,29,29,29,29,29,29,29,29,29,29,29,29,29,29,29,
size:28
[agent] id:25
path:400,432,464,465,497,529,561,593,594,626,658,690,722,754,786,818,850,882,881,880,880,880,880,880,880,880,880,880,880,880,880,880,880,880,880,880,880,880,880,880,880,880,880,880,880,880,
goal:880,880,880,880,880,880,880,880,880,880,880,880,880,880,880,880,880,880,880,880,880,880,880,880,880,880,880,880,880,880,880,880,880,880,880,880,880,880,880,880,880,880,880,880,880,880,
size:19
[agent] id:26
path:306,307,308,309,310,311,279,247,248,216,217,218,250,250,250,250,250,250,250,250,250,250,250,250,250,250,250,250,250,250,250,250,250,250,250,250,250,250,250,250,250,250,250,250,250,250,
goal:250,250,250,250,250,250,250,250,250,250,250,250,250,250,250,250,250,250,250,250,250,250,250,250,250,250,250,250,250,250,250,250,250,250,250,250,250,250,250,250,250,250,250,250,250,250,
size:12
[agent] id:27
path:560,592,593,594,626,658,690,722,754,786,818,850,882,883,884,885,886,918,950,950,950,950,950,950,950,950,950,950,950,950,950,950,950,950,950,950,950,950,950,950,950,950,950,950,950,950,
goal:950,950,950,950,950,950,950,950,950,950,950,950,950,950,950,950,950,950,950,950,950,950,950,950,950,950,950,950,950,950,950,950,950,950,950,950,950,950,950,950,950,950,950,950,950,950,
size:18
[agent] id:28
path:598,630,662,663,695,727,727,727,727,727,727,727,727,727,727,727,727,727,727,727,727,727,727,727,727,727,727,727,727,727,727,727,727,727,727,727,727,727,727,727,727,727,727,727,727,727,
goal:727,727,727,727,727,727,727,727,727,727,727,727,727,727,727,727,727,727,727,727,727,727,727,727,727,727,727,727,727,727,727,727,727,727,727,727,727,727,727,727,727,727,727,727,727,727,
size:5
[agent] id:29
path:705,673,641,609,610,611,612,613,614,582,550,551,552,553,554,555,556,557,558,559,560,561,529,497,465,466,467,468,469,469,469,469,469,469,469,469,469,469,469,469,469,469,469,469,469,469,
goal:469,469,469,469,469,469,469,469,469,469,469,469,469,469,469,469,469,469,469,469,469,469,469,469,469,469,469,469,469,469,469,469,469,469,469,469,469,469,469,469,469,469,469,469,469,469,
size:28
SolutionCost:689
