[setting] seed:8725
[solver] type:SASB-ECBS
[solver] w:2.000000
[solver] ID:0
[solver] Lowlevelnode:5007
[solver] Highlevelnode:23
[solver] ConflictCount:12
[solver] solved:1
[solver] elapsed:34
[solver] makespan:55
[problem] timesteplimit:15000
[problem] type:MAPF
[problem] agentnum:30
[graph] width:32
[graph] height:32
[graph] filename:./map/32by32_agents10_ex30.map
[task] id:5,start:0,end:0,service time:0,nodes:680,
[task] id:3,start:0,end:0,service time:0,nodes:594,
[task] id:10,start:0,end:0,service time:0,nodes:353,
[task] id:1,start:0,end:0,service time:0,nodes:613,
[task] id:23,start:0,end:0,service time:0,nodes:211,
[task] id:12,start:0,end:0,service time:0,nodes:691,
[task] id:28,start:0,end:0,service time:0,nodes:591,
[task] id:4,start:0,end:0,service time:0,nodes:273,
[task] id:18,start:0,end:0,service time:0,nodes:565,
[task] id:21,start:0,end:0,service time:0,nodes:682,
[task] id:27,start:0,end:0,service time:0,nodes:712,
[task] id:29,start:0,end:0,service time:0,nodes:630,
[task] id:17,start:0,end:0,service time:0,nodes:402,
[task] id:9,start:0,end:0,service time:0,nodes:657,
[task] id:15,start:0,end:0,service time:0,nodes:738,
[task] id:24,start:0,end:0,service time:0,nodes:453,
[task] id:26,start:0,end:0,service time:0,nodes:973,
[task] id:25,start:0,end:0,service time:0,nodes:407,
[task] id:14,start:0,end:0,service time:0,nodes:869,
[task] id:13,start:0,end:0,service time:0,nodes:809,
[task] id:22,start:0,end:0,service time:0,nodes:550,
[task] id:16,start:0,end:0,service time:0,nodes:621,
[task] id:0,start:0,end:0,service time:0,nodes:972,
[task] id:6,start:0,end:0,service time:0,nodes:427,
[task] id:20,start:0,end:0,service time:0,nodes:73,
[task] id:2,start:0,end:0,service time:0,nodes:663,
[task] id:19,start:0,end:0,service time:0,nodes:57,
[task] id:7,start:0,end:0,service time:0,nodes:79,
[task] id:11,start:0,end:0,service time:0,nodes:894,
[task] id:8,start:0,end:0,service time:0,nodes:130,
[agent] id:0
path:273,305,337,336,368,400,432,464,465,497,529,528,560,559,558,590,622,654,686,718,750,782,814,846,878,877,909,941,940,972,972,972,972,972,972,972,972,972,972,972,972,972,972,972,972,972,972,972,972,972,972,972,972,972,972,972,
goal:972,972,972,972,972,972,972,972,972,972,972,972,972,972,972,972,972,972,972,972,972,972,972,972,972,972,972,972,972,972,972,972,972,972,972,972,972,972,972,972,972,972,972,972,972,972,972,972,972,972,972,972,972,972,972,972,
size:29
[agent] id:1
path:448,480,512,544,576,577,609,610,611,612,613,613,613,613,613,613,613,613,613,613,613,613,613,613,613,613,613,613,613,613,613,613,613,613,613,613,613,613,613,613,613,613,613,613,613,613,613,613,613,613,613,613,613,613,613,613,
goal:613,613,613,613,613,613,613,613,613,613,613,613,613,613,613,613,613,613,613,613,613,613,613,613,613,613,613,613,613,613,613,613,613,613,613,613,613,613,613,613,613,613,613,613,613,613,613,613,613,613,613,613,613,613,613,613,
size:10
[agent] id:2
path:293,294,326,358,390,422,454,486,518,550,582,614,646,647,648,649,650,651,652,653,654,655,656,688,689,690,658,659,660,661,662,663,663,663,663,663,663,663,663,663,663,663,663,663,663,663,663,663,663,663,663,663,663,663,663,663,
goal:663,663,663,663,663,663,663,663,663,663,663,663,663,663,663,663,663,663,663,663,663,663,663,663,663,663,663,663,663,663,663,663,663,663,663,663,663,663,663,663,663,663,663,663,663,663,663,663,663,663,663,663,663,663,663,663,
size:31
[agent] id:3
path:685,653,621,589,590,591,592,593,594,594,594,594,594,594,594,594,594,594,594,594,594,594,594,594,594,594,594,594,594,594,594,594,594,594,594,594,594,594,594,594,594,594,594,594,594,594,594,594,594,594,594,594,594,594,594,594,
goal:594,594,594,594,594,594,594,594,594,594,594,594,594,594,594,594,594,594,594,594,594,594,594,594,594,594,594,594,594,594,594,594,594,594,594,594,594,594,594,594,594,594,594,594,594,594,594,594,594,594,594,594,594,594,594,594,
size:8
[agent] id:4
path:722,690,658,626,594,562,530,498,466,434,402,401,369,337,305,273,273,273,273,273,273,273,273,273,273,273,273,273,273,273,273,273,273,273,273,273,273,273,273,273,273,273,273,273,273,273,273,273,273,273,273,273,273,273,273,273,
goal:273,273,273,273,273,273,273,273,273,273,273,273,273,273,273,273,273,273,273,273,273,273,273,273,273,273,273,273,273,273,273,273,273,273,273,273,273,273,273,273,273,273,273,273,273,273,273,273,273,273,273,273,273,273,273,273,
size:15
[agent] id:5
path:615,647,679,680,680,680,680,680,680,680,680,680,680,680,680,680,680,680,680,680,680,680,680,680,680,680,680,680,680,680,680,680,680,680,680,680,680,680,680,680,680,680,680,680,680,680,680,680,680,680,680,680,680,680,680,680,
goal:680,680,680,680,680,680,680,680,680,680,680,680,680,680,680,680,680,680,680,680,680,680,680,680,680,680,680,680,680,680,680,680,680,680,680,680,680,680,680,680,680,680,680,680,680,680,680,680,680,680,680,680,680,680,680,680,
size:3
[agent] id:6
path:949,950,918,886,854,853,852,851,819,818,786,754,722,690,689,688,687,686,687,655,623,622,590,558,526,494,493,461,429,428,427,427,427,427,427,427,427,427,427,427,427,427,427,427,427,427,427,427,427,427,427,427,427,427,427,427,
goal:427,427,427,427,427,427,427,427,427,427,427,427,427,427,427,427,427,427,427,427,427,427,427,427,427,427,427,427,427,427,427,427,427,427,427,427,427,427,427,427,427,427,427,427,427,427,427,427,427,427,427,427,427,427,427,427,
size:30
[agent] id:7
path:961,929,930,898,866,867,835,803,771,739,707,708,676,644,645,646,614,582,550,551,519,520,521,489,457,458,426,394,395,396,364,332,300,268,236,204,172,173,174,142,110,78,79,79,79,79,79,79,79,79,79,79,79,79,79,79,
goal:79,79,79,79,79,79,79,79,79,79,79,79,79,79,79,79,79,79,79,79,79,79,79,79,79,79,79,79,79,79,79,79,79,79,79,79,79,79,79,79,79,79,79,79,79,79,79,79,79,79,79,79,79,79,79,79,
size:42
[agent] id:8
path:989,957,925,893,861,860,859,858,857,825,793,792,760,728,696,664,632,600,599,598,597,596,564,563,531,530,529,528,527,526,494,493,461,429,397,396,395,394,393,392,391,359,358,326,294,262,261,260,259,258,257,225,193,161,162,130,
goal:130,130,130,130,130,130,130,130,130,130,130,130,130,130,130,130,130,130,130,130,130,130,130,130,130,130,130,130,130,130,130,130,130,130,130,130,130,130,130,130,130,130,130,130,130,130,130,130,130,130,130,130,130,130,130,130,
size:55
[agent] id:9
path:545,577,609,641,642,643,644,645,646,647,648,649,650,651,652,653,654,655,656,657,657,657,657,657,657,657,657,657,657,657,657,657,657,657,657,657,657,657,657,657,657,657,657,657,657,657,657,657,657,657,657,657,657,657,657,657,
goal:657,657,657,657,657,657,657,657,657,657,657,657,657,657,657,657,657,657,657,657,657,657,657,657,657,657,657,657,657,657,657,657,657,657,657,657,657,657,657,657,657,657,657,657,657,657,657,657,657,657,657,657,657,657,657,657,
size:19
[agent] id:10
path:516,484,452,420,419,418,417,385,353,353,353,353,353,353,353,353,353,353,353,353,353,353,353,353,353,353,353,353,353,353,353,353,353,353,353,353,353,353,353,353,353,353,353,353,353,353,353,353,353,353,353,353,353,353,353,353,
goal:353,353,353,353,353,353,353,353,353,353,353,353,353,353,353,353,353,353,353,353,353,353,353,353,353,353,353,353,353,353,353,353,353,353,353,353,353,353,353,353,353,353,353,353,353,353,353,353,353,353,353,353,353,353,353,353,
size:8
[agent] id:11
path:134,166,167,199,200,201,233,234,235,236,268,300,332,364,396,428,460,461,493,525,557,589,621,653,685,686,687,688,720,721,722,723,724,725,757,758,759,791,823,824,825,857,858,859,860,892,893,894,894,894,894,894,894,894,894,894,
goal:894,894,894,894,894,894,894,894,894,894,894,894,894,894,894,894,894,894,894,894,894,894,894,894,894,894,894,894,894,894,894,894,894,894,894,894,894,894,894,894,894,894,894,894,894,894,894,894,894,894,894,894,894,894,894,894,
size:47
[agent] id:12
path:845,846,814,782,750,718,686,687,688,689,690,691,691,691,691,691,691,691,691,691,691,691,691,691,691,691,691,691,691,691,691,691,691,691,691,691,691,691,691,691,691,691,691,691,691,691,691,691,691,691,691,691,691,691,691,691,
goal:691,691,691,691,691,691,691,691,691,691,691,691,691,691,691,691,691,691,691,691,691,691,691,691,691,691,691,691,691,691,691,691,691,691,691,691,691,691,691,691,691,691,691,691,691,691,691,691,691,691,691,691,691,691,691,691,
size:11
[agent] id:13
path:367,399,431,463,464,465,497,529,561,593,592,591,623,655,687,686,718,717,716,715,747,779,811,810,809,809,809,809,809,809,809,809,809,809,809,809,809,809,809,809,809,809,809,809,809,809,809,809,809,809,809,809,809,809,809,809,
goal:809,809,809,809,809,809,809,809,809,809,809,809,809,809,809,809,809,809,809,809,809,809,809,809,809,809,809,809,809,809,809,809,809,809,809,809,809,809,809,809,809,809,809,809,809,809,809,809,809,809,809,809,809,809,809,809,
size:24
[agent] id:14
path:628,660,692,724,723,755,754,786,818,850,849,848,847,846,845,844,843,842,841,840,872,871,870,869,869,869,869,869,869,869,869,869,869,869,869,869,869,869,869,869,869,869,869,869,869,869,869,869,869,869,869,869,869,869,869,869,
goal:869,869,869,869,869,869,869,869,869,869,869,869,869,869,869,869,869,869,869,869,869,869,869,869,869,869,869,869,869,869,869,869,869,869,869,869,869,869,869,869,869,869,869,869,869,869,869,869,869,869,869,869,869,869,869,869,
size:23
[agent] id:15
path:592,591,623,622,621,620,619,618,617,616,615,647,679,678,677,709,708,707,739,738,738,738,738,738,738,738,738,738,738,738,738,738,738,738,738,738,738,738,738,738,738,738,738,738,738,738,738,738,738,738,738,738,738,738,738,738,
goal:738,738,738,738,738,738,738,738,738,738,738,738,738,738,738,738,738,738,738,738,738,738,738,738,738,738,738,738,738,738,738,738,738,738,738,738,738,738,738,738,738,738,738,738,738,738,738,738,738,738,738,738,738,738,738,738,
size:19
[agent] id:16
path:4,36,68,69,101,133,165,197,229,261,293,294,326,358,390,422,423,424,456,457,489,521,553,554,555,556,557,589,621,621,621,621,621,621,621,621,621,621,621,621,621,621,621,621,621,621,621,621,621,621,621,621,621,621,621,621,
goal:621,621,621,621,621,621,621,621,621,621,621,621,621,621,621,621,621,621,621,621,621,621,621,621,621,621,621,621,621,621,621,621,621,621,621,621,621,621,621,621,621,621,621,621,621,621,621,621,621,621,621,621,621,621,621,621,
size:28
[agent] id:17
path:359,391,392,393,394,395,396,364,332,300,301,302,334,366,367,399,400,401,402,402,402,402,402,402,402,402,402,402,402,402,402,402,402,402,402,402,402,402,402,402,402,402,402,402,402,402,402,402,402,402,402,402,402,402,402,402,
goal:402,402,402,402,402,402,402,402,402,402,402,402,402,402,402,402,402,402,402,402,402,402,402,402,402,402,402,402,402,402,402,402,402,402,402,402,402,402,402,402,402,402,402,402,402,402,402,402,402,402,402,402,402,402,402,402,
size:18
[agent] id:18
path:781,749,717,685,653,621,622,590,558,559,560,561,562,563,564,565,565,565,565,565,565,565,565,565,565,565,565,565,565,565,565,565,565,565,565,565,565,565,565,565,565,565,565,565,565,565,565,565,565,565,565,565,565,565,565,565,
goal:565,565,565,565,565,565,565,565,565,565,565,565,565,565,565,565,565,565,565,565,565,565,565,565,565,565,565,565,565,565,565,565,565,565,565,565,565,565,565,565,565,565,565,565,565,565,565,565,565,565,565,565,565,565,565,565,
size:15
[agent] id:19
path:818,786,754,722,690,658,626,594,562,530,498,466,434,435,436,437,405,373,341,309,277,245,213,181,182,150,151,119,87,55,56,57,57,57,57,57,57,57,57,57,57,57,57,57,57,57,57,57,57,57,57,57,57,57,57,57,
goal:57,57,57,57,57,57,57,57,57,57,57,57,57,57,57,57,57,57,57,57,57,57,57,57,57,57,57,57,57,57,57,57,57,57,57,57,57,57,57,57,57,57,57,57,57,57,57,57,57,57,57,57,57,57,57,57,
size:31
[agent] id:20
path:810,778,779,747,715,683,651,619,620,621,589,557,525,493,461,429,397,396,364,332,300,268,236,204,172,140,139,107,75,74,73,73,73,73,73,73,73,73,73,73,73,73,73,73,73,73,73,73,73,73,73,73,73,73,73,73,
goal:73,73,73,73,73,73,73,73,73,73,73,73,73,73,73,73,73,73,73,73,73,73,73,73,73,73,73,73,73,73,73,73,73,73,73,73,73,73,73,73,73,73,73,73,73,73,73,73,73,73,73,73,73,73,73,73,
size:30
[agent] id:21
path:565,564,563,562,561,560,559,591,623,622,621,620,619,618,650,682,682,682,682,682,682,682,682,682,682,682,682,682,682,682,682,682,682,682,682,682,682,682,682,682,682,682,682,682,682,682,682,682,682,682,682,682,682,682,682,682,
goal:682,682,682,682,682,682,682,682,682,682,682,682,682,682,682,682,682,682,682,682,682,682,682,682,682,682,682,682,682,682,682,682,682,682,682,682,682,682,682,682,682,682,682,682,682,682,682,682,682,682,682,682,682,682,682,682,
size:15
[agent] id:22
path:111,143,142,174,206,205,204,236,268,268,300,332,364,396,428,460,459,458,490,522,554,553,552,551,550,550,550,550,550,550,550,550,550,550,550,550,550,550,550,550,550,550,550,550,550,550,550,550,550,550,550,550,550,550,550,550,
goal:550,550,550,550,550,550,550,550,550,550,550,550,550,550,550,550,550,550,550,550,550,550,550,550,550,550,550,550,550,550,550,550,550,550,550,550,550,550,550,550,550,550,550,550,550,550,550,550,550,550,550,550,550,550,550,550,
size:24
[agent] id:23
path:434,402,401,369,337,305,273,241,209,210,211,211,211,211,211,211,211,211,211,211,211,211,211,211,211,211,211,211,211,211,211,211,211,211,211,211,211,211,211,211,211,211,211,211,211,211,211,211,211,211,211,211,211,211,211,211,
goal:211,211,211,211,211,211,211,211,211,211,211,211,211,211,211,211,211,211,211,211,211,211,211,211,211,211,211,211,211,211,211,211,211,211,211,211,211,211,211,211,211,211,211,211,211,211,211,211,211,211,211,211,211,211,211,211,
size:10
[agent] id:24
path:844,812,811,779,747,715,683,651,619,618,617,616,584,552,520,519,487,486,454,453,453,453,453,453,453,453,453,453,453,453,453,453,453,453,453,453,453,453,453,453,453,453,453,453,453,453,453,453,453,453,453,453,453,453,453,453,
goal:453,453,453,453,453,453,453,453,453,453,453,453,453,453,453,453,453,453,453,453,453,453,453,453,453,453,453,453,453,453,453,453,453,453,453,453,453,453,453,453,453,453,453,453,453,453,453,453,453,453,453,453,453,453,453,453,
size:19
[agent] id:25
path:830,798,766,734,702,670,669,637,605,604,603,571,539,538,537,536,504,472,473,441,409,408,407,407,407,407,407,407,407,407,407,407,407,407,407,407,407,407,407,407,407,407,407,407,407,407,407,407,407,407,407,407,407,407,407,407,
goal:407,407,407,407,407,407,407,407,407,407,407,407,407,407,407,407,407,407,407,407,407,407,407,407,407,407,407,407,407,407,407,407,407,407,407,407,407,407,407,407,407,407,407,407,407,407,407,407,407,407,407,407,407,407,407,407,
size:22
[agent] id:26
path:460,461,493,525,557,589,621,653,685,717,749,781,782,814,846,878,877,909,941,973,973,973,973,973,973,973,973,973,973,973,973,973,973,973,973,973,973,973,973,973,973,973,973,973,973,973,973,973,973,973,973,973,973,973,973,973,
goal:973,973,973,973,973,973,973,973,973,973,973,973,973,973,973,973,973,973,973,973,973,973,973,973,973,973,973,973,973,973,973,973,973,973,973,973,973,973,973,973,973,973,973,973,973,973,973,973,973,973,973,973,973,973,973,973,
size:19
[agent] id:27
path:356,357,389,421,453,485,517,549,550,582,614,646,678,710,711,712,712,712,712,712,712,712,712,712,712,712,712,712,712,712,712,712,712,712,712,712,712,712,712,712,712,712,712,712,712,712,712,712,712,712,712,712,712,712,712,712,
goal:712,712,712,712,712,712,712,712,712,712,712,712,712,712,712,712,712,712,712,712,712,712,712,712,712,712,712,712,712,712,712,712,712,712,712,712,712,712,712,712,712,712,712,712,712,712,712,712,712,712,712,712,712,712,712,712,
size:15
[agent] id:28
path:880,848,847,846,814,782,750,718,686,654,622,590,591,591,591,591,591,591,591,591,591,591,591,591,591,591,591,591,591,591,591,591,591,591,591,591,591,591,591,591,591,591,591,591,591,591,591,591,591,591,591,591,591,591,591,591,
goal:591,591,591,591,591,591,591,591,591,591,591,591,591,591,591,591,591,591,591,591,591,591,591,591,591,591,591,591,591,591,591,591,591,591,591,591,591,591,591,591,591,591,591,591,591,591,591,591,591,591,591,591,591,591,591,591,
size:12
[agent] id:29
path:274,306,307,308,309,341,373,405,437,469,501,533,565,597,629,630,630,630,630,630,630,630,630,630,630,630,630,630,630,630,630,630,630,630,630,630,630,630,630,630,630,630,630,630,630,630,630,630,630,630,630,630,630,630,630,630,
goal:630,630,630,630,630,630,630,630,630,630,630,630,630,630,630,630,630,630,630,630,630,630,630,630,630,630,630,630,630,630,630,630,630,630,630,630,630,630,630,630,630,630,630,630,630,630,630,630,630,630,630,630,630,630,630,630,
size:15
SolutionCost:647
