[setting] seed:1893
[solver] type:SASB-ECBS
[solver] w:2.000000
[solver] ID:0
[solver] Lowlevelnode:2118
[solver] Highlevelnode:17
[solver] ConflictCount:9
[solver] solved:1
[solver] elapsed:29
[solver] makespan:49
[problem] timesteplimit:15000
[problem] type:MAPF
[problem] agentnum:30
[graph] width:32
[graph] height:32
[graph] filename:./map/32by32_agents10_ex30.map
[task] id:9,start:0,end:0,service time:0,nodes:907,
[task] id:16,start:0,end:0,service time:0,nodes:403,
[task] id:3,start:0,end:0,service time:0,nodes:641,
[task] id:29,start:0,end:0,service time:0,nodes:315,
[task] id:18,start:0,end:0,service time:0,nodes:870,
[task] id:14,start:0,end:0,service time:0,nodes:598,
[task] id:0,start:0,end:0,service time:0,nodes:328,
[task] id:15,start:0,end:0,service time:0,nodes:140,
[task] id:17,start:0,end:0,service time:0,nodes:489,
[task] id:10,start:0,end:0,service time:0,nodes:816,
[task] id:20,start:0,end:0,service time:0,nodes:851,
[task] id:21,start:0,end:0,service time:0,nodes:973,
[task] id:26,start:0,end:0,service time:0,nodes:322,
[task] id:8,start:0,end:0,service time:0,nodes:205,
[task] id:11,start:0,end:0,service time:0,nodes:682,
[task] id:22,start:0,end:0,service time:0,nodes:527,
[task] id:23,start:0,end:0,service time:0,nodes:997,
[task] id:2,start:0,end:0,service time:0,nodes:23,
[task] id:25,start:0,end:0,service time:0,nodes:569,
[task] id:7,start:0,end:0,service time:0,nodes:693,
[task] id:13,start:0,end:0,service time:0,nodes:299,
[task] id:19,start:0,end:0,service time:0,nodes:73,
[task] id:1,start:0,end:0,service time:0,nodes:824,
[task] id:4,start:0,end:0,service time:0,nodes:644,
[task] id:5,start:0,end:0,service time:0,nodes:962,
[task] id:28,start:0,end:0,service time:0,nodes:30,
[task] id:6,start:0,end:0,service time:0,nodes:150,
[task] id:27,start:0,end:0,service time:0,nodes:186,
[task] id:12,start:0,end:0,service time:0,nodes:297,
[task] id:24,start:0,end:0,service time:0,nodes:986,
[agent] id:0
path:288,256,257,258,259,260,261,262,263,264,296,328,328,328,328,328,328,328,328,328,328,328,328,328,328,328,328,328,328,328,328,328,328,328,328,328,328,328,328,328,328,328,328,328,328,328,328,328,328,328,
goal:328,328,328,328,328,328,328,328,328,328,328,328,328,328,328,328,328,328,328,328,328,328,328,328,328,328,328,328,328,328,328,328,328,328,328,328,328,328,328,328,328,328,328,328,328,328,328,328,328,328,
size:11
[agent] id:1
path:420,452,484,516,548,549,550,582,614,646,647,648,649,650,651,652,653,685,686,687,688,720,721,722,723,724,725,757,758,759,791,823,824,824,824,824,824,824,824,824,824,824,824,824,824,824,824,824,824,824,
goal:824,824,824,824,824,824,824,824,824,824,824,824,824,824,824,824,824,824,824,824,824,824,824,824,824,824,824,824,824,824,824,824,824,824,824,824,824,824,824,824,824,824,824,824,824,824,824,824,824,824,
size:32
[agent] id:2
path:539,538,537,536,504,472,473,441,409,377,345,313,281,280,248,216,184,152,120,88,56,24,23,23,23,23,23,23,23,23,23,23,23,23,23,23,23,23,23,23,23,23,23,23,23,23,23,23,23,23,
goal:23,23,23,23,23,23,23,23,23,23,23,23,23,23,23,23,23,23,23,23,23,23,23,23,23,23,23,23,23,23,23,23,23,23,23,23,23,23,23,23,23,23,23,23,23,23,23,23,23,23,
size:22
[agent] id:3
path:771,739,707,706,705,673,641,641,641,641,641,641,641,641,641,641,641,641,641,641,641,641,641,641,641,641,641,641,641,641,641,641,641,641,641,641,641,641,641,641,641,641,641,641,641,641,641,641,641,641,
goal:641,641,641,641,641,641,641,641,641,641,641,641,641,641,641,641,641,641,641,641,641,641,641,641,641,641,641,641,641,641,641,641,641,641,641,641,641,641,641,641,641,641,641,641,641,641,641,641,641,641,
size:6
[agent] id:4
path:893,861,860,859,858,857,825,793,792,760,728,696,664,663,662,661,660,659,658,657,656,655,654,653,652,651,650,649,648,647,646,645,644,644,644,644,644,644,644,644,644,644,644,644,644,644,644,644,644,644,
goal:644,644,644,644,644,644,644,644,644,644,644,644,644,644,644,644,644,644,644,644,644,644,644,644,644,644,644,644,644,644,644,644,644,644,644,644,644,644,644,644,644,644,644,644,644,644,644,644,644,644,
size:32
[agent] id:5
path:39,71,103,135,167,199,231,230,262,294,326,358,390,389,421,453,485,517,549,548,547,579,611,643,644,676,708,707,739,771,803,835,867,899,931,963,962,962,962,962,962,962,962,962,962,962,962,962,962,962,
goal:962,962,962,962,962,962,962,962,962,962,962,962,962,962,962,962,962,962,962,962,962,962,962,962,962,962,962,962,962,962,962,962,962,962,962,962,962,962,962,962,962,962,962,962,962,962,962,962,962,962,
size:36
[agent] id:6
path:805,773,741,709,677,645,613,614,615,583,551,519,520,521,489,490,458,426,394,395,396,364,332,300,268,269,270,271,239,240,241,209,210,211,212,213,181,182,150,150,150,150,150,150,150,150,150,150,150,150,
goal:150,150,150,150,150,150,150,150,150,150,150,150,150,150,150,150,150,150,150,150,150,150,150,150,150,150,150,150,150,150,150,150,150,150,150,150,150,150,150,150,150,150,150,150,150,150,150,150,150,150,
size:38
[agent] id:7
path:123,155,187,219,218,217,216,248,280,312,344,376,408,407,439,438,470,469,501,533,565,597,629,661,693,693,693,693,693,693,693,693,693,693,693,693,693,693,693,693,693,693,693,693,693,693,693,693,693,693,
goal:693,693,693,693,693,693,693,693,693,693,693,693,693,693,693,693,693,693,693,693,693,693,693,693,693,693,693,693,693,693,693,693,693,693,693,693,693,693,693,693,693,693,693,693,693,693,693,693,693,693,
size:24
[agent] id:8
path:617,618,619,620,621,589,557,525,493,461,429,397,396,364,332,300,268,236,204,205,205,205,205,205,205,205,205,205,205,205,205,205,205,205,205,205,205,205,205,205,205,205,205,205,205,205,205,205,205,205,
goal:205,205,205,205,205,205,205,205,205,205,205,205,205,205,205,205,205,205,205,205,205,205,205,205,205,205,205,205,205,205,205,205,205,205,205,205,205,205,205,205,205,205,205,205,205,205,205,205,205,205,
size:19
[agent] id:9
path:906,907,907,907,907,907,907,907,907,907,907,907,907,907,907,907,907,907,907,907,907,907,907,907,907,907,907,907,907,907,907,907,907,907,907,907,907,907,907,907,907,907,907,907,907,907,907,907,907,907,
goal:907,907,907,907,907,907,907,907,907,907,907,907,907,907,907,907,907,907,907,907,907,907,907,907,907,907,907,907,907,907,907,907,907,907,907,907,907,907,907,907,907,907,907,907,907,907,907,907,907,907,
size:1
[agent] id:10
path:434,466,498,530,562,594,626,658,690,722,754,786,818,850,849,848,816,816,816,816,816,816,816,816,816,816,816,816,816,816,816,816,816,816,816,816,816,816,816,816,816,816,816,816,816,816,816,816,816,816,
goal:816,816,816,816,816,816,816,816,816,816,816,816,816,816,816,816,816,816,816,816,816,816,816,816,816,816,816,816,816,816,816,816,816,816,816,816,816,816,816,816,816,816,816,816,816,816,816,816,816,816,
size:16
[agent] id:11
path:384,416,448,480,512,544,576,577,609,610,642,643,644,676,677,678,679,680,681,682,682,682,682,682,682,682,682,682,682,682,682,682,682,682,682,682,682,682,682,682,682,682,682,682,682,682,682,682,682,682,
goal:682,682,682,682,682,682,682,682,682,682,682,682,682,682,682,682,682,682,682,682,682,682,682,682,682,682,682,682,682,682,682,682,682,682,682,682,682,682,682,682,682,682,682,682,682,682,682,682,682,682,
size:19
[agent] id:12
path:926,894,893,861,860,859,858,857,825,793,792,760,728,696,664,632,631,630,629,597,596,564,563,562,561,560,559,558,526,494,493,461,429,397,396,395,394,393,392,391,359,358,326,294,262,263,264,296,297,297,
goal:297,297,297,297,297,297,297,297,297,297,297,297,297,297,297,297,297,297,297,297,297,297,297,297,297,297,297,297,297,297,297,297,297,297,297,297,297,297,297,297,297,297,297,297,297,297,297,297,297,297,
size:48
[agent] id:13
path:94,126,158,190,189,188,187,219,218,217,216,248,280,312,311,310,309,308,307,306,305,304,303,302,301,300,299,299,299,299,299,299,299,299,299,299,299,299,299,299,299,299,299,299,299,299,299,299,299,299,
goal:299,299,299,299,299,299,299,299,299,299,299,299,299,299,299,299,299,299,299,299,299,299,299,299,299,299,299,299,299,299,299,299,299,299,299,299,299,299,299,299,299,299,299,299,299,299,299,299,299,299,
size:26
[agent] id:14
path:605,604,603,602,634,633,632,600,599,598,598,598,598,598,598,598,598,598,598,598,598,598,598,598,598,598,598,598,598,598,598,598,598,598,598,598,598,598,598,598,598,598,598,598,598,598,598,598,598,598,
goal:598,598,598,598,598,598,598,598,598,598,598,598,598,598,598,598,598,598,598,598,598,598,598,598,598,598,598,598,598,598,598,598,598,598,598,598,598,598,598,598,598,598,598,598,598,598,598,598,598,598,
size:9
[agent] id:15
path:525,493,461,429,397,396,364,332,300,268,236,204,172,140,140,140,140,140,140,140,140,140,140,140,140,140,140,140,140,140,140,140,140,140,140,140,140,140,140,140,140,140,140,140,140,140,140,140,140,140,
goal:140,140,140,140,140,140,140,140,140,140,140,140,140,140,140,140,140,140,140,140,140,140,140,140,140,140,140,140,140,140,140,140,140,140,140,140,140,140,140,140,140,140,140,140,140,140,140,140,140,140,
size:13
[agent] id:16
path:336,368,400,401,402,403,403,403,403,403,403,403,403,403,403,403,403,403,403,403,403,403,403,403,403,403,403,403,403,403,403,403,403,403,403,403,403,403,403,403,403,403,403,403,403,403,403,403,403,403,
goal:403,403,403,403,403,403,403,403,403,403,403,403,403,403,403,403,403,403,403,403,403,403,403,403,403,403,403,403,403,403,403,403,403,403,403,403,403,403,403,403,403,403,403,403,403,403,403,403,403,403,
size:5
[agent] id:17
path:257,258,290,322,354,355,356,357,389,390,422,423,424,456,457,489,489,489,489,489,489,489,489,489,489,489,489,489,489,489,489,489,489,489,489,489,489,489,489,489,489,489,489,489,489,489,489,489,489,489,
goal:489,489,489,489,489,489,489,489,489,489,489,489,489,489,489,489,489,489,489,489,489,489,489,489,489,489,489,489,489,489,489,489,489,489,489,489,489,489,489,489,489,489,489,489,489,489,489,489,489,489,
size:15
[agent] id:18
path:801,802,803,835,836,837,869,870,870,870,870,870,870,870,870,870,870,870,870,870,870,870,870,870,870,870,870,870,870,870,870,870,870,870,870,870,870,870,870,870,870,870,870,870,870,870,870,870,870,870,
goal:870,870,870,870,870,870,870,870,870,870,870,870,870,870,870,870,870,870,870,870,870,870,870,870,870,870,870,870,870,870,870,870,870,870,870,870,870,870,870,870,870,870,870,870,870,870,870,870,870,870,
size:7
[agent] id:19
path:659,627,626,594,593,561,529,497,465,433,401,369,337,336,304,303,271,239,207,206,174,173,172,171,139,107,75,74,73,73,73,73,73,73,73,73,73,73,73,73,73,73,73,73,73,73,73,73,73,73,
goal:73,73,73,73,73,73,73,73,73,73,73,73,73,73,73,73,73,73,73,73,73,73,73,73,73,73,73,73,73,73,73,73,73,73,73,73,73,73,73,73,73,73,73,73,73,73,73,73,73,73,
size:28
[agent] id:20
path:469,501,533,565,597,629,661,693,725,724,723,755,754,786,818,850,851,851,851,851,851,851,851,851,851,851,851,851,851,851,851,851,851,851,851,851,851,851,851,851,851,851,851,851,851,851,851,851,851,851,
goal:851,851,851,851,851,851,851,851,851,851,851,851,851,851,851,851,851,851,851,851,851,851,851,851,851,851,851,851,851,851,851,851,851,851,851,851,851,851,851,851,851,851,851,851,851,851,851,851,851,851,
size:16
[agent] id:21
path:555,556,557,589,590,622,654,686,718,750,782,814,846,878,877,909,941,973,973,973,973,973,973,973,973,973,973,973,973,973,973,973,973,973,973,973,973,973,973,973,973,973,973,973,973,973,973,973,973,973,
goal:973,973,973,973,973,973,973,973,973,973,973,973,973,973,973,973,973,973,973,973,973,973,973,973,973,973,973,973,973,973,973,973,973,973,973,973,973,973,973,973,973,973,973,973,973,973,973,973,973,973,
size:17
[agent] id:22
path:20,52,84,83,115,114,146,178,210,242,274,306,305,337,369,401,433,465,497,529,528,527,527,527,527,527,527,527,527,527,527,527,527,527,527,527,527,527,527,527,527,527,527,527,527,527,527,527,527,527,
goal:527,527,527,527,527,527,527,527,527,527,527,527,527,527,527,527,527,527,527,527,527,527,527,527,527,527,527,527,527,527,527,527,527,527,527,527,527,527,527,527,527,527,527,527,527,527,527,527,527,527,
size:21
[agent] id:23
path:622,654,686,718,750,782,814,846,878,877,909,941,940,939,938,937,936,935,967,999,998,997,997,997,997,997,997,997,997,997,997,997,997,997,997,997,997,997,997,997,997,997,997,997,997,997,997,997,997,997,
goal:997,997,997,997,997,997,997,997,997,997,997,997,997,997,997,997,997,997,997,997,997,997,997,997,997,997,997,997,997,997,997,997,997,997,997,997,997,997,997,997,997,997,997,997,997,997,997,997,997,997,
size:21
[agent] id:24
path:69,101,133,165,166,167,168,169,201,233,234,235,236,268,300,301,302,334,366,367,399,431,463,464,465,497,529,561,593,594,626,658,690,722,754,786,818,850,882,883,884,885,886,918,950,982,983,984,985,986,
goal:986,986,986,986,986,986,986,986,986,986,986,986,986,986,986,986,986,986,986,986,986,986,986,986,986,986,986,986,986,986,986,986,986,986,986,986,986,986,986,986,986,986,986,986,986,986,986,986,986,986,
size:49
[agent] id:25
path:486,518,550,551,552,553,554,555,556,557,558,559,560,561,562,563,564,565,566,567,535,536,537,569,569,569,569,569,569,569,569,569,569,569,569,569,569,569,569,569,569,569,569,569,569,569,569,569,569,569,
goal:569,569,569,569,569,569,569,569,569,569,569,569,569,569,569,569,569,569,569,569,569,569,569,569,569,569,569,569,569,569,569,569,569,569,569,569,569,569,569,569,569,569,569,569,569,569,569,569,569,569,
size:23
[agent] id:26
path:75,107,139,171,203,202,201,200,199,231,263,262,261,260,259,258,290,322,322,322,322,322,322,322,322,322,322,322,322,322,322,322,322,322,322,322,322,322,322,322,322,322,322,322,322,322,322,322,322,322,
goal:322,322,322,322,322,322,322,322,322,322,322,322,322,322,322,322,322,322,322,322,322,322,322,322,322,322,322,322,322,322,322,322,322,322,322,322,322,322,322,322,322,322,322,322,322,322,322,322,322,322,
size:17
[agent] id:27
path:643,611,579,547,515,483,451,419,420,421,389,390,391,392,393,394,395,396,364,332,300,268,269,270,271,239,240,241,209,210,211,212,213,181,182,183,184,185,186,186,186,186,186,186,186,186,186,186,186,186,
goal:186,186,186,186,186,186,186,186,186,186,186,186,186,186,186,186,186,186,186,186,186,186,186,186,186,186,186,186,186,186,186,186,186,186,186,186,186,186,186,186,186,186,186,186,186,186,186,186,186,186,
size:38
[agent] id:28
path:863,831,799,798,766,734,702,670,669,637,605,604,603,571,539,507,508,476,477,478,446,414,413,381,349,317,285,286,287,255,223,191,159,127,95,63,31,30,30,30,30,30,30,30,30,30,30,30,30,30,
goal:30,30,30,30,30,30,30,30,30,30,30,30,30,30,30,30,30,30,30,30,30,30,30,30,30,30,30,30,30,30,30,30,30,30,30,30,30,30,30,30,30,30,30,30,30,30,30,30,30,30,
size:37
[agent] id:29
path:344,345,377,378,379,347,315,315,315,315,315,315,315,315,315,315,315,315,315,315,315,315,315,315,315,315,315,315,315,315,315,315,315,315,315,315,315,315,315,315,315,315,315,315,315,315,315,315,315,315,
goal:315,315,315,315,315,315,315,315,315,315,315,315,315,315,315,315,315,315,315,315,315,315,315,315,315,315,315,315,315,315,315,315,315,315,315,315,315,315,315,315,315,315,315,315,315,315,315,315,315,315,
size:6
SolutionCost:652
