[setting] seed:7136
[solver] type:SASB-ECBS
[solver] w:2.000000
[solver] ID:0
[solver] Lowlevelnode:6065
[solver] Highlevelnode:17
[solver] ConflictCount:9
[solver] solved:1
[solver] elapsed:55
[solver] makespan:47
[problem] timesteplimit:15000
[problem] type:MAPF
[problem] agentnum:30
[graph] width:32
[graph] height:32
[graph] filename:./map/32by32_agents10_ex30.map
[task] id:7,start:0,end:0,service time:0,nodes:2,
[task] id:16,start:0,end:0,service time:0,nodes:702,
[task] id:25,start:0,end:0,service time:0,nodes:621,
[task] id:0,start:0,end:0,service time:0,nodes:547,
[task] id:18,start:0,end:0,service time:0,nodes:432,
[task] id:1,start:0,end:0,service time:0,nodes:7,
[task] id:4,start:0,end:0,service time:0,nodes:202,
[task] id:20,start:0,end:0,service time:0,nodes:597,
[task] id:5,start:0,end:0,service time:0,nodes:464,
[task] id:22,start:0,end:0,service time:0,nodes:922,
[task] id:24,start:0,end:0,service time:0,nodes:758,
[task] id:27,start:0,end:0,service time:0,nodes:482,
[task] id:21,start:0,end:0,service time:0,nodes:172,
[task] id:2,start:0,end:0,service time:0,nodes:1017,
[task] id:10,start:0,end:0,service time:0,nodes:84,
[task] id:12,start:0,end:0,service time:0,nodes:877,
[task] id:23,start:0,end:0,service time:0,nodes:974,
[task] id:19,start:0,end:0,service time:0,nodes:863,
[task] id:8,start:0,end:0,service time:0,nodes:5,
[task] id:15,start:0,end:0,service time:0,nodes:816,
[task] id:13,start:0,end:0,service time:0,nodes:168,
[task] id:14,start:0,end:0,service time:0,nodes:893,
[task] id:17,start:0,end:0,service time:0,nodes:44,
[task] id:29,start:0,end:0,service time:0,nodes:855,
[task] id:26,start:0,end:0,service time:0,nodes:417,
[task] id:6,start:0,end:0,service time:0,nodes:19,
[task] id:28,start:0,end:0,service time:0,nodes:884,
[task] id:9,start:0,end:0,service time:0,nodes:841,
[task] id:3,start:0,end:0,service time:0,nodes:255,
[task] id:11,start:0,end:0,service time:0,nodes:229,
[agent] id:0
path:867,835,803,771,739,707,708,676,644,612,611,579,547,547,547,547,547,547,547,547,547,547,547,547,547,547,547,547,547,547,547,547,547,547,547,547,547,547,547,547,547,547,547,547,547,547,547,547,
goal:547,547,547,547,547,547,547,547,547,547,547,547,547,547,547,547,547,547,547,547,547,547,547,547,547,547,547,547,547,547,547,547,547,547,547,547,547,547,547,547,547,547,547,547,547,547,547,547,
size:12
[agent] id:1
path:49,48,80,79,78,77,45,13,12,11,10,9,8,7,7,7,7,7,7,7,7,7,7,7,7,7,7,7,7,7,7,7,7,7,7,7,7,7,7,7,7,7,7,7,7,7,7,7,
goal:7,7,7,7,7,7,7,7,7,7,7,7,7,7,7,7,7,7,7,7,7,7,7,7,7,7,7,7,7,7,7,7,7,7,7,7,7,7,7,7,7,7,7,7,7,7,7,7,
size:13
[agent] id:2
path:680,712,744,776,808,840,841,842,874,875,876,877,878,879,880,881,882,883,884,885,886,918,950,982,983,1015,1016,1017,1017,1017,1017,1017,1017,1017,1017,1017,1017,1017,1017,1017,1017,1017,1017,1017,1017,1017,1017,1017,
goal:1017,1017,1017,1017,1017,1017,1017,1017,1017,1017,1017,1017,1017,1017,1017,1017,1017,1017,1017,1017,1017,1017,1017,1017,1017,1017,1017,1017,1017,1017,1017,1017,1017,1017,1017,1017,1017,1017,1017,1017,1017,1017,1017,1017,1017,1017,1017,1017,
size:27
[agent] id:3
path:802,770,738,706,707,708,676,644,612,613,614,582,550,551,552,553,554,555,556,524,525,526,527,528,529,497,465,433,434,435,436,437,405,373,374,375,376,377,378,379,347,315,316,317,285,286,287,255,
goal:255,255,255,255,255,255,255,255,255,255,255,255,255,255,255,255,255,255,255,255,255,255,255,255,255,255,255,255,255,255,255,255,255,255,255,255,255,255,255,255,255,255,255,255,255,255,255,255,
size:47
[agent] id:4
path:484,452,420,421,389,357,358,326,294,262,230,231,199,200,201,202,202,202,202,202,202,202,202,202,202,202,202,202,202,202,202,202,202,202,202,202,202,202,202,202,202,202,202,202,202,202,202,202,
goal:202,202,202,202,202,202,202,202,202,202,202,202,202,202,202,202,202,202,202,202,202,202,202,202,202,202,202,202,202,202,202,202,202,202,202,202,202,202,202,202,202,202,202,202,202,202,202,202,
size:15
[agent] id:5
path:549,550,551,552,553,554,555,556,524,525,526,527,528,529,497,465,464,464,464,464,464,464,464,464,464,464,464,464,464,464,464,464,464,464,464,464,464,464,464,464,464,464,464,464,464,464,464,464,
goal:464,464,464,464,464,464,464,464,464,464,464,464,464,464,464,464,464,464,464,464,464,464,464,464,464,464,464,464,464,464,464,464,464,464,464,464,464,464,464,464,464,464,464,464,464,464,464,464,
size:16
[agent] id:6
path:676,644,612,613,614,582,550,551,552,553,554,555,556,524,525,526,527,528,529,497,465,433,401,369,337,305,273,241,209,177,145,113,81,49,17,18,19,19,19,19,19,19,19,19,19,19,19,19,
goal:19,19,19,19,19,19,19,19,19,19,19,19,19,19,19,19,19,19,19,19,19,19,19,19,19,19,19,19,19,19,19,19,19,19,19,19,19,19,19,19,19,19,19,19,19,19,19,19,
size:36
[agent] id:7
path:67,35,3,2,2,2,2,2,2,2,2,2,2,2,2,2,2,2,2,2,2,2,2,2,2,2,2,2,2,2,2,2,2,2,2,2,2,2,2,2,2,2,2,2,2,2,2,2,
goal:2,2,2,2,2,2,2,2,2,2,2,2,2,2,2,2,2,2,2,2,2,2,2,2,2,2,2,2,2,2,2,2,2,2,2,2,2,2,2,2,2,2,2,2,2,2,2,2,
size:3
[agent] id:8
path:747,715,683,651,619,618,617,616,584,552,520,519,487,486,454,422,390,358,326,294,262,230,229,197,165,133,101,69,37,5,5,5,5,5,5,5,5,5,5,5,5,5,5,5,5,5,5,5,
goal:5,5,5,5,5,5,5,5,5,5,5,5,5,5,5,5,5,5,5,5,5,5,5,5,5,5,5,5,5,5,5,5,5,5,5,5,5,5,5,5,5,5,5,5,5,5,5,5,
size:29
[agent] id:9
path:27,26,58,90,122,121,153,152,151,150,150,182,214,213,245,277,309,341,373,405,437,469,501,533,565,564,596,628,660,692,724,723,755,754,786,818,850,849,848,847,846,845,844,843,842,841,841,841,
goal:841,841,841,841,841,841,841,841,841,841,841,841,841,841,841,841,841,841,841,841,841,841,841,841,841,841,841,841,841,841,841,841,841,841,841,841,841,841,841,841,841,841,841,841,841,841,841,841,
size:45
[agent] id:10
path:717,685,653,621,589,557,525,526,527,528,529,497,465,433,401,369,337,305,273,241,209,177,145,113,81,82,83,84,84,84,84,84,84,84,84,84,84,84,84,84,84,84,84,84,84,84,84,84,
goal:84,84,84,84,84,84,84,84,84,84,84,84,84,84,84,84,84,84,84,84,84,84,84,84,84,84,84,84,84,84,84,84,84,84,84,84,84,84,84,84,84,84,84,84,84,84,84,84,
size:27
[agent] id:11
path:927,895,863,831,799,798,766,734,733,701,669,637,636,635,634,633,632,631,630,629,628,596,564,563,531,530,529,528,527,526,494,493,461,429,397,396,395,394,393,392,391,359,358,326,294,262,230,229,
goal:229,229,229,229,229,229,229,229,229,229,229,229,229,229,229,229,229,229,229,229,229,229,229,229,229,229,229,229,229,229,229,229,229,229,229,229,229,229,229,229,229,229,229,229,229,229,229,229,
size:47
[agent] id:12
path:607,606,605,637,636,635,634,633,632,664,663,662,661,693,692,691,690,722,754,786,818,850,882,881,880,879,878,877,877,877,877,877,877,877,877,877,877,877,877,877,877,877,877,877,877,877,877,877,
goal:877,877,877,877,877,877,877,877,877,877,877,877,877,877,877,877,877,877,877,877,877,877,877,877,877,877,877,877,877,877,877,877,877,877,877,877,877,877,877,877,877,877,877,877,877,877,877,877,
size:27
[agent] id:13
path:847,846,814,782,750,718,686,654,622,590,558,526,494,493,461,429,397,396,364,332,331,299,300,268,236,235,234,233,201,169,168,168,168,168,168,168,168,168,168,168,168,168,168,168,168,168,168,168,
goal:168,168,168,168,168,168,168,168,168,168,168,168,168,168,168,168,168,168,168,168,168,168,168,168,168,168,168,168,168,168,168,168,168,168,168,168,168,168,168,168,168,168,168,168,168,168,168,168,
size:30
[agent] id:14
path:615,647,648,649,650,651,652,653,685,686,687,688,720,721,722,723,724,725,726,727,759,791,823,824,825,857,858,859,860,892,893,893,893,893,893,893,893,893,893,893,893,893,893,893,893,893,893,893,
goal:893,893,893,893,893,893,893,893,893,893,893,893,893,893,893,893,893,893,893,893,893,893,893,893,893,893,893,893,893,893,893,893,893,893,893,893,893,893,893,893,893,893,893,893,893,893,893,893,
size:30
[agent] id:15
path:417,449,450,482,514,515,547,579,611,643,644,676,708,709,710,711,712,713,714,715,716,717,749,781,782,814,846,847,848,816,816,816,816,816,816,816,816,816,816,816,816,816,816,816,816,816,816,816,
goal:816,816,816,816,816,816,816,816,816,816,816,816,816,816,816,816,816,816,816,816,816,816,816,816,816,816,816,816,816,816,816,816,816,816,816,816,816,816,816,816,816,816,816,816,816,816,816,816,
size:29
[agent] id:16
path:797,765,733,701,702,702,702,702,702,702,702,702,702,702,702,702,702,702,702,702,702,702,702,702,702,702,702,702,702,702,702,702,702,702,702,702,702,702,702,702,702,702,702,702,702,702,702,702,
goal:702,702,702,702,702,702,702,702,702,702,702,702,702,702,702,702,702,702,702,702,702,702,702,702,702,702,702,702,702,702,702,702,702,702,702,702,702,702,702,702,702,702,702,702,702,702,702,702,
size:4
[agent] id:17
path:743,711,679,647,615,583,551,519,487,486,454,422,390,358,326,294,262,230,231,199,167,135,103,71,39,40,41,42,10,11,12,44,44,44,44,44,44,44,44,44,44,44,44,44,44,44,44,44,
goal:44,44,44,44,44,44,44,44,44,44,44,44,44,44,44,44,44,44,44,44,44,44,44,44,44,44,44,44,44,44,44,44,44,44,44,44,44,44,44,44,44,44,44,44,44,44,44,44,
size:31
[agent] id:18
path:312,344,376,408,407,439,438,437,436,435,434,433,432,432,432,432,432,432,432,432,432,432,432,432,432,432,432,432,432,432,432,432,432,432,432,432,432,432,432,432,432,432,432,432,432,432,432,432,
goal:432,432,432,432,432,432,432,432,432,432,432,432,432,432,432,432,432,432,432,432,432,432,432,432,432,432,432,432,432,432,432,432,432,432,432,432,432,432,432,432,432,432,432,432,432,432,432,432,
size:12
[agent] id:19
path:808,840,841,842,843,844,845,846,847,848,849,850,851,852,853,854,855,823,824,825,857,858,859,860,861,893,894,895,863,863,863,863,863,863,863,863,863,863,863,863,863,863,863,863,863,863,863,863,
goal:863,863,863,863,863,863,863,863,863,863,863,863,863,863,863,863,863,863,863,863,863,863,863,863,863,863,863,863,863,863,863,863,863,863,863,863,863,863,863,863,863,863,863,863,863,863,863,863,
size:28
[agent] id:20
path:879,847,848,849,850,818,786,754,722,690,658,626,627,628,596,597,597,597,597,597,597,597,597,597,597,597,597,597,597,597,597,597,597,597,597,597,597,597,597,597,597,597,597,597,597,597,597,597,
goal:597,597,597,597,597,597,597,597,597,597,597,597,597,597,597,597,597,597,597,597,597,597,597,597,597,597,597,597,597,597,597,597,597,597,597,597,597,597,597,597,597,597,597,597,597,597,597,597,
size:15
[agent] id:21
path:223,191,190,189,188,187,186,185,184,183,182,181,213,212,211,210,178,177,176,144,143,142,174,173,172,172,172,172,172,172,172,172,172,172,172,172,172,172,172,172,172,172,172,172,172,172,172,172,
goal:172,172,172,172,172,172,172,172,172,172,172,172,172,172,172,172,172,172,172,172,172,172,172,172,172,172,172,172,172,172,172,172,172,172,172,172,172,172,172,172,172,172,172,172,172,172,172,172,
size:24
[agent] id:22
path:655,687,688,720,752,753,785,786,818,850,882,883,884,885,886,918,919,920,921,922,922,922,922,922,922,922,922,922,922,922,922,922,922,922,922,922,922,922,922,922,922,922,922,922,922,922,922,922,
goal:922,922,922,922,922,922,922,922,922,922,922,922,922,922,922,922,922,922,922,922,922,922,922,922,922,922,922,922,922,922,922,922,922,922,922,922,922,922,922,922,922,922,922,922,922,922,922,922,
size:19
[agent] id:23
path:306,305,337,369,401,433,465,497,529,561,593,592,591,623,655,687,686,718,750,782,814,846,878,877,909,941,973,974,974,974,974,974,974,974,974,974,974,974,974,974,974,974,974,974,974,974,974,974,
goal:974,974,974,974,974,974,974,974,974,974,974,974,974,974,974,974,974,974,974,974,974,974,974,974,974,974,974,974,974,974,974,974,974,974,974,974,974,974,974,974,974,974,974,974,974,974,974,974,
size:27
[agent] id:24
path:972,940,908,876,844,845,846,847,848,849,850,851,852,853,821,822,823,791,759,758,758,758,758,758,758,758,758,758,758,758,758,758,758,758,758,758,758,758,758,758,758,758,758,758,758,758,758,758,
goal:758,758,758,758,758,758,758,758,758,758,758,758,758,758,758,758,758,758,758,758,758,758,758,758,758,758,758,758,758,758,758,758,758,758,758,758,758,758,758,758,758,758,758,758,758,758,758,758,
size:19
[agent] id:25
path:424,456,457,489,521,553,554,555,556,557,589,621,621,621,621,621,621,621,621,621,621,621,621,621,621,621,621,621,621,621,621,621,621,621,621,621,621,621,621,621,621,621,621,621,621,621,621,621,
goal:621,621,621,621,621,621,621,621,621,621,621,621,621,621,621,621,621,621,621,621,621,621,621,621,621,621,621,621,621,621,621,621,621,621,621,621,621,621,621,621,621,621,621,621,621,621,621,621,
size:11
[agent] id:26
path:155,187,219,218,217,216,248,280,312,311,310,309,308,307,306,305,304,303,302,301,300,332,364,396,395,394,393,392,424,423,422,421,420,419,418,417,417,417,417,417,417,417,417,417,417,417,417,417,
goal:417,417,417,417,417,417,417,417,417,417,417,417,417,417,417,417,417,417,417,417,417,417,417,417,417,417,417,417,417,417,417,417,417,417,417,417,417,417,417,417,417,417,417,417,417,417,417,417,
size:35
[agent] id:27
path:99,67,68,69,101,133,165,197,229,261,260,259,258,290,322,354,353,385,417,449,450,482,482,482,482,482,482,482,482,482,482,482,482,482,482,482,482,482,482,482,482,482,482,482,482,482,482,482,
goal:482,482,482,482,482,482,482,482,482,482,482,482,482,482,482,482,482,482,482,482,482,482,482,482,482,482,482,482,482,482,482,482,482,482,482,482,482,482,482,482,482,482,482,482,482,482,482,482,
size:21
[agent] id:28
path:256,288,320,352,384,416,448,480,512,544,576,577,609,641,673,705,737,738,770,802,803,835,836,837,838,839,840,841,842,843,844,845,846,878,879,880,881,882,883,884,884,884,884,884,884,884,884,884,
goal:884,884,884,884,884,884,884,884,884,884,884,884,884,884,884,884,884,884,884,884,884,884,884,884,884,884,884,884,884,884,884,884,884,884,884,884,884,884,884,884,884,884,884,884,884,884,884,884,
size:39
[agent] id:29
path:52,84,83,115,114,146,178,210,211,212,213,245,277,309,341,373,405,437,469,501,533,565,566,598,630,662,663,695,727,759,791,823,855,855,855,855,855,855,855,855,855,855,855,855,855,855,855,855,
goal:855,855,855,855,855,855,855,855,855,855,855,855,855,855,855,855,855,855,855,855,855,855,855,855,855,855,855,855,855,855,855,855,855,855,855,855,855,855,855,855,855,855,855,855,855,855,855,855,
size:32
SolutionCost:750
