[setting] seed:9030
[solver] type:SASB-ECBS
[solver] w:2.000000
[solver] ID:0
[solver] Lowlevelnode:11998
[solver] Highlevelnode:23
[solver] ConflictCount:12
[solver] solved:1
[solver] elapsed:66
[solver] makespan:50
[problem] timesteplimit:15000
[problem] type:MAPF
[problem] agentnum:30
[graph] width:32
[graph] height:32
[graph] filename:./map/32by32_agents10_ex30.map
[task] id:9,start:0,end:0,service time:0,nodes:633,
[task] id:17,start:0,end:0,service time:0,nodes:243,
[task] id:15,start:0,end:0,service time:0,nodes:203,
[task] id:10,start:0,end:0,service time:0,nodes:592,
[task] id:2,start:0,end:0,service time:0,nodes:206,
[task] id:16,start:0,end:0,service time:0,nodes:450,
[task] id:26,start:0,end:0,service time:0,nodes:518,
[task] id:4,start:0,end:0,service time:0,nodes:429,
[task] id:27,start:0,end:0,service time:0,nodes:527,
[task] id:25,start:0,end:0,service time:0,nodes:192,
[task] id:29,start:0,end:0,service time:0,nodes:374,
[task] id:21,start:0,end:0,service time:0,nodes:571,
[task] id:3,start:0,end:0,service time:0,nodes:297,
[task] id:28,start:0,end:0,service time:0,nodes:799,
[task] id:0,start:0,end:0,service time:0,nodes:460,
[task] id:6,start:0,end:0,service time:0,nodes:482,
[task] id:20,start:0,end:0,service time:0,nodes:215,
[task] id:7,start:0,end:0,service time:0,nodes:850,
[task] id:14,start:0,end:0,service time:0,nodes:611,
[task] id:11,start:0,end:0,service time:0,nodes:720,
[task] id:22,start:0,end:0,service time:0,nodes:855,
[task] id:5,start:0,end:0,service time:0,nodes:794,
[task] id:8,start:0,end:0,service time:0,nodes:199,
[task] id:1,start:0,end:0,service time:0,nodes:92,
[task] id:12,start:0,end:0,service time:0,nodes:11,
[task] id:19,start:0,end:0,service time:0,nodes:378,
[task] id:13,start:0,end:0,service time:0,nodes:60,
[task] id:23,start:0,end:0,service time:0,nodes:472,
[task] id:18,start:0,end:0,service time:0,nodes:134,
[task] id:24,start:0,end:0,service time:0,nodes:163,
[agent] id:0
path:702,701,700,699,698,697,696,664,663,662,661,660,659,658,657,656,655,623,591,559,558,557,525,525,493,461,460,460,460,460,460,460,460,460,460,460,460,460,460,460,460,460,460,460,460,460,460,460,460,460,460,
goal:460,460,460,460,460,460,460,460,460,460,460,460,460,460,460,460,460,460,460,460,460,460,460,460,460,460,460,460,460,460,460,460,460,460,460,460,460,460,460,460,460,460,460,460,460,460,460,460,460,460,460,
size:26
[agent] id:1
path:734,702,670,669,637,636,635,634,602,570,538,537,536,504,472,473,441,409,377,345,313,281,280,248,216,184,152,120,88,89,90,91,92,92,92,92,92,92,92,92,92,92,92,92,92,92,92,92,92,92,92,
goal:92,92,92,92,92,92,92,92,92,92,92,92,92,92,92,92,92,92,92,92,92,92,92,92,92,92,92,92,92,92,92,92,92,92,92,92,92,92,92,92,92,92,92,92,92,92,92,92,92,92,92,
size:32
[agent] id:2
path:309,308,307,306,274,242,241,240,239,207,206,206,206,206,206,206,206,206,206,206,206,206,206,206,206,206,206,206,206,206,206,206,206,206,206,206,206,206,206,206,206,206,206,206,206,206,206,206,206,206,206,
goal:206,206,206,206,206,206,206,206,206,206,206,206,206,206,206,206,206,206,206,206,206,206,206,206,206,206,206,206,206,206,206,206,206,206,206,206,206,206,206,206,206,206,206,206,206,206,206,206,206,206,206,
size:10
[agent] id:3
path:18,50,82,114,146,145,144,143,142,174,173,172,171,139,138,137,169,201,200,199,231,263,264,296,297,297,297,297,297,297,297,297,297,297,297,297,297,297,297,297,297,297,297,297,297,297,297,297,297,297,297,
goal:297,297,297,297,297,297,297,297,297,297,297,297,297,297,297,297,297,297,297,297,297,297,297,297,297,297,297,297,297,297,297,297,297,297,297,297,297,297,297,297,297,297,297,297,297,297,297,297,297,297,297,
size:24
[agent] id:4
path:610,578,579,547,515,516,517,518,519,520,521,489,457,458,426,427,428,429,429,429,429,429,429,429,429,429,429,429,429,429,429,429,429,429,429,429,429,429,429,429,429,429,429,429,429,429,429,429,429,429,429,
goal:429,429,429,429,429,429,429,429,429,429,429,429,429,429,429,429,429,429,429,429,429,429,429,429,429,429,429,429,429,429,429,429,429,429,429,429,429,429,429,429,429,429,429,429,429,429,429,429,429,429,429,
size:17
[agent] id:5
path:673,705,706,707,708,709,710,711,712,713,714,715,716,717,718,686,687,688,720,721,722,723,724,725,757,758,759,791,792,793,794,794,794,794,794,794,794,794,794,794,794,794,794,794,794,794,794,794,794,794,794,
goal:794,794,794,794,794,794,794,794,794,794,794,794,794,794,794,794,794,794,794,794,794,794,794,794,794,794,794,794,794,794,794,794,794,794,794,794,794,794,794,794,794,794,794,794,794,794,794,794,794,794,794,
size:30
[agent] id:6
path:77,78,110,142,174,206,205,204,236,268,300,332,364,396,395,394,393,392,424,423,422,454,486,485,484,483,482,482,482,482,482,482,482,482,482,482,482,482,482,482,482,482,482,482,482,482,482,482,482,482,482,
goal:482,482,482,482,482,482,482,482,482,482,482,482,482,482,482,482,482,482,482,482,482,482,482,482,482,482,482,482,482,482,482,482,482,482,482,482,482,482,482,482,482,482,482,482,482,482,482,482,482,482,482,
size:26
[agent] id:7
path:110,142,174,206,207,239,271,303,304,336,368,400,432,464,465,497,529,561,593,594,626,658,690,722,754,786,818,850,850,850,850,850,850,850,850,850,850,850,850,850,850,850,850,850,850,850,850,850,850,850,850,
goal:850,850,850,850,850,850,850,850,850,850,850,850,850,850,850,850,850,850,850,850,850,850,850,850,850,850,850,850,850,850,850,850,850,850,850,850,850,850,850,850,850,850,850,850,850,850,850,850,850,850,850,
size:27
[agent] id:8
path:570,538,537,536,535,534,533,501,469,437,405,373,341,309,308,307,306,305,304,303,271,270,269,268,236,235,234,202,201,200,199,199,199,199,199,199,199,199,199,199,199,199,199,199,199,199,199,199,199,199,199,
goal:199,199,199,199,199,199,199,199,199,199,199,199,199,199,199,199,199,199,199,199,199,199,199,199,199,199,199,199,199,199,199,199,199,199,199,199,199,199,199,199,199,199,199,199,199,199,199,199,199,199,199,
size:30
[agent] id:9
path:635,634,633,633,633,633,633,633,633,633,633,633,633,633,633,633,633,633,633,633,633,633,633,633,633,633,633,633,633,633,633,633,633,633,633,633,633,633,633,633,633,633,633,633,633,633,633,633,633,633,633,
goal:633,633,633,633,633,633,633,633,633,633,633,633,633,633,633,633,633,633,633,633,633,633,633,633,633,633,633,633,633,633,633,633,633,633,633,633,633,633,633,633,633,633,633,633,633,633,633,633,633,633,633,
size:2
[agent] id:10
path:463,464,465,497,529,561,593,592,592,592,592,592,592,592,592,592,592,592,592,592,592,592,592,592,592,592,592,592,592,592,592,592,592,592,592,592,592,592,592,592,592,592,592,592,592,592,592,592,592,592,592,
goal:592,592,592,592,592,592,592,592,592,592,592,592,592,592,592,592,592,592,592,592,592,592,592,592,592,592,592,592,592,592,592,592,592,592,592,592,592,592,592,592,592,592,592,592,592,592,592,592,592,592,592,
size:7
[agent] id:11
path:42,74,106,138,139,171,172,172,204,236,268,300,332,364,396,428,460,461,493,525,557,589,621,653,685,686,687,688,720,720,720,720,720,720,720,720,720,720,720,720,720,720,720,720,720,720,720,720,720,720,720,
goal:720,720,720,720,720,720,720,720,720,720,720,720,720,720,720,720,720,720,720,720,720,720,720,720,720,720,720,720,720,720,720,720,720,720,720,720,720,720,720,720,720,720,720,720,720,720,720,720,720,720,720,
size:28
[agent] id:12
path:843,811,779,747,715,683,651,619,620,621,589,557,525,493,461,429,397,396,364,332,300,268,236,204,172,140,139,107,75,74,42,10,11,11,11,11,11,11,11,11,11,11,11,11,11,11,11,11,11,11,11,
goal:11,11,11,11,11,11,11,11,11,11,11,11,11,11,11,11,11,11,11,11,11,11,11,11,11,11,11,11,11,11,11,11,11,11,11,11,11,11,11,11,11,11,11,11,11,11,11,11,11,11,11,
size:32
[agent] id:13
path:703,671,639,607,606,605,604,603,571,539,507,508,476,477,478,446,414,413,381,349,317,285,286,287,255,223,191,159,127,95,63,62,61,60,60,60,60,60,60,60,60,60,60,60,60,60,60,60,60,60,60,
goal:60,60,60,60,60,60,60,60,60,60,60,60,60,60,60,60,60,60,60,60,60,60,60,60,60,60,60,60,60,60,60,60,60,60,60,60,60,60,60,60,60,60,60,60,60,60,60,60,60,60,60,
size:33
[agent] id:14
path:700,699,698,697,696,664,663,662,661,660,659,658,657,656,655,623,622,621,620,619,618,617,616,615,614,613,612,611,611,611,611,611,611,611,611,611,611,611,611,611,611,611,611,611,611,611,611,611,611,611,611,
goal:611,611,611,611,611,611,611,611,611,611,611,611,611,611,611,611,611,611,611,611,611,611,611,611,611,611,611,611,611,611,611,611,611,611,611,611,611,611,611,611,611,611,611,611,611,611,611,611,611,611,611,
size:27
[agent] id:15
path:239,207,206,205,204,203,203,203,203,203,203,203,203,203,203,203,203,203,203,203,203,203,203,203,203,203,203,203,203,203,203,203,203,203,203,203,203,203,203,203,203,203,203,203,203,203,203,203,203,203,203,
goal:203,203,203,203,203,203,203,203,203,203,203,203,203,203,203,203,203,203,203,203,203,203,203,203,203,203,203,203,203,203,203,203,203,203,203,203,203,203,203,203,203,203,203,203,203,203,203,203,203,203,203,
size:5
[agent] id:16
path:395,394,393,392,424,423,422,454,453,452,451,450,450,450,450,450,450,450,450,450,450,450,450,450,450,450,450,450,450,450,450,450,450,450,450,450,450,450,450,450,450,450,450,450,450,450,450,450,450,450,450,
goal:450,450,450,450,450,450,450,450,450,450,450,450,450,450,450,450,450,450,450,450,450,450,450,450,450,450,450,450,450,450,450,450,450,450,450,450,450,450,450,450,450,450,450,450,450,450,450,450,450,450,450,
size:11
[agent] id:17
path:213,212,211,243,243,243,243,243,243,243,243,243,243,243,243,243,243,243,243,243,243,243,243,243,243,243,243,243,243,243,243,243,243,243,243,243,243,243,243,243,243,243,243,243,243,243,243,243,243,243,243,
goal:243,243,243,243,243,243,243,243,243,243,243,243,243,243,243,243,243,243,243,243,243,243,243,243,243,243,243,243,243,243,243,243,243,243,243,243,243,243,243,243,243,243,243,243,243,243,243,243,243,243,243,
size:3
[agent] id:18
path:982,950,918,886,854,853,852,851,819,818,786,754,722,690,658,626,594,562,530,498,466,434,402,401,369,337,305,304,303,271,270,269,268,236,204,172,140,139,138,137,136,135,134,134,134,134,134,134,134,134,134,
goal:134,134,134,134,134,134,134,134,134,134,134,134,134,134,134,134,134,134,134,134,134,134,134,134,134,134,134,134,134,134,134,134,134,134,134,134,134,134,134,134,134,134,134,134,134,134,134,134,134,134,134,
size:42
[agent] id:19
path:709,677,645,613,614,582,550,551,552,553,554,555,556,524,525,526,527,528,529,497,465,433,434,435,436,437,405,406,407,375,376,377,378,378,378,378,378,378,378,378,378,378,378,378,378,378,378,378,378,378,378,
goal:378,378,378,378,378,378,378,378,378,378,378,378,378,378,378,378,378,378,378,378,378,378,378,378,378,378,378,378,378,378,378,378,378,378,378,378,378,378,378,378,378,378,378,378,378,378,378,378,378,378,378,
size:32
[agent] id:20
path:851,819,818,786,754,722,690,658,626,594,562,530,498,466,434,435,436,437,405,373,341,309,277,245,213,214,215,215,215,215,215,215,215,215,215,215,215,215,215,215,215,215,215,215,215,215,215,215,215,215,215,
goal:215,215,215,215,215,215,215,215,215,215,215,215,215,215,215,215,215,215,215,215,215,215,215,215,215,215,215,215,215,215,215,215,215,215,215,215,215,215,215,215,215,215,215,215,215,215,215,215,215,215,215,
size:26
[agent] id:21
path:912,880,848,849,850,818,786,754,722,723,724,725,726,727,695,696,697,698,699,667,635,603,571,571,571,571,571,571,571,571,571,571,571,571,571,571,571,571,571,571,571,571,571,571,571,571,571,571,571,571,571,
goal:571,571,571,571,571,571,571,571,571,571,571,571,571,571,571,571,571,571,571,571,571,571,571,571,571,571,571,571,571,571,571,571,571,571,571,571,571,571,571,571,571,571,571,571,571,571,571,571,571,571,571,
size:22
[agent] id:22
path:87,119,151,183,215,247,279,311,310,342,374,406,438,470,469,501,533,565,597,629,661,693,725,757,758,759,791,823,855,855,855,855,855,855,855,855,855,855,855,855,855,855,855,855,855,855,855,855,855,855,855,
goal:855,855,855,855,855,855,855,855,855,855,855,855,855,855,855,855,855,855,855,855,855,855,855,855,855,855,855,855,855,855,855,855,855,855,855,855,855,855,855,855,855,855,855,855,855,855,855,855,855,855,855,
size:28
[agent] id:23
path:2,3,35,67,68,69,101,133,165,166,167,199,200,201,233,234,235,236,268,300,301,302,303,304,305,306,307,308,309,341,373,405,406,407,408,409,441,473,472,472,472,472,472,472,472,472,472,472,472,472,472,
goal:472,472,472,472,472,472,472,472,472,472,472,472,472,472,472,472,472,472,472,472,472,472,472,472,472,472,472,472,472,472,472,472,472,472,472,472,472,472,472,472,472,472,472,472,472,472,472,472,472,472,472,
size:38
[agent] id:24
path:574,606,605,604,603,571,539,538,537,536,535,567,566,565,564,563,531,531,563,562,561,560,559,558,557,556,555,554,522,490,458,426,394,393,392,391,359,358,326,294,262,261,260,259,258,257,225,193,161,162,163,
goal:163,163,163,163,163,163,163,163,163,163,163,163,163,163,163,163,163,163,163,163,163,163,163,163,163,163,163,163,163,163,163,163,163,163,163,163,163,163,163,163,163,163,163,163,163,163,163,163,163,163,163,
size:50
[agent] id:25
path:271,270,269,268,236,235,234,202,201,200,199,231,263,262,261,260,259,258,257,225,193,192,192,192,192,192,192,192,192,192,192,192,192,192,192,192,192,192,192,192,192,192,192,192,192,192,192,192,192,192,192,
goal:192,192,192,192,192,192,192,192,192,192,192,192,192,192,192,192,192,192,192,192,192,192,192,192,192,192,192,192,192,192,192,192,192,192,192,192,192,192,192,192,192,192,192,192,192,192,192,192,192,192,192,
size:21
[agent] id:26
path:103,135,167,199,231,263,262,294,326,358,390,422,454,486,518,518,518,518,518,518,518,518,518,518,518,518,518,518,518,518,518,518,518,518,518,518,518,518,518,518,518,518,518,518,518,518,518,518,518,518,518,
goal:518,518,518,518,518,518,518,518,518,518,518,518,518,518,518,518,518,518,518,518,518,518,518,518,518,518,518,518,518,518,518,518,518,518,518,518,518,518,518,518,518,518,518,518,518,518,518,518,518,518,518,
size:14
[agent] id:27
path:969,937,938,906,874,842,810,778,779,747,715,683,651,619,620,621,589,557,525,526,527,527,527,527,527,527,527,527,527,527,527,527,527,527,527,527,527,527,527,527,527,527,527,527,527,527,527,527,527,527,527,
goal:527,527,527,527,527,527,527,527,527,527,527,527,527,527,527,527,527,527,527,527,527,527,527,527,527,527,527,527,527,527,527,527,527,527,527,527,527,527,527,527,527,527,527,527,527,527,527,527,527,527,527,
size:20
[agent] id:28
path:1006,974,942,943,911,879,847,848,849,850,851,852,853,821,822,823,791,792,793,794,795,796,797,798,799,799,799,799,799,799,799,799,799,799,799,799,799,799,799,799,799,799,799,799,799,799,799,799,799,799,799,
goal:799,799,799,799,799,799,799,799,799,799,799,799,799,799,799,799,799,799,799,799,799,799,799,799,799,799,799,799,799,799,799,799,799,799,799,799,799,799,799,799,799,799,799,799,799,799,799,799,799,799,799,
size:24
[agent] id:29
path:852,851,819,818,786,754,722,690,658,626,594,562,530,498,466,434,435,436,437,405,373,374,374,374,374,374,374,374,374,374,374,374,374,374,374,374,374,374,374,374,374,374,374,374,374,374,374,374,374,374,374,
goal:374,374,374,374,374,374,374,374,374,374,374,374,374,374,374,374,374,374,374,374,374,374,374,374,374,374,374,374,374,374,374,374,374,374,374,374,374,374,374,374,374,374,374,374,374,374,374,374,374,374,374,
size:21
SolutionCost:708
