[setting] seed:25414
[solver] type:SASB-ECBS
[solver] w:2.000000
[solver] ID:0
[solver] Lowlevelnode:11030
[solver] Highlevelnode:21
[solver] ConflictCount:11
[solver] solved:1
[solver] elapsed:68
[solver] makespan:46
[problem] timesteplimit:15000
[problem] type:MAPF
[problem] agentnum:30
[graph] width:32
[graph] height:32
[graph] filename:./map/32by32_agents10_ex30.map
[task] id:25,start:0,end:0,service time:0,nodes:626,
[task] id:2,start:0,end:0,service time:0,nodes:615,
[task] id:24,start:0,end:0,service time:0,nodes:29,
[task] id:3,start:0,end:0,service time:0,nodes:573,
[task] id:19,start:0,end:0,service time:0,nodes:640,
[task] id:13,start:0,end:0,service time:0,nodes:356,
[task] id:14,start:0,end:0,service time:0,nodes:566,
[task] id:28,start:0,end:0,service time:0,nodes:19,
[task] id:15,start:0,end:0,service time:0,nodes:628,
[task] id:6,start:0,end:0,service time:0,nodes:184,
[task] id:17,start:0,end:0,service time:0,nodes:688,
[task] id:29,start:0,end:0,service time:0,nodes:257,
[task] id:5,start:0,end:0,service time:0,nodes:642,
[task] id:7,start:0,end:0,service time:0,nodes:807,
[task] id:18,start:0,end:0,service time:0,nodes:218,
[task] id:12,start:0,end:0,service time:0,nodes:227,
[task] id:20,start:0,end:0,service time:0,nodes:989,
[task] id:21,start:0,end:0,service time:0,nodes:959,
[task] id:10,start:0,end:0,service time:0,nodes:418,
[task] id:9,start:0,end:0,service time:0,nodes:151,
[task] id:23,start:0,end:0,service time:0,nodes:598,
[task] id:26,start:0,end:0,service time:0,nodes:88,
[task] id:0,start:0,end:0,service time:0,nodes:898,
[task] id:4,start:0,end:0,service time:0,nodes:776,
[task] id:11,start:0,end:0,service time:0,nodes:187,
[task] id:22,start:0,end:0,service time:0,nodes:958,
[task] id:27,start:0,end:0,service time:0,nodes:836,
[task] id:1,start:0,end:0,service time:0,nodes:758,
[task] id:8,start:0,end:0,service time:0,nodes:290,
[task] id:16,start:0,end:0,service time:0,nodes:901,
[agent] id:0
path:765,797,796,795,794,793,825,824,823,855,854,853,852,851,850,849,848,847,846,845,844,843,842,841,840,872,871,870,902,901,900,899,898,898,898,898,898,898,898,898,898,898,898,898,898,898,898,
goal:898,898,898,898,898,898,898,898,898,898,898,898,898,898,898,898,898,898,898,898,898,898,898,898,898,898,898,898,898,898,898,898,898,898,898,898,898,898,898,898,898,898,898,898,898,898,898,
size:32
[agent] id:1
path:130,162,161,193,225,257,258,290,322,354,353,385,417,449,450,482,514,515,547,579,611,612,644,645,646,647,648,649,650,651,652,653,654,655,656,657,689,721,722,723,724,725,757,758,758,758,758,
goal:758,758,758,758,758,758,758,758,758,758,758,758,758,758,758,758,758,758,758,758,758,758,758,758,758,758,758,758,758,758,758,758,758,758,758,758,758,758,758,758,758,758,758,758,758,758,758,
size:43
[agent] id:2
path:548,549,550,582,614,615,615,615,615,615,615,615,615,615,615,615,615,615,615,615,615,615,615,615,615,615,615,615,615,615,615,615,615,615,615,615,615,615,615,615,615,615,615,615,615,615,615,
goal:615,615,615,615,615,615,615,615,615,615,615,615,615,615,615,615,615,615,615,615,615,615,615,615,615,615,615,615,615,615,615,615,615,615,615,615,615,615,615,615,615,615,615,615,615,615,615,
size:5
[agent] id:3
path:535,536,537,569,570,571,603,604,605,573,573,573,573,573,573,573,573,573,573,573,573,573,573,573,573,573,573,573,573,573,573,573,573,573,573,573,573,573,573,573,573,573,573,573,573,573,573,
goal:573,573,573,573,573,573,573,573,573,573,573,573,573,573,573,573,573,573,573,573,573,573,573,573,573,573,573,573,573,573,573,573,573,573,573,573,573,573,573,573,573,573,573,573,573,573,573,
size:9
[agent] id:4
path:250,218,217,216,248,280,312,344,376,408,407,439,438,470,469,501,533,565,597,629,661,660,659,658,657,656,655,687,686,718,717,716,715,714,713,745,744,776,776,776,776,776,776,776,776,776,776,
goal:776,776,776,776,776,776,776,776,776,776,776,776,776,776,776,776,776,776,776,776,776,776,776,776,776,776,776,776,776,776,776,776,776,776,776,776,776,776,776,776,776,776,776,776,776,776,776,
size:37
[agent] id:5
path:233,201,200,199,231,263,262,294,326,358,390,422,454,486,518,550,582,614,646,645,644,643,642,642,642,642,642,642,642,642,642,642,642,642,642,642,642,642,642,642,642,642,642,642,642,642,642,
goal:642,642,642,642,642,642,642,642,642,642,642,642,642,642,642,642,642,642,642,642,642,642,642,642,642,642,642,642,642,642,642,642,642,642,642,642,642,642,642,642,642,642,642,642,642,642,642,
size:22
[agent] id:6
path:571,539,538,537,536,504,472,473,441,409,377,345,313,281,280,248,216,184,184,184,184,184,184,184,184,184,184,184,184,184,184,184,184,184,184,184,184,184,184,184,184,184,184,184,184,184,184,
goal:184,184,184,184,184,184,184,184,184,184,184,184,184,184,184,184,184,184,184,184,184,184,184,184,184,184,184,184,184,184,184,184,184,184,184,184,184,184,184,184,184,184,184,184,184,184,184,
size:17
[agent] id:7
path:328,296,264,263,262,294,326,358,390,422,454,486,518,550,582,614,646,678,710,742,774,806,807,807,807,807,807,807,807,807,807,807,807,807,807,807,807,807,807,807,807,807,807,807,807,807,807,
goal:807,807,807,807,807,807,807,807,807,807,807,807,807,807,807,807,807,807,807,807,807,807,807,807,807,807,807,807,807,807,807,807,807,807,807,807,807,807,807,807,807,807,807,807,807,807,807,
size:22
[agent] id:8
path:953,952,952,920,888,887,855,823,791,759,727,695,663,631,630,598,597,596,564,563,531,530,529,528,527,526,494,493,461,429,397,396,395,394,393,392,391,359,358,326,294,262,261,260,259,258,290,
goal:290,290,290,290,290,290,290,290,290,290,290,290,290,290,290,290,290,290,290,290,290,290,290,290,290,290,290,290,290,290,290,290,290,290,290,290,290,290,290,290,290,290,290,290,290,290,290,
size:46
[agent] id:9
path:922,921,920,888,887,855,823,791,759,727,695,663,631,599,567,535,503,504,472,473,441,409,377,345,313,281,280,248,216,215,183,151,151,151,151,151,151,151,151,151,151,151,151,151,151,151,151,
goal:151,151,151,151,151,151,151,151,151,151,151,151,151,151,151,151,151,151,151,151,151,151,151,151,151,151,151,151,151,151,151,151,151,151,151,151,151,151,151,151,151,151,151,151,151,151,151,
size:31
[agent] id:10
path:150,182,214,213,245,277,309,308,307,306,305,304,303,302,301,300,332,364,396,395,394,393,392,424,423,422,421,420,419,418,418,418,418,418,418,418,418,418,418,418,418,418,418,418,418,418,418,
goal:418,418,418,418,418,418,418,418,418,418,418,418,418,418,418,418,418,418,418,418,418,418,418,418,418,418,418,418,418,418,418,418,418,418,418,418,418,418,418,418,418,418,418,418,418,418,418,
size:29
[agent] id:11
path:841,809,810,778,779,747,715,683,651,619,620,621,589,557,525,526,527,528,529,497,465,433,401,369,337,305,273,241,209,210,211,212,213,214,215,216,217,185,186,187,187,187,187,187,187,187,187,
goal:187,187,187,187,187,187,187,187,187,187,187,187,187,187,187,187,187,187,187,187,187,187,187,187,187,187,187,187,187,187,187,187,187,187,187,187,187,187,187,187,187,187,187,187,187,187,187,
size:39
[agent] id:12
path:465,433,401,369,337,305,304,303,271,270,269,268,236,235,234,233,201,200,199,231,230,229,228,227,227,227,227,227,227,227,227,227,227,227,227,227,227,227,227,227,227,227,227,227,227,227,227,
goal:227,227,227,227,227,227,227,227,227,227,227,227,227,227,227,227,227,227,227,227,227,227,227,227,227,227,227,227,227,227,227,227,227,227,227,227,227,227,227,227,227,227,227,227,227,227,227,
size:23
[agent] id:13
path:554,522,490,458,426,394,393,392,391,359,358,357,356,356,356,356,356,356,356,356,356,356,356,356,356,356,356,356,356,356,356,356,356,356,356,356,356,356,356,356,356,356,356,356,356,356,356,
goal:356,356,356,356,356,356,356,356,356,356,356,356,356,356,356,356,356,356,356,356,356,356,356,356,356,356,356,356,356,356,356,356,356,356,356,356,356,356,356,356,356,356,356,356,356,356,356,
size:12
[agent] id:14
path:795,794,762,730,698,697,696,664,632,600,599,567,566,566,566,566,566,566,566,566,566,566,566,566,566,566,566,566,566,566,566,566,566,566,566,566,566,566,566,566,566,566,566,566,566,566,566,
goal:566,566,566,566,566,566,566,566,566,566,566,566,566,566,566,566,566,566,566,566,566,566,566,566,566,566,566,566,566,566,566,566,566,566,566,566,566,566,566,566,566,566,566,566,566,566,566,
size:12
[agent] id:15
path:911,879,847,846,814,782,750,718,686,687,688,689,690,691,692,660,628,628,628,628,628,628,628,628,628,628,628,628,628,628,628,628,628,628,628,628,628,628,628,628,628,628,628,628,628,628,628,
goal:628,628,628,628,628,628,628,628,628,628,628,628,628,628,628,628,628,628,628,628,628,628,628,628,628,628,628,628,628,628,628,628,628,628,628,628,628,628,628,628,628,628,628,628,628,628,628,
size:16
[agent] id:16
path:287,286,318,317,349,381,380,379,378,410,442,474,473,472,504,536,535,567,599,631,663,695,727,759,791,823,855,854,853,852,851,850,849,848,847,846,845,844,843,842,841,840,872,871,870,902,901,
goal:901,901,901,901,901,901,901,901,901,901,901,901,901,901,901,901,901,901,901,901,901,901,901,901,901,901,901,901,901,901,901,901,901,901,901,901,901,901,901,901,901,901,901,901,901,901,901,
size:46
[agent] id:17
path:507,507,539,538,537,536,535,534,566,598,630,662,661,660,659,658,657,656,656,688,688,688,688,688,688,688,688,688,688,688,688,688,688,688,688,688,688,688,688,688,688,688,688,688,688,688,688,
goal:688,688,688,688,688,688,688,688,688,688,688,688,688,688,688,688,688,688,688,688,688,688,688,688,688,688,688,688,688,688,688,688,688,688,688,688,688,688,688,688,688,688,688,688,688,688,688,
size:19
[agent] id:18
path:728,696,664,632,600,599,567,535,503,504,472,473,441,409,377,345,313,281,280,248,216,217,218,218,218,218,218,218,218,218,218,218,218,218,218,218,218,218,218,218,218,218,218,218,218,218,218,
goal:218,218,218,218,218,218,218,218,218,218,218,218,218,218,218,218,218,218,218,218,218,218,218,218,218,218,218,218,218,218,218,218,218,218,218,218,218,218,218,218,218,218,218,218,218,218,218,
size:22
[agent] id:19
path:899,867,835,803,771,739,707,706,705,673,641,640,640,640,640,640,640,640,640,640,640,640,640,640,640,640,640,640,640,640,640,640,640,640,640,640,640,640,640,640,640,640,640,640,640,640,640,
goal:640,640,640,640,640,640,640,640,640,640,640,640,640,640,640,640,640,640,640,640,640,640,640,640,640,640,640,640,640,640,640,640,640,640,640,640,640,640,640,640,640,640,640,640,640,640,640,
size:11
[agent] id:20
path:562,594,626,658,690,722,754,786,818,850,882,883,884,885,886,918,950,982,983,984,985,986,987,988,989,989,989,989,989,989,989,989,989,989,989,989,989,989,989,989,989,989,989,989,989,989,989,
goal:989,989,989,989,989,989,989,989,989,989,989,989,989,989,989,989,989,989,989,989,989,989,989,989,989,989,989,989,989,989,989,989,989,989,989,989,989,989,989,989,989,989,989,989,989,989,989,
size:24
[agent] id:21
path:348,380,412,413,414,446,478,477,509,508,540,539,571,603,635,667,699,700,701,733,765,797,798,830,831,863,895,927,959,959,959,959,959,959,959,959,959,959,959,959,959,959,959,959,959,959,959,
goal:959,959,959,959,959,959,959,959,959,959,959,959,959,959,959,959,959,959,959,959,959,959,959,959,959,959,959,959,959,959,959,959,959,959,959,959,959,959,959,959,959,959,959,959,959,959,959,
size:28
[agent] id:22
path:515,547,579,611,643,644,645,646,647,648,649,650,651,652,653,685,686,687,688,720,721,722,723,724,725,757,758,759,791,823,824,825,857,858,859,860,892,924,956,957,958,958,958,958,958,958,958,
goal:958,958,958,958,958,958,958,958,958,958,958,958,958,958,958,958,958,958,958,958,958,958,958,958,958,958,958,958,958,958,958,958,958,958,958,958,958,958,958,958,958,958,958,958,958,958,958,
size:40
[agent] id:23
path:133,165,197,229,261,293,294,326,358,390,422,454,486,518,550,551,552,553,554,555,556,557,558,559,560,561,562,563,564,596,597,598,598,598,598,598,598,598,598,598,598,598,598,598,598,598,598,
goal:598,598,598,598,598,598,598,598,598,598,598,598,598,598,598,598,598,598,598,598,598,598,598,598,598,598,598,598,598,598,598,598,598,598,598,598,598,598,598,598,598,598,598,598,598,598,598,
size:31
[agent] id:24
path:159,127,95,63,31,30,29,29,29,29,29,29,29,29,29,29,29,29,29,29,29,29,29,29,29,29,29,29,29,29,29,29,29,29,29,29,29,29,29,29,29,29,29,29,29,29,29,
goal:29,29,29,29,29,29,29,29,29,29,29,29,29,29,29,29,29,29,29,29,29,29,29,29,29,29,29,29,29,29,29,29,29,29,29,29,29,29,29,29,29,29,29,29,29,29,29,
size:6
[agent] id:25
path:498,530,562,594,626,626,626,626,626,626,626,626,626,626,626,626,626,626,626,626,626,626,626,626,626,626,626,626,626,626,626,626,626,626,626,626,626,626,626,626,626,626,626,626,626,626,626,
goal:626,626,626,626,626,626,626,626,626,626,626,626,626,626,626,626,626,626,626,626,626,626,626,626,626,626,626,626,626,626,626,626,626,626,626,626,626,626,626,626,626,626,626,626,626,626,626,
size:4
[agent] id:26
path:257,258,259,227,228,229,230,231,199,200,201,202,203,171,172,173,174,142,110,78,79,80,81,82,83,84,52,53,54,86,87,88,88,88,88,88,88,88,88,88,88,88,88,88,88,88,88,
goal:88,88,88,88,88,88,88,88,88,88,88,88,88,88,88,88,88,88,88,88,88,88,88,88,88,88,88,88,88,88,88,88,88,88,88,88,88,88,88,88,88,88,88,88,88,88,88,
size:31
[agent] id:27
path:413,381,380,379,378,410,409,408,407,439,438,470,469,501,533,565,564,563,562,594,593,592,591,623,655,687,686,718,750,782,814,846,845,844,843,842,841,840,839,838,837,836,836,836,836,836,836,
goal:836,836,836,836,836,836,836,836,836,836,836,836,836,836,836,836,836,836,836,836,836,836,836,836,836,836,836,836,836,836,836,836,836,836,836,836,836,836,836,836,836,836,836,836,836,836,836,
size:41
[agent] id:28
path:309,308,307,306,274,242,210,178,146,114,82,50,18,19,19,19,19,19,19,19,19,19,19,19,19,19,19,19,19,19,19,19,19,19,19,19,19,19,19,19,19,19,19,19,19,19,19,
goal:19,19,19,19,19,19,19,19,19,19,19,19,19,19,19,19,19,19,19,19,19,19,19,19,19,19,19,19,19,19,19,19,19,19,19,19,19,19,19,19,19,19,19,19,19,19,19,
size:13
[agent] id:29
path:364,396,395,394,393,392,391,390,389,357,389,390,358,326,294,262,261,260,259,258,257,257,257,257,257,257,257,257,257,257,257,257,257,257,257,257,257,257,257,257,257,257,257,257,257,257,257,
goal:257,257,257,257,257,257,257,257,257,257,257,257,257,257,257,257,257,257,257,257,257,257,257,257,257,257,257,257,257,257,257,257,257,257,257,257,257,257,257,257,257,257,257,257,257,257,257,
size:20
SolutionCost:731
