[setting] seed:8085
[solver] type:SASB-ECBS
[solver] w:2.000000
[solver] ID:0
[solver] Lowlevelnode:3475
[solver] Highlevelnode:18
[solver] ConflictCount:9
[solver] solved:1
[solver] elapsed:30
[solver] makespan:53
[problem] timesteplimit:15000
[problem] type:MAPF
[problem] agentnum:30
[graph] width:32
[graph] height:32
[graph] filename:./map/32by32_agents10_ex30.map
[task] id:18,start:0,end:0,service time:0,nodes:259,
[task] id:11,start:0,end:0,service time:0,nodes:871,
[task] id:16,start:0,end:0,service time:0,nodes:354,
[task] id:30,start:0,end:0,service time:0,nodes:259,
[task] id:0,start:0,end:0,service time:0,nodes:618,
[task] id:25,start:0,end:0,service time:0,nodes:336,
[task] id:28,start:0,end:0,service time:0,nodes:663,
[task] id:19,start:0,end:0,service time:0,nodes:953,
[task] id:14,start:0,end:0,service time:0,nodes:983,
[task] id:2,start:0,end:0,service time:0,nodes:2,
[task] id:4,start:0,end:0,service time:0,nodes:323,
[task] id:23,start:0,end:0,service time:0,nodes:429,
[task] id:13,start:0,end:0,service time:0,nodes:9,
[task] id:15,start:0,end:0,service time:0,nodes:189,
[task] id:8,start:0,end:0,service time:0,nodes:964,
[task] id:5,start:0,end:0,service time:0,nodes:806,
[task] id:12,start:0,end:0,service time:0,nodes:372,
[task] id:10,start:0,end:0,service time:0,nodes:417,
[task] id:20,start:0,end:0,service time:0,nodes:799,
[task] id:17,start:0,end:0,service time:0,nodes:548,
[task] id:7,start:0,end:0,service time:0,nodes:255,
[task] id:26,start:0,end:0,service time:0,nodes:447,
[task] id:29,start:0,end:0,service time:0,nodes:833,
[task] id:9,start:0,end:0,service time:0,nodes:970,
[task] id:22,start:0,end:0,service time:0,nodes:539,
[task] id:1,start:0,end:0,service time:0,nodes:939,
[task] id:3,start:0,end:0,service time:0,nodes:792,
[task] id:24,start:0,end:0,service time:0,nodes:61,
[task] id:21,start:0,end:0,service time:0,nodes:1021,
[task] id:27,start:0,end:0,service time:0,nodes:924,
[task] id:6,start:0,end:0,service time:0,nodes:66,
[agent] id:0
path:907,875,843,811,779,747,715,683,651,619,618,618,618,618,618,618,618,618,618,618,618,618,618,618,618,618,618,618,618,618,618,618,618,618,618,618,618,618,618,618,618,618,618,618,618,618,618,618,618,618,618,618,618,618,
goal:618,618,618,618,618,618,618,618,618,618,618,618,618,618,618,618,618,618,618,618,618,618,618,618,618,618,618,618,618,618,618,618,618,618,618,618,618,618,618,618,618,618,618,618,618,618,618,618,618,618,618,618,618,618,
size:10
[agent] id:1
path:177,209,241,273,305,337,369,368,400,432,464,465,497,529,561,593,592,591,623,655,687,686,718,750,782,814,846,878,877,909,941,940,939,939,939,939,939,939,939,939,939,939,939,939,939,939,939,939,939,939,939,939,939,939,
goal:939,939,939,939,939,939,939,939,939,939,939,939,939,939,939,939,939,939,939,939,939,939,939,939,939,939,939,939,939,939,939,939,939,939,939,939,939,939,939,939,939,939,939,939,939,939,939,939,939,939,939,939,939,939,
size:32
[agent] id:2
path:236,204,172,140,139,107,75,74,42,41,40,39,38,37,5,4,3,2,2,2,2,2,2,2,2,2,2,2,2,2,2,2,2,2,2,2,2,2,2,2,2,2,2,2,2,2,2,2,2,2,2,2,2,2,
goal:2,2,2,2,2,2,2,2,2,2,2,2,2,2,2,2,2,2,2,2,2,2,2,2,2,2,2,2,2,2,2,2,2,2,2,2,2,2,2,2,2,2,2,2,2,2,2,2,2,2,2,2,2,2,
size:17
[agent] id:3
path:75,107,139,171,203,204,205,206,207,239,271,303,304,305,337,369,401,433,465,497,529,561,593,594,626,627,628,629,630,631,632,664,696,728,760,792,792,792,792,792,792,792,792,792,792,792,792,792,792,792,792,792,792,792,
goal:792,792,792,792,792,792,792,792,792,792,792,792,792,792,792,792,792,792,792,792,792,792,792,792,792,792,792,792,792,792,792,792,792,792,792,792,792,792,792,792,792,792,792,792,792,792,792,792,792,792,792,792,792,792,
size:35
[agent] id:4
path:35,67,68,69,101,133,165,197,229,261,262,294,326,358,357,356,355,323,323,323,323,323,323,323,323,323,323,323,323,323,323,323,323,323,323,323,323,323,323,323,323,323,323,323,323,323,323,323,323,323,323,323,323,323,
goal:323,323,323,323,323,323,323,323,323,323,323,323,323,323,323,323,323,323,323,323,323,323,323,323,323,323,323,323,323,323,323,323,323,323,323,323,323,323,323,323,323,323,323,323,323,323,323,323,323,323,323,323,323,323,
size:17
[agent] id:5
path:332,364,396,428,460,459,458,490,522,554,553,552,584,616,648,680,712,744,776,808,807,806,806,806,806,806,806,806,806,806,806,806,806,806,806,806,806,806,806,806,806,806,806,806,806,806,806,806,806,806,806,806,806,806,
goal:806,806,806,806,806,806,806,806,806,806,806,806,806,806,806,806,806,806,806,806,806,806,806,806,806,806,806,806,806,806,806,806,806,806,806,806,806,806,806,806,806,806,806,806,806,806,806,806,806,806,806,806,806,806,
size:21
[agent] id:6
path:925,893,861,860,859,858,857,825,793,792,760,728,696,664,632,600,599,567,535,534,533,501,469,437,405,373,341,309,308,307,306,274,242,241,240,239,207,206,174,173,172,140,139,107,75,74,73,72,71,70,69,68,67,66,
goal:66,66,66,66,66,66,66,66,66,66,66,66,66,66,66,66,66,66,66,66,66,66,66,66,66,66,66,66,66,66,66,66,66,66,66,66,66,66,66,66,66,66,66,66,66,66,66,66,66,66,66,66,66,66,
size:53
[agent] id:7
path:831,799,798,766,734,702,670,669,637,605,604,603,571,539,507,508,476,477,478,446,414,413,381,349,317,285,286,287,255,255,255,255,255,255,255,255,255,255,255,255,255,255,255,255,255,255,255,255,255,255,255,255,255,255,
goal:255,255,255,255,255,255,255,255,255,255,255,255,255,255,255,255,255,255,255,255,255,255,255,255,255,255,255,255,255,255,255,255,255,255,255,255,255,255,255,255,255,255,255,255,255,255,255,255,255,255,255,255,255,255,
size:28
[agent] id:8
path:419,451,483,515,547,579,611,643,644,676,708,707,739,771,803,835,867,899,931,963,964,964,964,964,964,964,964,964,964,964,964,964,964,964,964,964,964,964,964,964,964,964,964,964,964,964,964,964,964,964,964,964,964,964,
goal:964,964,964,964,964,964,964,964,964,964,964,964,964,964,964,964,964,964,964,964,964,964,964,964,964,964,964,964,964,964,964,964,964,964,964,964,964,964,964,964,964,964,964,964,964,964,964,964,964,964,964,964,964,964,
size:20
[agent] id:9
path:166,165,197,229,261,293,294,326,358,390,422,454,486,518,550,582,614,646,678,710,742,774,775,807,839,840,872,904,936,937,969,970,970,970,970,970,970,970,970,970,970,970,970,970,970,970,970,970,970,970,970,970,970,970,
goal:970,970,970,970,970,970,970,970,970,970,970,970,970,970,970,970,970,970,970,970,970,970,970,970,970,970,970,970,970,970,970,970,970,970,970,970,970,970,970,970,970,970,970,970,970,970,970,970,970,970,970,970,970,970,
size:31
[agent] id:10
path:656,655,623,622,621,620,619,618,617,616,584,583,551,519,487,486,454,422,421,420,419,418,417,417,417,417,417,417,417,417,417,417,417,417,417,417,417,417,417,417,417,417,417,417,417,417,417,417,417,417,417,417,417,417,
goal:417,417,417,417,417,417,417,417,417,417,417,417,417,417,417,417,417,417,417,417,417,417,417,417,417,417,417,417,417,417,417,417,417,417,417,417,417,417,417,417,417,417,417,417,417,417,417,417,417,417,417,417,417,417,
size:22
[agent] id:11
path:808,840,872,871,871,871,871,871,871,871,871,871,871,871,871,871,871,871,871,871,871,871,871,871,871,871,871,871,871,871,871,871,871,871,871,871,871,871,871,871,871,871,871,871,871,871,871,871,871,871,871,871,871,871,
goal:871,871,871,871,871,871,871,871,871,871,871,871,871,871,871,871,871,871,871,871,871,871,871,871,871,871,871,871,871,871,871,871,871,871,871,871,871,871,871,871,871,871,871,871,871,871,871,871,871,871,871,871,871,871,
size:3
[agent] id:12
path:105,137,169,201,233,234,235,236,268,300,301,302,303,304,305,306,307,308,309,341,373,372,372,372,372,372,372,372,372,372,372,372,372,372,372,372,372,372,372,372,372,372,372,372,372,372,372,372,372,372,372,372,372,372,
goal:372,372,372,372,372,372,372,372,372,372,372,372,372,372,372,372,372,372,372,372,372,372,372,372,372,372,372,372,372,372,372,372,372,372,372,372,372,372,372,372,372,372,372,372,372,372,372,372,372,372,372,372,372,372,
size:21
[agent] id:13
path:161,193,225,257,258,259,227,228,196,197,165,133,101,69,37,38,39,7,8,9,9,9,9,9,9,9,9,9,9,9,9,9,9,9,9,9,9,9,9,9,9,9,9,9,9,9,9,9,9,9,9,9,9,9,
goal:9,9,9,9,9,9,9,9,9,9,9,9,9,9,9,9,9,9,9,9,9,9,9,9,9,9,9,9,9,9,9,9,9,9,9,9,9,9,9,9,9,9,9,9,9,9,9,9,9,9,9,9,9,9,
size:19
[agent] id:14
path:566,598,630,662,663,695,727,759,791,823,855,887,919,918,950,982,983,983,983,983,983,983,983,983,983,983,983,983,983,983,983,983,983,983,983,983,983,983,983,983,983,983,983,983,983,983,983,983,983,983,983,983,983,983,
goal:983,983,983,983,983,983,983,983,983,983,983,983,983,983,983,983,983,983,983,983,983,983,983,983,983,983,983,983,983,983,983,983,983,983,983,983,983,983,983,983,983,983,983,983,983,983,983,983,983,983,983,983,983,983,
size:16
[agent] id:15
path:269,270,271,239,240,241,209,210,211,212,213,181,182,183,184,185,186,187,188,189,189,189,189,189,189,189,189,189,189,189,189,189,189,189,189,189,189,189,189,189,189,189,189,189,189,189,189,189,189,189,189,189,189,189,
goal:189,189,189,189,189,189,189,189,189,189,189,189,189,189,189,189,189,189,189,189,189,189,189,189,189,189,189,189,189,189,189,189,189,189,189,189,189,189,189,189,189,189,189,189,189,189,189,189,189,189,189,189,189,189,
size:19
[agent] id:16
path:448,416,384,352,353,354,354,354,354,354,354,354,354,354,354,354,354,354,354,354,354,354,354,354,354,354,354,354,354,354,354,354,354,354,354,354,354,354,354,354,354,354,354,354,354,354,354,354,354,354,354,354,354,354,
goal:354,354,354,354,354,354,354,354,354,354,354,354,354,354,354,354,354,354,354,354,354,354,354,354,354,354,354,354,354,354,354,354,354,354,354,354,354,354,354,354,354,354,354,354,354,354,354,354,354,354,354,354,354,354,
size:5
[agent] id:17
path:571,570,569,537,536,535,567,566,565,564,563,562,561,560,559,558,557,556,555,554,553,552,551,550,549,548,548,548,548,548,548,548,548,548,548,548,548,548,548,548,548,548,548,548,548,548,548,548,548,548,548,548,548,548,
goal:548,548,548,548,548,548,548,548,548,548,548,548,548,548,548,548,548,548,548,548,548,548,548,548,548,548,548,548,548,548,548,548,548,548,548,548,548,548,548,548,548,548,548,548,548,548,548,548,548,548,548,548,548,548,
size:25
[agent] id:18
path:260,259,259,259,259,260,260,259,259,259,259,259,259,259,259,259,259,259,259,259,259,259,259,259,259,259,259,259,259,259,259,259,259,259,259,259,259,259,259,259,259,259,259,259,259,259,259,259,259,259,259,259,259,259,
goal:259,259,259,259,259,259,259,259,259,259,259,259,259,259,259,259,259,259,259,259,259,259,259,259,259,259,259,259,259,259,259,259,259,259,259,259,259,259,259,259,259,259,259,259,259,259,259,259,259,259,259,259,259,259,
size:7
[agent] id:19
path:600,632,664,696,728,760,792,824,823,855,887,919,920,952,953,953,953,953,953,953,953,953,953,953,953,953,953,953,953,953,953,953,953,953,953,953,953,953,953,953,953,953,953,953,953,953,953,953,953,953,953,953,953,953,
goal:953,953,953,953,953,953,953,953,953,953,953,953,953,953,953,953,953,953,953,953,953,953,953,953,953,953,953,953,953,953,953,953,953,953,953,953,953,953,953,953,953,953,953,953,953,953,953,953,953,953,953,953,953,953,
size:14
[agent] id:20
path:653,685,686,687,688,720,721,722,723,724,725,757,758,759,791,792,793,794,795,796,797,798,799,799,799,799,799,799,799,799,799,799,799,799,799,799,799,799,799,799,799,799,799,799,799,799,799,799,799,799,799,799,799,799,
goal:799,799,799,799,799,799,799,799,799,799,799,799,799,799,799,799,799,799,799,799,799,799,799,799,799,799,799,799,799,799,799,799,799,799,799,799,799,799,799,799,799,799,799,799,799,799,799,799,799,799,799,799,799,799,
size:22
[agent] id:21
path:50,82,114,146,178,210,242,274,306,307,308,309,341,373,405,437,469,501,533,565,597,629,661,693,725,757,758,759,791,823,855,887,919,920,952,984,985,986,987,1019,1020,1021,1021,1021,1021,1021,1021,1021,1021,1021,1021,1021,1021,1021,
goal:1021,1021,1021,1021,1021,1021,1021,1021,1021,1021,1021,1021,1021,1021,1021,1021,1021,1021,1021,1021,1021,1021,1021,1021,1021,1021,1021,1021,1021,1021,1021,1021,1021,1021,1021,1021,1021,1021,1021,1021,1021,1021,1021,1021,1021,1021,1021,1021,1021,1021,1021,1021,1021,1021,
size:41
[agent] id:22
path:355,356,357,389,421,422,423,424,456,457,458,459,460,461,493,525,526,527,528,529,530,531,499,500,501,533,534,535,536,537,538,539,539,539,539,539,539,539,539,539,539,539,539,539,539,539,539,539,539,539,539,539,539,539,
goal:539,539,539,539,539,539,539,539,539,539,539,539,539,539,539,539,539,539,539,539,539,539,539,539,539,539,539,539,539,539,539,539,539,539,539,539,539,539,539,539,539,539,539,539,539,539,539,539,539,539,539,539,539,539,
size:31
[agent] id:23
path:256,257,258,290,322,323,355,356,357,389,390,391,392,393,394,426,427,428,429,429,429,429,429,429,429,429,429,429,429,429,429,429,429,429,429,429,429,429,429,429,429,429,429,429,429,429,429,429,429,429,429,429,429,429,
goal:429,429,429,429,429,429,429,429,429,429,429,429,429,429,429,429,429,429,429,429,429,429,429,429,429,429,429,429,429,429,429,429,429,429,429,429,429,429,429,429,429,429,429,429,429,429,429,429,429,429,429,429,429,429,
size:18
[agent] id:24
path:914,882,850,818,786,754,722,690,690,658,626,594,562,530,498,466,434,435,436,437,405,373,341,309,277,245,213,181,182,150,151,119,87,88,89,90,91,92,60,61,61,61,61,61,61,61,61,61,61,61,61,61,61,61,
goal:61,61,61,61,61,61,61,61,61,61,61,61,61,61,61,61,61,61,61,61,61,61,61,61,61,61,61,61,61,61,61,61,61,61,61,61,61,61,61,61,61,61,61,61,61,61,61,61,61,61,61,61,61,61,
size:39
[agent] id:25
path:559,527,528,529,497,465,433,401,369,337,336,336,336,336,336,336,336,336,336,336,336,336,336,336,336,336,336,336,336,336,336,336,336,336,336,336,336,336,336,336,336,336,336,336,336,336,336,336,336,336,336,336,336,336,
goal:336,336,336,336,336,336,336,336,336,336,336,336,336,336,336,336,336,336,336,336,336,336,336,336,336,336,336,336,336,336,336,336,336,336,336,336,336,336,336,336,336,336,336,336,336,336,336,336,336,336,336,336,336,336,
size:10
[agent] id:26
path:393,394,395,396,364,332,300,301,302,303,304,305,306,307,308,309,341,373,374,375,376,377,378,379,380,412,413,414,446,447,447,447,447,447,447,447,447,447,447,447,447,447,447,447,447,447,447,447,447,447,447,447,447,447,
goal:447,447,447,447,447,447,447,447,447,447,447,447,447,447,447,447,447,447,447,447,447,447,447,447,447,447,447,447,447,447,447,447,447,447,447,447,447,447,447,447,447,447,447,447,447,447,447,447,447,447,447,447,447,447,
size:29
[agent] id:27
path:168,200,201,233,234,235,236,268,300,332,364,396,428,460,461,493,525,557,589,621,653,685,686,687,688,720,721,722,723,724,725,757,758,759,791,823,824,825,857,858,859,860,892,924,924,924,924,924,924,924,924,924,924,924,
goal:924,924,924,924,924,924,924,924,924,924,924,924,924,924,924,924,924,924,924,924,924,924,924,924,924,924,924,924,924,924,924,924,924,924,924,924,924,924,924,924,924,924,924,924,924,924,924,924,924,924,924,924,924,924,
size:43
[agent] id:28
path:650,651,652,653,654,655,656,657,658,659,660,661,662,663,663,663,663,663,663,663,663,663,663,663,663,663,663,663,663,663,663,663,663,663,663,663,663,663,663,663,663,663,663,663,663,663,663,663,663,663,663,663,663,663,
goal:663,663,663,663,663,663,663,663,663,663,663,663,663,663,663,663,663,663,663,663,663,663,663,663,663,663,663,663,663,663,663,663,663,663,663,663,663,663,663,663,663,663,663,663,663,663,663,663,663,663,663,663,663,663,
size:13
[agent] id:29
path:597,629,661,693,692,691,690,689,688,687,686,718,717,716,715,714,713,745,744,743,743,742,741,773,805,804,803,802,801,833,833,833,833,833,833,833,833,833,833,833,833,833,833,833,833,833,833,833,833,833,833,833,833,833,
goal:833,833,833,833,833,833,833,833,833,833,833,833,833,833,833,833,833,833,833,833,833,833,833,833,833,833,833,833,833,833,833,833,833,833,833,833,833,833,833,833,833,833,833,833,833,833,833,833,833,833,833,833,833,833,
size:29
SolutionCost:690
