[setting] seed:2786
[solver] type:SASB-ECBS
[solver] w:2.000000
[solver] ID:0
[solver] Lowlevelnode:4771
[solver] Highlevelnode:25
[solver] ConflictCount:13
[solver] solved:1
[solver] elapsed:38
[solver] makespan:39
[problem] timesteplimit:15000
[problem] type:MAPF
[problem] agentnum:30
[graph] width:32
[graph] height:32
[graph] filename:./map/32by32_agents10_ex30.map
[task] id:17,start:0,end:0,service time:0,nodes:920,
[task] id:24,start:0,end:0,service time:0,nodes:91,
[task] id:0,start:0,end:0,service time:0,nodes:292,
[task] id:11,start:0,end:0,service time:0,nodes:718,
[task] id:22,start:0,end:0,service time:0,nodes:181,
[task] id:25,start:0,end:0,service time:0,nodes:915,
[task] id:3,start:0,end:0,service time:0,nodes:707,
[task] id:6,start:0,end:0,service time:0,nodes:933,
[task] id:23,start:0,end:0,service time:0,nodes:845,
[task] id:29,start:0,end:0,service time:0,nodes:782,
[task] id:7,start:0,end:0,service time:0,nodes:454,
[task] id:21,start:0,end:0,service time:0,nodes:524,
[task] id:14,start:0,end:0,service time:0,nodes:115,
[task] id:8,start:0,end:0,service time:0,nodes:531,
[task] id:27,start:0,end:0,service time:0,nodes:648,
[task] id:28,start:0,end:0,service time:0,nodes:373,
[task] id:2,start:0,end:0,service time:0,nodes:341,
[task] id:5,start:0,end:0,service time:0,nodes:886,
[task] id:15,start:0,end:0,service time:0,nodes:927,
[task] id:18,start:0,end:0,service time:0,nodes:441,
[task] id:9,start:0,end:0,service time:0,nodes:1020,
[task] id:1,start:0,end:0,service time:0,nodes:653,
[task] id:4,start:0,end:0,service time:0,nodes:26,
[task] id:19,start:0,end:0,service time:0,nodes:987,
[task] id:13,start:0,end:0,service time:0,nodes:130,
[task] id:26,start:0,end:0,service time:0,nodes:695,
[task] id:20,start:0,end:0,service time:0,nodes:192,
[task] id:16,start:0,end:0,service time:0,nodes:68,
[task] id:10,start:0,end:0,service time:0,nodes:476,
[task] id:12,start:0,end:0,service time:0,nodes:158,
[agent] id:0
path:105,137,169,168,167,166,165,197,229,261,293,292,292,292,292,292,292,292,292,292,292,292,292,292,292,292,292,292,292,292,292,292,292,292,292,292,292,292,292,292,
goal:292,292,292,292,292,292,292,292,292,292,292,292,292,292,292,292,292,292,292,292,292,292,292,292,292,292,292,292,292,292,292,292,292,292,292,292,292,292,292,292,
size:11
[agent] id:1
path:50,82,114,146,178,210,242,274,273,305,337,369,401,433,434,466,498,530,562,594,593,592,591,623,655,654,653,653,653,653,653,653,653,653,653,653,653,653,653,653,
goal:653,653,653,653,653,653,653,653,653,653,653,653,653,653,653,653,653,653,653,653,653,653,653,653,653,653,653,653,653,653,653,653,653,653,653,653,653,653,653,653,
size:26
[agent] id:2
path:259,260,261,262,263,231,199,200,201,233,234,235,236,268,300,301,302,303,304,305,306,307,308,309,341,341,341,341,341,341,341,341,341,341,341,341,341,341,341,341,
goal:341,341,341,341,341,341,341,341,341,341,341,341,341,341,341,341,341,341,341,341,341,341,341,341,341,341,341,341,341,341,341,341,341,341,341,341,341,341,341,341,
size:24
[agent] id:3
path:972,940,908,876,844,812,811,779,747,715,714,713,712,711,710,709,708,707,707,707,707,707,707,707,707,707,707,707,707,707,707,707,707,707,707,707,707,707,707,707,
goal:707,707,707,707,707,707,707,707,707,707,707,707,707,707,707,707,707,707,707,707,707,707,707,707,707,707,707,707,707,707,707,707,707,707,707,707,707,707,707,707,
size:17
[agent] id:4
path:657,658,626,594,562,530,498,466,434,435,436,437,405,373,341,309,277,245,213,214,182,150,151,119,87,55,23,24,25,26,26,26,26,26,26,26,26,26,26,26,
goal:26,26,26,26,26,26,26,26,26,26,26,26,26,26,26,26,26,26,26,26,26,26,26,26,26,26,26,26,26,26,26,26,26,26,26,26,26,26,26,26,
size:29
[agent] id:5
path:800,801,802,803,835,836,837,838,839,840,841,842,874,875,876,877,878,879,880,881,882,883,884,885,886,886,886,886,886,886,886,886,886,886,886,886,886,886,886,886,
goal:886,886,886,886,886,886,886,886,886,886,886,886,886,886,886,886,886,886,886,886,886,886,886,886,886,886,886,886,886,886,886,886,886,886,886,886,886,886,886,886,
size:24
[agent] id:6
path:620,652,651,683,715,747,779,778,810,842,874,906,938,937,936,935,934,933,933,933,933,933,933,933,933,933,933,933,933,933,933,933,933,933,933,933,933,933,933,933,
goal:933,933,933,933,933,933,933,933,933,933,933,933,933,933,933,933,933,933,933,933,933,933,933,933,933,933,933,933,933,933,933,933,933,933,933,933,933,933,933,933,
size:17
[agent] id:7
path:10,42,74,106,138,137,169,168,200,199,231,263,262,294,326,358,390,422,454,454,454,454,454,454,454,454,454,454,454,454,454,454,454,454,454,454,454,454,454,454,
goal:454,454,454,454,454,454,454,454,454,454,454,454,454,454,454,454,454,454,454,454,454,454,454,454,454,454,454,454,454,454,454,454,454,454,454,454,454,454,454,454,
size:18
[agent] id:8
path:18,50,82,114,146,178,210,242,241,273,305,337,369,401,402,403,403,435,467,499,531,531,531,531,531,531,531,531,531,531,531,531,531,531,531,531,531,531,531,531,
goal:531,531,531,531,531,531,531,531,531,531,531,531,531,531,531,531,531,531,531,531,531,531,531,531,531,531,531,531,531,531,531,531,531,531,531,531,531,531,531,531,
size:20
[agent] id:9
path:623,655,687,688,720,752,753,785,786,818,850,882,883,884,885,886,918,950,982,983,984,985,986,987,1019,1020,1020,1020,1020,1020,1020,1020,1020,1020,1020,1020,1020,1020,1020,1020,
goal:1020,1020,1020,1020,1020,1020,1020,1020,1020,1020,1020,1020,1020,1020,1020,1020,1020,1020,1020,1020,1020,1020,1020,1020,1020,1020,1020,1020,1020,1020,1020,1020,1020,1020,1020,1020,1020,1020,1020,1020,
size:25
[agent] id:10
path:801,802,770,738,706,707,708,676,644,612,613,614,582,550,551,552,553,554,555,556,557,558,559,560,561,562,563,564,565,533,534,535,536,537,538,539,507,508,476,476,
goal:476,476,476,476,476,476,476,476,476,476,476,476,476,476,476,476,476,476,476,476,476,476,476,476,476,476,476,476,476,476,476,476,476,476,476,476,476,476,476,476,
size:38
[agent] id:11
path:552,584,616,648,680,712,713,714,715,716,717,718,718,718,718,718,718,718,718,718,718,718,718,718,718,718,718,718,718,718,718,718,718,718,718,718,718,718,718,718,
goal:718,718,718,718,718,718,718,718,718,718,718,718,718,718,718,718,718,718,718,718,718,718,718,718,718,718,718,718,718,718,718,718,718,718,718,718,718,718,718,718,
size:11
[agent] id:12
path:352,353,354,355,356,357,389,390,391,392,393,394,395,396,364,332,300,268,269,270,271,239,240,241,209,210,211,212,213,214,182,183,184,185,186,187,188,189,190,158,
goal:158,158,158,158,158,158,158,158,158,158,158,158,158,158,158,158,158,158,158,158,158,158,158,158,158,158,158,158,158,158,158,158,158,158,158,158,158,158,158,158,
size:39
[agent] id:13
path:402,401,369,337,305,273,241,240,239,207,206,205,204,203,202,201,200,199,231,230,229,228,227,259,258,257,225,193,161,162,130,130,130,130,130,130,130,130,130,130,
goal:130,130,130,130,130,130,130,130,130,130,130,130,130,130,130,130,130,130,130,130,130,130,130,130,130,130,130,130,130,130,130,130,130,130,130,130,130,130,130,130,
size:30
[agent] id:14
path:296,264,263,231,199,200,201,202,203,171,172,173,174,142,110,111,112,113,114,115,115,115,115,115,115,115,115,115,115,115,115,115,115,115,115,115,115,115,115,115,
goal:115,115,115,115,115,115,115,115,115,115,115,115,115,115,115,115,115,115,115,115,115,115,115,115,115,115,115,115,115,115,115,115,115,115,115,115,115,115,115,115,
size:19
[agent] id:15
path:973,941,942,943,944,945,946,978,979,980,948,949,950,982,983,984,985,986,987,955,956,924,925,926,927,927,927,927,927,927,927,927,927,927,927,927,927,927,927,927,
goal:927,927,927,927,927,927,927,927,927,927,927,927,927,927,927,927,927,927,927,927,927,927,927,927,927,927,927,927,927,927,927,927,927,927,927,927,927,927,927,927,
size:24
[agent] id:16
path:538,537,536,535,534,533,501,469,437,405,373,341,309,308,307,306,274,242,241,240,239,207,206,174,173,172,140,139,107,75,74,73,72,71,70,69,68,68,68,68,
goal:68,68,68,68,68,68,68,68,68,68,68,68,68,68,68,68,68,68,68,68,68,68,68,68,68,68,68,68,68,68,68,68,68,68,68,68,68,68,68,68,
size:36
[agent] id:17
path:853,885,886,918,919,920,920,920,920,920,920,920,920,920,920,920,920,920,920,920,920,920,920,920,920,920,920,920,920,920,920,920,920,920,920,920,920,920,920,920,
goal:920,920,920,920,920,920,920,920,920,920,920,920,920,920,920,920,920,920,920,920,920,920,920,920,920,920,920,920,920,920,920,920,920,920,920,920,920,920,920,920,
size:5
[agent] id:18
path:456,457,458,459,460,461,493,494,526,527,528,529,497,465,433,434,435,436,437,438,439,407,408,409,441,441,441,441,441,441,441,441,441,441,441,441,441,441,441,441,
goal:441,441,441,441,441,441,441,441,441,441,441,441,441,441,441,441,441,441,441,441,441,441,441,441,441,441,441,441,441,441,441,441,441,441,441,441,441,441,441,441,
size:24
[agent] id:19
path:379,378,410,442,474,473,472,504,536,535,567,599,631,663,695,727,759,791,823,855,887,919,918,950,982,983,984,985,986,987,987,987,987,987,987,987,987,987,987,987,
goal:987,987,987,987,987,987,987,987,987,987,987,987,987,987,987,987,987,987,987,987,987,987,987,987,987,987,987,987,987,987,987,987,987,987,987,987,987,987,987,987,
size:29
[agent] id:20
path:313,312,311,310,309,308,307,306,274,242,241,240,239,207,206,205,204,203,202,201,200,199,231,230,229,228,227,259,258,257,225,193,192,192,192,192,192,192,192,192,
goal:192,192,192,192,192,192,192,192,192,192,192,192,192,192,192,192,192,192,192,192,192,192,192,192,192,192,192,192,192,192,192,192,192,192,192,192,192,192,192,192,
size:32
[agent] id:21
path:759,727,695,663,631,599,567,566,565,564,563,562,561,560,528,527,526,525,524,524,524,524,524,524,524,524,524,524,524,524,524,524,524,524,524,524,524,524,524,524,
goal:524,524,524,524,524,524,524,524,524,524,524,524,524,524,524,524,524,524,524,524,524,524,524,524,524,524,524,524,524,524,524,524,524,524,524,524,524,524,524,524,
size:18
[agent] id:22
path:139,171,172,173,174,142,143,144,176,177,178,210,211,212,213,181,181,181,181,181,181,181,181,181,181,181,181,181,181,181,181,181,181,181,181,181,181,181,181,181,
goal:181,181,181,181,181,181,181,181,181,181,181,181,181,181,181,181,181,181,181,181,181,181,181,181,181,181,181,181,181,181,181,181,181,181,181,181,181,181,181,181,
size:15
[agent] id:23
path:428,460,461,493,525,557,589,621,653,685,685,717,749,781,782,814,846,845,845,845,845,845,845,845,845,845,845,845,845,845,845,845,845,845,845,845,845,845,845,845,
goal:845,845,845,845,845,845,845,845,845,845,845,845,845,845,845,845,845,845,845,845,845,845,845,845,845,845,845,845,845,845,845,845,845,845,845,845,845,845,845,845,
size:17
[agent] id:24
path:280,248,216,184,152,120,88,89,90,91,91,91,91,91,91,91,91,91,91,91,91,91,91,91,91,91,91,91,91,91,91,91,91,91,91,91,91,91,91,91,
goal:91,91,91,91,91,91,91,91,91,91,91,91,91,91,91,91,91,91,91,91,91,91,91,91,91,91,91,91,91,91,91,91,91,91,91,91,91,91,91,91,
size:9
[agent] id:25
path:956,988,987,986,985,984,983,982,950,918,886,885,884,852,851,883,915,915,915,915,915,915,915,915,915,915,915,915,915,915,915,915,915,915,915,915,915,915,915,915,
goal:915,915,915,915,915,915,915,915,915,915,915,915,915,915,915,915,915,915,915,915,915,915,915,915,915,915,915,915,915,915,915,915,915,915,915,915,915,915,915,915,
size:16
[agent] id:26
path:199,200,201,233,234,235,236,268,300,332,364,396,428,460,461,493,525,557,589,621,653,654,655,656,657,658,659,660,661,662,663,695,695,695,695,695,695,695,695,695,
goal:695,695,695,695,695,695,695,695,695,695,695,695,695,695,695,695,695,695,695,695,695,695,695,695,695,695,695,695,695,695,695,695,695,695,695,695,695,695,695,695,
size:31
[agent] id:27
path:603,635,634,633,632,664,663,662,661,660,659,658,657,656,655,654,653,652,651,650,649,648,648,648,648,648,648,648,648,648,648,648,648,648,648,648,648,648,648,648,
goal:648,648,648,648,648,648,648,648,648,648,648,648,648,648,648,648,648,648,648,648,648,648,648,648,648,648,648,648,648,648,648,648,648,648,648,648,648,648,648,648,
size:21
[agent] id:28
path:647,615,583,551,552,553,554,555,556,524,525,526,527,528,529,497,465,433,434,435,436,437,405,373,373,373,373,373,373,373,373,373,373,373,373,373,373,373,373,373,
goal:373,373,373,373,373,373,373,373,373,373,373,373,373,373,373,373,373,373,373,373,373,373,373,373,373,373,373,373,373,373,373,373,373,373,373,373,373,373,373,373,
size:23
[agent] id:29
path:463,464,465,497,529,561,593,592,591,623,655,687,686,685,717,749,781,782,782,782,782,782,782,782,782,782,782,782,782,782,782,782,782,782,782,782,782,782,782,782,
goal:782,782,782,782,782,782,782,782,782,782,782,782,782,782,782,782,782,782,782,782,782,782,782,782,782,782,782,782,782,782,782,782,782,782,782,782,782,782,782,782,
size:17
SolutionCost:665
