[setting] seed:6751
[solver] type:SASB-ECBS
[solver] w:2.000000
[solver] ID:0
[solver] Lowlevelnode:6585
[solver] Highlevelnode:17
[solver] ConflictCount:9
[solver] solved:1
[solver] elapsed:42
[solver] makespan:39
[problem] timesteplimit:15000
[problem] type:MAPF
[problem] agentnum:30
[graph] width:32
[graph] height:32
[graph] filename:./map/32by32_agents10_ex30.map
[task] id:12,start:0,end:0,service time:0,nodes:88,
[task] id:15,start:0,end:0,service time:0,nodes:886,
[task] id:19,start:0,end:0,service time:0,nodes:378,
[task] id:26,start:0,end:0,service time:0,nodes:402,
[task] id:27,start:0,end:0,service time:0,nodes:210,
[task] id:20,start:0,end:0,service time:0,nodes:121,
[task] id:13,start:0,end:0,service time:0,nodes:557,
[task] id:14,start:0,end:0,service time:0,nodes:94,
[task] id:6,start:0,end:0,service time:0,nodes:603,
[task] id:1,start:0,end:0,service time:0,nodes:715,
[task] id:7,start:0,end:0,service time:0,nodes:400,
[task] id:8,start:0,end:0,service time:0,nodes:718,
[task] id:10,start:0,end:0,service time:0,nodes:512,
[task] id:2,start:0,end:0,service time:0,nodes:342,
[task] id:21,start:0,end:0,service time:0,nodes:878,
[task] id:23,start:0,end:0,service time:0,nodes:690,
[task] id:28,start:0,end:0,service time:0,nodes:55,
[task] id:3,start:0,end:0,service time:0,nodes:840,
[task] id:25,start:0,end:0,service time:0,nodes:859,
[task] id:9,start:0,end:0,service time:0,nodes:644,
[task] id:5,start:0,end:0,service time:0,nodes:127,
[task] id:0,start:0,end:0,service time:0,nodes:136,
[task] id:11,start:0,end:0,service time:0,nodes:240,
[task] id:4,start:0,end:0,service time:0,nodes:162,
[task] id:16,start:0,end:0,service time:0,nodes:486,
[task] id:22,start:0,end:0,service time:0,nodes:11,
[task] id:24,start:0,end:0,service time:0,nodes:1004,
[task] id:29,start:0,end:0,service time:0,nodes:639,
[task] id:17,start:0,end:0,service time:0,nodes:347,
[task] id:18,start:0,end:0,service time:0,nodes:824,
[agent] id:0
path:504,472,473,441,409,377,345,313,312,311,310,309,308,307,306,274,242,241,240,239,207,206,174,173,172,140,139,138,137,136,136,136,136,136,136,136,136,136,136,136,
goal:136,136,136,136,136,136,136,136,136,136,136,136,136,136,136,136,136,136,136,136,136,136,136,136,136,136,136,136,136,136,136,136,136,136,136,136,136,136,136,136,
size:29
[agent] id:1
path:439,438,470,469,501,533,565,597,629,661,693,692,691,690,689,688,687,686,718,717,716,715,715,715,715,715,715,715,715,715,715,715,715,715,715,715,715,715,715,715,
goal:715,715,715,715,715,715,715,715,715,715,715,715,715,715,715,715,715,715,715,715,715,715,715,715,715,715,715,715,715,715,715,715,715,715,715,715,715,715,715,715,
size:21
[agent] id:2
path:797,765,733,701,669,637,605,604,603,571,539,538,537,536,504,472,473,441,409,377,376,375,374,342,342,342,342,342,342,342,342,342,342,342,342,342,342,342,342,342,
goal:342,342,342,342,342,342,342,342,342,342,342,342,342,342,342,342,342,342,342,342,342,342,342,342,342,342,342,342,342,342,342,342,342,342,342,342,342,342,342,342,
size:23
[agent] id:3
path:701,700,699,731,730,762,794,793,825,824,823,855,854,853,852,851,850,849,848,847,846,845,844,843,842,841,840,840,840,840,840,840,840,840,840,840,840,840,840,840,
goal:840,840,840,840,840,840,840,840,840,840,840,840,840,840,840,840,840,840,840,840,840,840,840,840,840,840,840,840,840,840,840,840,840,840,840,840,840,840,840,840,
size:26
[agent] id:4
path:929,930,898,866,867,835,803,771,739,707,706,705,673,641,609,577,545,513,512,480,448,416,384,352,320,288,256,257,225,193,161,162,162,162,162,162,162,162,162,162,
goal:162,162,162,162,162,162,162,162,162,162,162,162,162,162,162,162,162,162,162,162,162,162,162,162,162,162,162,162,162,162,162,162,162,162,162,162,162,162,162,162,
size:31
[agent] id:5
path:728,696,664,632,633,634,602,570,538,539,507,508,476,477,478,446,414,413,381,349,317,285,286,287,255,223,191,159,127,127,127,127,127,127,127,127,127,127,127,127,
goal:127,127,127,127,127,127,127,127,127,127,127,127,127,127,127,127,127,127,127,127,127,127,127,127,127,127,127,127,127,127,127,127,127,127,127,127,127,127,127,127,
size:28
[agent] id:6
path:880,848,849,850,818,786,754,722,690,658,626,627,628,629,630,631,632,633,634,602,603,603,603,603,603,603,603,603,603,603,603,603,603,603,603,603,603,603,603,603,
goal:603,603,603,603,603,603,603,603,603,603,603,603,603,603,603,603,603,603,603,603,603,603,603,603,603,603,603,603,603,603,603,603,603,603,603,603,603,603,603,603,
size:20
[agent] id:7
path:91,123,155,187,219,218,217,216,248,280,312,311,310,309,308,307,306,305,337,369,401,400,400,400,400,400,400,400,400,400,400,400,400,400,400,400,400,400,400,400,
goal:400,400,400,400,400,400,400,400,400,400,400,400,400,400,400,400,400,400,400,400,400,400,400,400,400,400,400,400,400,400,400,400,400,400,400,400,400,400,400,400,
size:21
[agent] id:8
path:310,342,374,406,438,470,469,501,533,565,597,629,661,693,692,691,690,689,688,687,686,718,718,718,718,718,718,718,718,718,718,718,718,718,718,718,718,718,718,718,
goal:718,718,718,718,718,718,718,718,718,718,718,718,718,718,718,718,718,718,718,718,718,718,718,718,718,718,718,718,718,718,718,718,718,718,718,718,718,718,718,718,
size:21
[agent] id:9
path:888,887,855,823,791,759,727,695,663,662,661,660,659,658,657,656,655,654,653,652,651,650,649,648,647,646,645,644,644,644,644,644,644,644,644,644,644,644,644,644,
goal:644,644,644,644,644,644,644,644,644,644,644,644,644,644,644,644,644,644,644,644,644,644,644,644,644,644,644,644,644,644,644,644,644,644,644,644,644,644,644,644,
size:27
[agent] id:10
path:999,967,935,934,902,870,838,806,774,742,710,678,646,614,582,550,518,517,516,515,514,513,512,512,512,512,512,512,512,512,512,512,512,512,512,512,512,512,512,512,
goal:512,512,512,512,512,512,512,512,512,512,512,512,512,512,512,512,512,512,512,512,512,512,512,512,512,512,512,512,512,512,512,512,512,512,512,512,512,512,512,512,
size:22
[agent] id:11
path:1006,974,942,943,911,879,847,846,814,782,750,718,686,654,622,590,558,526,527,528,529,497,465,433,401,369,337,305,273,241,240,240,240,240,240,240,240,240,240,240,
goal:240,240,240,240,240,240,240,240,240,240,240,240,240,240,240,240,240,240,240,240,240,240,240,240,240,240,240,240,240,240,240,240,240,240,240,240,240,240,240,240,
size:30
[agent] id:12
path:150,151,119,87,88,88,88,88,88,88,88,88,88,88,88,88,88,88,88,88,88,88,88,88,88,88,88,88,88,88,88,88,88,88,88,88,88,88,88,88,
goal:88,88,88,88,88,88,88,88,88,88,88,88,88,88,88,88,88,88,88,88,88,88,88,88,88,88,88,88,88,88,88,88,88,88,88,88,88,88,88,88,
size:4
[agent] id:13
path:408,407,439,438,470,469,501,533,565,564,563,562,561,560,559,558,557,557,557,557,557,557,557,557,557,557,557,557,557,557,557,557,557,557,557,557,557,557,557,557,
goal:557,557,557,557,557,557,557,557,557,557,557,557,557,557,557,557,557,557,557,557,557,557,557,557,557,557,557,557,557,557,557,557,557,557,557,557,557,557,557,557,
size:16
[agent] id:14
path:476,477,478,446,414,413,381,349,317,285,286,287,255,223,191,159,127,95,94,94,94,94,94,94,94,94,94,94,94,94,94,94,94,94,94,94,94,94,94,94,
goal:94,94,94,94,94,94,94,94,94,94,94,94,94,94,94,94,94,94,94,94,94,94,94,94,94,94,94,94,94,94,94,94,94,94,94,94,94,94,94,94,
size:18
[agent] id:15
path:818,850,882,883,884,885,886,886,886,886,886,886,886,886,886,886,886,886,886,886,886,886,886,886,886,886,886,886,886,886,886,886,886,886,886,886,886,886,886,886,
goal:886,886,886,886,886,886,886,886,886,886,886,886,886,886,886,886,886,886,886,886,886,886,886,886,886,886,886,886,886,886,886,886,886,886,886,886,886,886,886,886,
size:6
[agent] id:16
path:187,219,218,217,216,248,280,312,311,310,309,308,307,306,305,304,303,302,301,300,332,364,396,395,394,393,392,424,423,422,454,486,486,486,486,486,486,486,486,486,
goal:486,486,486,486,486,486,486,486,486,486,486,486,486,486,486,486,486,486,486,486,486,486,486,486,486,486,486,486,486,486,486,486,486,486,486,486,486,486,486,486,
size:31
[agent] id:17
path:548,549,550,551,552,553,554,555,556,524,525,526,527,528,529,497,498,499,500,501,533,534,535,536,537,538,539,507,508,476,477,478,446,414,413,381,349,348,347,347,
goal:347,347,347,347,347,347,347,347,347,347,347,347,347,347,347,347,347,347,347,347,347,347,347,347,347,347,347,347,347,347,347,347,347,347,347,347,347,347,347,347,
size:38
[agent] id:18
path:196,228,260,292,293,294,326,358,390,422,454,486,518,550,551,583,615,616,617,618,619,620,652,653,685,686,687,688,720,721,722,723,724,725,757,758,759,791,823,824,
goal:824,824,824,824,824,824,824,824,824,824,824,824,824,824,824,824,824,824,824,824,824,824,824,824,824,824,824,824,824,824,824,824,824,824,824,824,824,824,824,824,
size:39
[agent] id:19
path:534,535,503,504,472,473,441,409,377,378,378,378,378,378,378,378,378,378,378,378,378,378,378,378,378,378,378,378,378,378,378,378,378,378,378,378,378,378,378,378,
goal:378,378,378,378,378,378,378,378,378,378,378,378,378,378,378,378,378,378,378,378,378,378,378,378,378,378,378,378,378,378,378,378,378,378,378,378,378,378,378,378,
size:9
[agent] id:20
path:410,378,377,345,313,312,311,279,247,215,183,151,119,120,121,121,121,121,121,121,121,121,121,121,121,121,121,121,121,121,121,121,121,121,121,121,121,121,121,121,
goal:121,121,121,121,121,121,121,121,121,121,121,121,121,121,121,121,121,121,121,121,121,121,121,121,121,121,121,121,121,121,121,121,121,121,121,121,121,121,121,121,
size:14
[agent] id:21
path:514,515,547,579,611,643,644,676,708,709,741,773,805,837,838,839,840,841,842,874,875,876,877,878,878,878,878,878,878,878,878,878,878,878,878,878,878,878,878,878,
goal:878,878,878,878,878,878,878,878,878,878,878,878,878,878,878,878,878,878,878,878,878,878,878,878,878,878,878,878,878,878,878,878,878,878,878,878,878,878,878,878,
size:23
[agent] id:22
path:634,633,632,600,599,567,566,565,564,563,531,499,467,435,434,433,401,369,368,336,304,303,271,239,207,206,174,142,110,78,77,45,13,12,11,11,11,11,11,11,
goal:11,11,11,11,11,11,11,11,11,11,11,11,11,11,11,11,11,11,11,11,11,11,11,11,11,11,11,11,11,11,11,11,11,11,11,11,11,11,11,11,
size:34
[agent] id:23
path:202,234,235,236,268,269,301,302,334,366,367,399,431,463,464,465,466,498,530,562,594,626,658,690,690,690,690,690,690,690,690,690,690,690,690,690,690,690,690,690,
goal:690,690,690,690,690,690,690,690,690,690,690,690,690,690,690,690,690,690,690,690,690,690,690,690,690,690,690,690,690,690,690,690,690,690,690,690,690,690,690,690,
size:23
[agent] id:24
path:472,473,441,409,408,407,439,438,470,469,468,500,499,531,563,562,594,626,658,690,722,754,786,818,850,882,914,946,945,944,943,942,974,1006,1005,1004,1004,1004,1004,1004,
goal:1004,1004,1004,1004,1004,1004,1004,1004,1004,1004,1004,1004,1004,1004,1004,1004,1004,1004,1004,1004,1004,1004,1004,1004,1004,1004,1004,1004,1004,1004,1004,1004,1004,1004,1004,1004,1004,1004,1004,1004,
size:35
[agent] id:25
path:647,648,649,650,651,652,653,685,686,687,688,720,721,722,723,724,725,757,758,759,791,823,824,825,857,858,859,859,859,859,859,859,859,859,859,859,859,859,859,859,
goal:859,859,859,859,859,859,859,859,859,859,859,859,859,859,859,859,859,859,859,859,859,859,859,859,859,859,859,859,859,859,859,859,859,859,859,859,859,859,859,859,
size:26
[agent] id:26
path:49,81,113,145,177,209,241,273,305,337,369,401,402,402,402,402,402,402,402,402,402,402,402,402,402,402,402,402,402,402,402,402,402,402,402,402,402,402,402,402,
goal:402,402,402,402,402,402,402,402,402,402,402,402,402,402,402,402,402,402,402,402,402,402,402,402,402,402,402,402,402,402,402,402,402,402,402,402,402,402,402,402,
size:12
[agent] id:27
path:189,188,187,219,218,217,216,215,214,213,212,211,210,210,210,210,210,210,210,210,210,210,210,210,210,210,210,210,210,210,210,210,210,210,210,210,210,210,210,210,
goal:210,210,210,210,210,210,210,210,210,210,210,210,210,210,210,210,210,210,210,210,210,210,210,210,210,210,210,210,210,210,210,210,210,210,210,210,210,210,210,210,
size:12
[agent] id:28
path:428,396,364,332,300,268,236,204,172,173,174,142,110,78,79,80,48,49,50,51,52,53,54,55,55,55,55,55,55,55,55,55,55,55,55,55,55,55,55,55,
goal:55,55,55,55,55,55,55,55,55,55,55,55,55,55,55,55,55,55,55,55,55,55,55,55,55,55,55,55,55,55,55,55,55,55,55,55,55,55,55,55,
size:23
[agent] id:29
path:156,156,188,188,187,219,218,217,217,217,216,248,280,312,344,376,408,409,408,409,441,473,472,504,536,537,569,570,602,634,635,667,668,669,670,671,639,639,639,639,
goal:639,639,639,639,639,639,639,639,639,639,639,639,639,639,639,639,639,639,639,639,639,639,639,639,639,639,639,639,639,639,639,639,639,639,639,639,639,639,639,639,
size:36
SolutionCost:698
