[setting] seed:9883
[solver] type:SASB-ECBS
[solver] w:2.000000
[solver] ID:0
[solver] Lowlevelnode:6789
[solver] Highlevelnode:25
[solver] ConflictCount:13
[solver] solved:1
[solver] elapsed:42
[solver] makespan:47
[problem] timesteplimit:15000
[problem] type:MAPF
[problem] agentnum:30
[graph] width:32
[graph] height:32
[graph] filename:./map/32by32_agents10_ex30.map
[task] id:8,start:0,end:0,service time:0,nodes:914,
[task] id:13,start:0,end:0,service time:0,nodes:81,
[task] id:7,start:0,end:0,service time:0,nodes:778,
[task] id:3,start:0,end:0,service time:0,nodes:203,
[task] id:19,start:0,end:0,service time:0,nodes:361,
[task] id:12,start:0,end:0,service time:0,nodes:565,
[task] id:16,start:0,end:0,service time:0,nodes:969,
[task] id:23,start:0,end:0,service time:0,nodes:303,
[task] id:4,start:0,end:0,service time:0,nodes:288,
[task] id:2,start:0,end:0,service time:0,nodes:486,
[task] id:29,start:0,end:0,service time:0,nodes:837,
[task] id:0,start:0,end:0,service time:0,nodes:915,
[task] id:1,start:0,end:0,service time:0,nodes:723,
[task] id:21,start:0,end:0,service time:0,nodes:776,
[task] id:11,start:0,end:0,service time:0,nodes:697,
[task] id:18,start:0,end:0,service time:0,nodes:941,
[task] id:26,start:0,end:0,service time:0,nodes:811,
[task] id:10,start:0,end:0,service time:0,nodes:960,
[task] id:24,start:0,end:0,service time:0,nodes:567,
[task] id:27,start:0,end:0,service time:0,nodes:31,
[task] id:17,start:0,end:0,service time:0,nodes:989,
[task] id:20,start:0,end:0,service time:0,nodes:230,
[task] id:22,start:0,end:0,service time:0,nodes:527,
[task] id:5,start:0,end:0,service time:0,nodes:513,
[task] id:28,start:0,end:0,service time:0,nodes:476,
[task] id:25,start:0,end:0,service time:0,nodes:20,
[task] id:14,start:0,end:0,service time:0,nodes:92,
[task] id:9,start:0,end:0,service time:0,nodes:26,
[task] id:15,start:0,end:0,service time:0,nodes:161,
[task] id:6,start:0,end:0,service time:0,nodes:934,
[agent] id:0
path:570,571,603,635,667,699,731,730,729,728,760,759,791,823,855,854,853,852,884,883,915,915,915,915,915,915,915,915,915,915,915,915,915,915,915,915,915,915,915,915,915,915,915,915,915,915,915,915,
goal:915,915,915,915,915,915,915,915,915,915,915,915,915,915,915,915,915,915,915,915,915,915,915,915,915,915,915,915,915,915,915,915,915,915,915,915,915,915,915,915,915,915,915,915,915,915,915,915,
size:20
[agent] id:1
path:641,642,643,644,645,646,647,648,649,650,651,652,653,685,686,687,688,720,721,722,723,723,723,723,723,723,723,723,723,723,723,723,723,723,723,723,723,723,723,723,723,723,723,723,723,723,723,723,
goal:723,723,723,723,723,723,723,723,723,723,723,723,723,723,723,723,723,723,723,723,723,723,723,723,723,723,723,723,723,723,723,723,723,723,723,723,723,723,723,723,723,723,723,723,723,723,723,723,
size:20
[agent] id:2
path:964,965,933,901,869,837,805,773,741,709,677,645,613,614,582,550,518,486,486,486,486,486,486,486,486,486,486,486,486,486,486,486,486,486,486,486,486,486,486,486,486,486,486,486,486,486,486,486,
goal:486,486,486,486,486,486,486,486,486,486,486,486,486,486,486,486,486,486,486,486,486,486,486,486,486,486,486,486,486,486,486,486,486,486,486,486,486,486,486,486,486,486,486,486,486,486,486,486,
size:17
[agent] id:3
path:454,422,390,358,326,294,262,230,231,199,200,201,202,203,203,203,203,203,203,203,203,203,203,203,203,203,203,203,203,203,203,203,203,203,203,203,203,203,203,203,203,203,203,203,203,203,203,203,
goal:203,203,203,203,203,203,203,203,203,203,203,203,203,203,203,203,203,203,203,203,203,203,203,203,203,203,203,203,203,203,203,203,203,203,203,203,203,203,203,203,203,203,203,203,203,203,203,203,
size:13
[agent] id:4
path:707,706,705,673,641,609,577,545,513,512,480,448,416,384,352,320,288,288,288,288,288,288,288,288,288,288,288,288,288,288,288,288,288,288,288,288,288,288,288,288,288,288,288,288,288,288,288,288,
goal:288,288,288,288,288,288,288,288,288,288,288,288,288,288,288,288,288,288,288,288,288,288,288,288,288,288,288,288,288,288,288,288,288,288,288,288,288,288,288,288,288,288,288,288,288,288,288,288,
size:16
[agent] id:5
path:636,635,634,633,632,600,599,567,566,565,564,563,562,561,560,559,558,557,556,555,554,522,521,520,519,518,517,516,515,514,513,513,513,513,513,513,513,513,513,513,513,513,513,513,513,513,513,513,
goal:513,513,513,513,513,513,513,513,513,513,513,513,513,513,513,513,513,513,513,513,513,513,513,513,513,513,513,513,513,513,513,513,513,513,513,513,513,513,513,513,513,513,513,513,513,513,513,513,
size:30
[agent] id:6
path:90,122,121,153,185,217,216,248,280,312,344,376,408,407,439,438,470,469,501,500,499,531,563,562,594,626,658,690,722,754,786,818,850,882,881,880,879,878,877,909,908,940,939,938,937,936,935,934,
goal:934,934,934,934,934,934,934,934,934,934,934,934,934,934,934,934,934,934,934,934,934,934,934,934,934,934,934,934,934,934,934,934,934,934,934,934,934,934,934,934,934,934,934,934,934,934,934,934,
size:47
[agent] id:7
path:912,880,848,847,846,845,844,812,811,779,778,778,778,778,778,778,778,778,778,778,778,778,778,778,778,778,778,778,778,778,778,778,778,778,778,778,778,778,778,778,778,778,778,778,778,778,778,778,
goal:778,778,778,778,778,778,778,778,778,778,778,778,778,778,778,778,778,778,778,778,778,778,778,778,778,778,778,778,778,778,778,778,778,778,778,778,778,778,778,778,778,778,778,778,778,778,778,778,
size:10
[agent] id:8
path:938,939,940,941,942,943,911,912,913,914,914,914,914,914,914,914,914,914,914,914,914,914,914,914,914,914,914,914,914,914,914,914,914,914,914,914,914,914,914,914,914,914,914,914,914,914,914,914,
goal:914,914,914,914,914,914,914,914,914,914,914,914,914,914,914,914,914,914,914,914,914,914,914,914,914,914,914,914,914,914,914,914,914,914,914,914,914,914,914,914,914,914,914,914,914,914,914,914,
size:9
[agent] id:9
path:516,517,518,519,520,521,489,457,458,426,427,428,396,364,332,300,268,236,204,172,173,174,142,110,78,79,80,48,49,50,51,52,53,54,55,23,24,25,26,26,26,26,26,26,26,26,26,26,
goal:26,26,26,26,26,26,26,26,26,26,26,26,26,26,26,26,26,26,26,26,26,26,26,26,26,26,26,26,26,26,26,26,26,26,26,26,26,26,26,26,26,26,26,26,26,26,26,26,
size:38
[agent] id:10
path:654,686,718,750,782,814,846,878,877,909,941,940,939,938,937,936,935,967,966,965,964,963,962,961,960,960,960,960,960,960,960,960,960,960,960,960,960,960,960,960,960,960,960,960,960,960,960,960,
goal:960,960,960,960,960,960,960,960,960,960,960,960,960,960,960,960,960,960,960,960,960,960,960,960,960,960,960,960,960,960,960,960,960,960,960,960,960,960,960,960,960,960,960,960,960,960,960,960,
size:24
[agent] id:11
path:210,211,212,213,245,277,309,341,373,405,437,469,501,533,534,566,598,630,662,663,695,696,697,697,697,697,697,697,697,697,697,697,697,697,697,697,697,697,697,697,697,697,697,697,697,697,697,697,
goal:697,697,697,697,697,697,697,697,697,697,697,697,697,697,697,697,697,697,697,697,697,697,697,697,697,697,697,697,697,697,697,697,697,697,697,697,697,697,697,697,697,697,697,697,697,697,697,697,
size:22
[agent] id:12
path:428,460,461,493,525,526,527,528,529,530,531,531,531,563,564,565,565,565,565,565,565,565,565,565,565,565,565,565,565,565,565,565,565,565,565,565,565,565,565,565,565,565,565,565,565,565,565,565,
goal:565,565,565,565,565,565,565,565,565,565,565,565,565,565,565,565,565,565,565,565,565,565,565,565,565,565,565,565,565,565,565,565,565,565,565,565,565,565,565,565,565,565,565,565,565,565,565,565,
size:15
[agent] id:13
path:307,306,274,242,210,178,146,114,82,81,81,81,81,81,81,81,81,81,81,81,81,81,81,81,81,81,81,81,81,81,81,81,81,81,81,81,81,81,81,81,81,81,81,81,81,81,81,81,
goal:81,81,81,81,81,81,81,81,81,81,81,81,81,81,81,81,81,81,81,81,81,81,81,81,81,81,81,81,81,81,81,81,81,81,81,81,81,81,81,81,81,81,81,81,81,81,81,81,
size:9
[agent] id:14
path:1016,984,952,920,888,887,855,823,791,759,727,695,663,631,599,567,535,503,504,472,473,441,409,377,345,313,281,280,248,216,184,152,120,88,89,90,91,92,92,92,92,92,92,92,92,92,92,92,
goal:92,92,92,92,92,92,92,92,92,92,92,92,92,92,92,92,92,92,92,92,92,92,92,92,92,92,92,92,92,92,92,92,92,92,92,92,92,92,92,92,92,92,92,92,92,92,92,92,
size:37
[agent] id:15
path:122,121,153,185,217,216,215,214,213,212,211,243,242,241,240,239,207,206,205,204,236,235,234,233,233,201,200,199,231,263,262,261,260,259,258,257,225,193,161,161,161,161,161,161,161,161,161,161,
goal:161,161,161,161,161,161,161,161,161,161,161,161,161,161,161,161,161,161,161,161,161,161,161,161,161,161,161,161,161,161,161,161,161,161,161,161,161,161,161,161,161,161,161,161,161,161,161,161,
size:38
[agent] id:16
path:885,884,883,915,914,946,945,944,943,942,974,973,972,971,970,969,969,969,969,969,969,969,969,969,969,969,969,969,969,969,969,969,969,969,969,969,969,969,969,969,969,969,969,969,969,969,969,969,
goal:969,969,969,969,969,969,969,969,969,969,969,969,969,969,969,969,969,969,969,969,969,969,969,969,969,969,969,969,969,969,969,969,969,969,969,969,969,969,969,969,969,969,969,969,969,969,969,969,
size:15
[agent] id:17
path:559,591,623,655,687,688,720,752,753,785,786,818,850,882,883,884,885,886,918,950,982,983,984,985,986,987,988,989,989,989,989,989,989,989,989,989,989,989,989,989,989,989,989,989,989,989,989,989,
goal:989,989,989,989,989,989,989,989,989,989,989,989,989,989,989,989,989,989,989,989,989,989,989,989,989,989,989,989,989,989,989,989,989,989,989,989,989,989,989,989,989,989,989,989,989,989,989,989,
size:27
[agent] id:18
path:765,764,796,795,794,793,825,824,823,855,854,853,852,851,850,882,881,913,945,944,943,942,941,941,941,941,941,941,941,941,941,941,941,941,941,941,941,941,941,941,941,941,941,941,941,941,941,941,
goal:941,941,941,941,941,941,941,941,941,941,941,941,941,941,941,941,941,941,941,941,941,941,941,941,941,941,941,941,941,941,941,941,941,941,941,941,941,941,941,941,941,941,941,941,941,941,941,941,
size:22
[agent] id:19
path:652,620,621,589,557,525,493,461,429,397,396,395,394,393,361,361,361,361,361,361,361,361,361,361,361,361,361,361,361,361,361,361,361,361,361,361,361,361,361,361,361,361,361,361,361,361,361,361,
goal:361,361,361,361,361,361,361,361,361,361,361,361,361,361,361,361,361,361,361,361,361,361,361,361,361,361,361,361,361,361,361,361,361,361,361,361,361,361,361,361,361,361,361,361,361,361,361,361,
size:14
[agent] id:20
path:89,57,56,55,54,53,52,84,83,115,114,146,145,144,143,142,174,173,172,140,139,138,137,169,201,200,199,231,230,230,230,230,230,230,230,230,230,230,230,230,230,230,230,230,230,230,230,230,
goal:230,230,230,230,230,230,230,230,230,230,230,230,230,230,230,230,230,230,230,230,230,230,230,230,230,230,230,230,230,230,230,230,230,230,230,230,230,230,230,230,230,230,230,230,230,230,230,230,
size:28
[agent] id:21
path:384,416,448,480,512,544,576,577,609,641,673,705,706,707,708,709,741,773,774,775,776,776,776,776,776,776,776,776,776,776,776,776,776,776,776,776,776,776,776,776,776,776,776,776,776,776,776,776,
goal:776,776,776,776,776,776,776,776,776,776,776,776,776,776,776,776,776,776,776,776,776,776,776,776,776,776,776,776,776,776,776,776,776,776,776,776,776,776,776,776,776,776,776,776,776,776,776,776,
size:20
[agent] id:22
path:989,957,925,893,861,860,859,858,857,825,793,792,760,728,696,664,632,600,599,598,597,596,564,563,531,530,529,528,527,527,527,527,527,527,527,527,527,527,527,527,527,527,527,527,527,527,527,527,
goal:527,527,527,527,527,527,527,527,527,527,527,527,527,527,527,527,527,527,527,527,527,527,527,527,527,527,527,527,527,527,527,527,527,527,527,527,527,527,527,527,527,527,527,527,527,527,527,527,
size:28
[agent] id:23
path:420,421,389,390,391,392,393,394,395,396,364,332,300,301,302,303,303,303,303,303,303,303,303,303,303,303,303,303,303,303,303,303,303,303,303,303,303,303,303,303,303,303,303,303,303,303,303,303,
goal:303,303,303,303,303,303,303,303,303,303,303,303,303,303,303,303,303,303,303,303,303,303,303,303,303,303,303,303,303,303,303,303,303,303,303,303,303,303,303,303,303,303,303,303,303,303,303,303,
size:15
[agent] id:24
path:61,93,92,91,123,155,187,219,218,217,216,248,280,312,344,376,408,409,410,442,474,473,472,504,536,535,567,567,567,567,567,567,567,567,567,567,567,567,567,567,567,567,567,567,567,567,567,567,
goal:567,567,567,567,567,567,567,567,567,567,567,567,567,567,567,567,567,567,567,567,567,567,567,567,567,567,567,567,567,567,567,567,567,567,567,567,567,567,567,567,567,567,567,567,567,567,567,567,
size:26
[agent] id:25
path:797,765,733,701,669,637,605,604,603,571,539,538,537,536,504,472,473,441,409,377,345,313,281,280,248,216,184,152,120,88,56,24,23,22,21,20,20,20,20,20,20,20,20,20,20,20,20,20,
goal:20,20,20,20,20,20,20,20,20,20,20,20,20,20,20,20,20,20,20,20,20,20,20,20,20,20,20,20,20,20,20,20,20,20,20,20,20,20,20,20,20,20,20,20,20,20,20,20,
size:35
[agent] id:26
path:405,437,469,501,533,565,597,629,661,660,659,658,657,656,655,654,686,718,717,716,715,747,779,811,811,811,811,811,811,811,811,811,811,811,811,811,811,811,811,811,811,811,811,811,811,811,811,811,
goal:811,811,811,811,811,811,811,811,811,811,811,811,811,811,811,811,811,811,811,811,811,811,811,811,811,811,811,811,811,811,811,811,811,811,811,811,811,811,811,811,811,811,811,811,811,811,811,811,
size:23
[agent] id:27
path:634,602,570,538,539,507,508,476,477,478,446,414,413,381,349,317,285,286,287,255,223,191,159,127,95,63,31,31,31,31,31,31,31,31,31,31,31,31,31,31,31,31,31,31,31,31,31,31,
goal:31,31,31,31,31,31,31,31,31,31,31,31,31,31,31,31,31,31,31,31,31,31,31,31,31,31,31,31,31,31,31,31,31,31,31,31,31,31,31,31,31,31,31,31,31,31,31,31,
size:26
[agent] id:28
path:137,169,201,233,234,235,236,268,300,301,302,334,366,367,399,431,463,464,465,497,498,499,500,501,533,534,535,536,537,538,539,507,508,476,476,476,476,476,476,476,476,476,476,476,476,476,476,476,
goal:476,476,476,476,476,476,476,476,476,476,476,476,476,476,476,476,476,476,476,476,476,476,476,476,476,476,476,476,476,476,476,476,476,476,476,476,476,476,476,476,476,476,476,476,476,476,476,476,
size:33
[agent] id:29
path:723,755,754,786,818,850,849,848,847,846,845,844,843,842,841,840,839,838,837,837,837,837,837,837,837,837,837,837,837,837,837,837,837,837,837,837,837,837,837,837,837,837,837,837,837,837,837,837,
goal:837,837,837,837,837,837,837,837,837,837,837,837,837,837,837,837,837,837,837,837,837,837,837,837,837,837,837,837,837,837,837,837,837,837,837,837,837,837,837,837,837,837,837,837,837,837,837,837,
size:18
SolutionCost:695
