[setting] seed:21067
[solver] type:SASB-ECBS
[solver] w:2.000000
[solver] ID:0
[solver] Lowlevelnode:7229
[solver] Highlevelnode:27
[solver] ConflictCount:14
[solver] solved:1
[solver] elapsed:44
[solver] makespan:38
[problem] timesteplimit:15000
[problem] type:MAPF
[problem] agentnum:30
[graph] width:32
[graph] height:32
[graph] filename:./map/32by32_agents10_ex30.map
[task] id:22,start:0,end:0,service time:0,nodes:508,
[task] id:29,start:0,end:0,service time:0,nodes:712,
[task] id:18,start:0,end:0,service time:0,nodes:561,
[task] id:21,start:0,end:0,service time:0,nodes:112,
[task] id:1,start:0,end:0,service time:0,nodes:209,
[task] id:11,start:0,end:0,service time:0,nodes:268,
[task] id:14,start:0,end:0,service time:0,nodes:563,
[task] id:4,start:0,end:0,service time:0,nodes:612,
[task] id:17,start:0,end:0,service time:0,nodes:452,
[task] id:20,start:0,end:0,service time:0,nodes:437,
[task] id:13,start:0,end:0,service time:0,nodes:332,
[task] id:24,start:0,end:0,service time:0,nodes:133,
[task] id:6,start:0,end:0,service time:0,nodes:567,
[task] id:7,start:0,end:0,service time:0,nodes:906,
[task] id:9,start:0,end:0,service time:0,nodes:173,
[task] id:23,start:0,end:0,service time:0,nodes:54,
[task] id:5,start:0,end:0,service time:0,nodes:94,
[task] id:25,start:0,end:0,service time:0,nodes:99,
[task] id:3,start:0,end:0,service time:0,nodes:690,
[task] id:12,start:0,end:0,service time:0,nodes:885,
[task] id:26,start:0,end:0,service time:0,nodes:945,
[task] id:0,start:0,end:0,service time:0,nodes:565,
[task] id:27,start:0,end:0,service time:0,nodes:1007,
[task] id:2,start:0,end:0,service time:0,nodes:136,
[task] id:10,start:0,end:0,service time:0,nodes:189,
[task] id:15,start:0,end:0,service time:0,nodes:308,
[task] id:19,start:0,end:0,service time:0,nodes:723,
[task] id:8,start:0,end:0,service time:0,nodes:323,
[task] id:28,start:0,end:0,service time:0,nodes:551,
[task] id:16,start:0,end:0,service time:0,nodes:8,
[agent] id:0
path:389,421,453,485,517,549,550,551,552,553,554,555,556,557,558,559,560,528,529,530,531,499,500,501,533,565,565,565,565,565,565,565,565,565,565,565,565,565,565,
goal:565,565,565,565,565,565,565,565,565,565,565,565,565,565,565,565,565,565,565,565,565,565,565,565,565,565,565,565,565,565,565,565,565,565,565,565,565,565,565,
size:25
[agent] id:1
path:498,466,434,402,401,369,337,305,273,241,209,209,209,209,209,209,209,209,209,209,209,209,209,209,209,209,209,209,209,209,209,209,209,209,209,209,209,209,209,
goal:209,209,209,209,209,209,209,209,209,209,209,209,209,209,209,209,209,209,209,209,209,209,209,209,209,209,209,209,209,209,209,209,209,209,209,209,209,209,209,
size:10
[agent] id:2
path:802,770,738,706,707,708,676,644,612,613,614,582,550,518,486,454,422,390,358,326,294,262,230,231,199,167,135,136,136,136,136,136,136,136,136,136,136,136,136,
goal:136,136,136,136,136,136,136,136,136,136,136,136,136,136,136,136,136,136,136,136,136,136,136,136,136,136,136,136,136,136,136,136,136,136,136,136,136,136,136,
size:27
[agent] id:3
path:234,235,236,268,300,301,302,334,366,367,399,431,463,464,465,497,529,530,530,562,594,626,658,690,690,690,690,690,690,690,690,690,690,690,690,690,690,690,690,
goal:690,690,690,690,690,690,690,690,690,690,690,690,690,690,690,690,690,690,690,690,690,690,690,690,690,690,690,690,690,690,690,690,690,690,690,690,690,690,690,
size:23
[agent] id:4
path:778,810,809,808,776,744,743,711,679,647,615,614,613,612,612,612,612,612,612,612,612,612,612,612,612,612,612,612,612,612,612,612,612,612,612,612,612,612,612,
goal:612,612,612,612,612,612,612,612,612,612,612,612,612,612,612,612,612,612,612,612,612,612,612,612,612,612,612,612,612,612,612,612,612,612,612,612,612,612,612,
size:13
[agent] id:5
path:12,44,45,77,78,79,80,81,82,83,84,52,53,54,86,87,88,89,90,91,92,93,94,94,94,94,94,94,94,94,94,94,94,94,94,94,94,94,94,
goal:94,94,94,94,94,94,94,94,94,94,94,94,94,94,94,94,94,94,94,94,94,94,94,94,94,94,94,94,94,94,94,94,94,94,94,94,94,94,94,
size:22
[agent] id:6
path:911,879,847,848,849,850,818,786,754,722,723,691,659,627,628,596,564,565,566,567,567,567,567,567,567,567,567,567,567,567,567,567,567,567,567,567,567,567,567,
goal:567,567,567,567,567,567,567,567,567,567,567,567,567,567,567,567,567,567,567,567,567,567,567,567,567,567,567,567,567,567,567,567,567,567,567,567,567,567,567,
size:19
[agent] id:7
path:490,522,554,553,552,584,616,648,680,681,713,745,744,776,808,840,841,842,874,906,906,906,906,906,906,906,906,906,906,906,906,906,906,906,906,906,906,906,906,
goal:906,906,906,906,906,906,906,906,906,906,906,906,906,906,906,906,906,906,906,906,906,906,906,906,906,906,906,906,906,906,906,906,906,906,906,906,906,906,906,
size:19
[agent] id:8
path:507,539,538,537,536,535,567,566,566,565,564,563,531,530,529,528,527,526,494,493,461,429,397,396,395,394,393,392,391,359,358,357,356,355,323,323,323,323,323,
goal:323,323,323,323,323,323,323,323,323,323,323,323,323,323,323,323,323,323,323,323,323,323,323,323,323,323,323,323,323,323,323,323,323,323,323,323,323,323,323,
size:34
[agent] id:9
path:416,384,352,320,288,256,257,258,259,227,228,229,230,231,199,200,201,202,203,171,172,173,173,173,173,173,173,173,173,173,173,173,173,173,173,173,173,173,173,
goal:173,173,173,173,173,173,173,173,173,173,173,173,173,173,173,173,173,173,173,173,173,173,173,173,173,173,173,173,173,173,173,173,173,173,173,173,173,173,173,
size:21
[agent] id:10
path:701,669,637,605,604,603,571,539,538,537,536,504,472,473,441,409,377,345,313,281,280,248,216,184,185,186,187,188,189,189,189,189,189,189,189,189,189,189,189,
goal:189,189,189,189,189,189,189,189,189,189,189,189,189,189,189,189,189,189,189,189,189,189,189,189,189,189,189,189,189,189,189,189,189,189,189,189,189,189,189,
size:28
[agent] id:11
path:227,228,229,230,231,199,200,201,233,234,235,236,268,268,268,268,268,268,268,268,268,268,268,268,268,268,268,268,268,268,268,268,268,268,268,268,268,268,268,
goal:268,268,268,268,268,268,268,268,268,268,268,268,268,268,268,268,268,268,268,268,268,268,268,268,268,268,268,268,268,268,268,268,268,268,268,268,268,268,268,
size:12
[agent] id:12
path:738,739,771,803,835,836,837,838,839,840,841,842,874,875,876,877,878,879,880,881,882,883,884,885,885,885,885,885,885,885,885,885,885,885,885,885,885,885,885,
goal:885,885,885,885,885,885,885,885,885,885,885,885,885,885,885,885,885,885,885,885,885,885,885,885,885,885,885,885,885,885,885,885,885,885,885,885,885,885,885,
size:23
[agent] id:13
path:184,216,248,280,312,311,310,309,308,307,306,305,304,303,302,301,300,332,332,332,332,332,332,332,332,332,332,332,332,332,332,332,332,332,332,332,332,332,332,
goal:332,332,332,332,332,332,332,332,332,332,332,332,332,332,332,332,332,332,332,332,332,332,332,332,332,332,332,332,332,332,332,332,332,332,332,332,332,332,332,
size:17
[agent] id:14
path:377,409,441,473,472,504,536,535,567,566,565,564,563,563,563,563,563,563,563,563,563,563,563,563,563,563,563,563,563,563,563,563,563,563,563,563,563,563,563,
goal:563,563,563,563,563,563,563,563,563,563,563,563,563,563,563,563,563,563,563,563,563,563,563,563,563,563,563,563,563,563,563,563,563,563,563,563,563,563,563,
size:12
[agent] id:15
path:925,893,861,860,859,858,857,825,793,792,760,728,696,664,632,600,599,567,535,534,533,501,469,470,438,406,374,342,310,309,308,308,308,308,308,308,308,308,308,
goal:308,308,308,308,308,308,308,308,308,308,308,308,308,308,308,308,308,308,308,308,308,308,308,308,308,308,308,308,308,308,308,308,308,308,308,308,308,308,308,
size:30
[agent] id:16
path:848,847,846,814,782,750,718,686,654,622,590,558,526,494,493,461,429,397,396,395,394,393,392,391,359,358,326,294,262,230,231,199,167,135,103,71,39,7,8,
goal:8,8,8,8,8,8,8,8,8,8,8,8,8,8,8,8,8,8,8,8,8,8,8,8,8,8,8,8,8,8,8,8,8,8,8,8,8,8,8,
size:38
[agent] id:17
path:800,768,736,737,705,673,641,609,577,545,513,514,482,450,451,452,452,452,452,452,452,452,452,452,452,452,452,452,452,452,452,452,452,452,452,452,452,452,452,
goal:452,452,452,452,452,452,452,452,452,452,452,452,452,452,452,452,452,452,452,452,452,452,452,452,452,452,452,452,452,452,452,452,452,452,452,452,452,452,452,
size:15
[agent] id:18
path:655,623,591,559,560,561,561,561,561,561,561,561,561,561,561,561,561,561,561,561,561,561,561,561,561,561,561,561,561,561,561,561,561,561,561,561,561,561,561,
goal:561,561,561,561,561,561,561,561,561,561,561,561,561,561,561,561,561,561,561,561,561,561,561,561,561,561,561,561,561,561,561,561,561,561,561,561,561,561,561,
size:5
[agent] id:19
path:10,42,74,106,138,139,171,203,235,236,268,300,332,364,396,428,460,461,493,525,557,589,621,653,685,686,687,688,720,721,722,723,723,723,723,723,723,723,723,
goal:723,723,723,723,723,723,723,723,723,723,723,723,723,723,723,723,723,723,723,723,723,723,723,723,723,723,723,723,723,723,723,723,723,723,723,723,723,723,723,
size:31
[agent] id:20
path:685,653,621,589,557,525,526,527,528,529,497,465,433,434,435,436,437,437,437,437,437,437,437,437,437,437,437,437,437,437,437,437,437,437,437,437,437,437,437,
goal:437,437,437,437,437,437,437,437,437,437,437,437,437,437,437,437,437,437,437,437,437,437,437,437,437,437,437,437,437,437,437,437,437,437,437,437,437,437,437,
size:16
[agent] id:21
path:14,13,13,45,77,78,110,111,112,112,112,112,112,112,112,112,112,112,112,112,112,112,112,112,112,112,112,112,112,112,112,112,112,112,112,112,112,112,112,
goal:112,112,112,112,112,112,112,112,112,112,112,112,112,112,112,112,112,112,112,112,112,112,112,112,112,112,112,112,112,112,112,112,112,112,112,112,112,112,112,
size:8
[agent] id:22
path:477,509,508,508,508,508,508,508,508,508,508,508,508,508,508,508,508,508,508,508,508,508,508,508,508,508,508,508,508,508,508,508,508,508,508,508,508,508,508,
goal:508,508,508,508,508,508,508,508,508,508,508,508,508,508,508,508,508,508,508,508,508,508,508,508,508,508,508,508,508,508,508,508,508,508,508,508,508,508,508,
size:2
[agent] id:23
path:478,446,414,413,381,380,379,378,377,345,313,281,280,248,216,184,152,120,88,56,55,54,54,54,54,54,54,54,54,54,54,54,54,54,54,54,54,54,54,
goal:54,54,54,54,54,54,54,54,54,54,54,54,54,54,54,54,54,54,54,54,54,54,54,54,54,54,54,54,54,54,54,54,54,54,54,54,54,54,54,
size:21
[agent] id:24
path:553,521,489,457,456,424,392,391,359,358,326,294,262,230,229,197,165,133,133,133,133,133,133,133,133,133,133,133,133,133,133,133,133,133,133,133,133,133,133,
goal:133,133,133,133,133,133,133,133,133,133,133,133,133,133,133,133,133,133,133,133,133,133,133,133,133,133,133,133,133,133,133,133,133,133,133,133,133,133,133,
size:17
[agent] id:25
path:460,428,396,364,332,300,268,236,204,172,140,139,107,75,74,73,72,71,70,69,68,67,99,99,99,99,99,99,99,99,99,99,99,99,99,99,99,99,99,
goal:99,99,99,99,99,99,99,99,99,99,99,99,99,99,99,99,99,99,99,99,99,99,99,99,99,99,99,99,99,99,99,99,99,99,99,99,99,99,99,
size:22
[agent] id:26
path:375,407,439,438,470,469,501,533,565,597,629,661,693,725,724,723,755,754,786,818,850,882,914,946,945,945,945,945,945,945,945,945,945,945,945,945,945,945,945,
goal:945,945,945,945,945,945,945,945,945,945,945,945,945,945,945,945,945,945,945,945,945,945,945,945,945,945,945,945,945,945,945,945,945,945,945,945,945,945,945,
size:24
[agent] id:27
path:403,435,467,499,531,563,562,594,626,658,690,722,754,786,818,850,882,914,946,945,944,943,942,974,1006,1007,1007,1007,1007,1007,1007,1007,1007,1007,1007,1007,1007,1007,1007,
goal:1007,1007,1007,1007,1007,1007,1007,1007,1007,1007,1007,1007,1007,1007,1007,1007,1007,1007,1007,1007,1007,1007,1007,1007,1007,1007,1007,1007,1007,1007,1007,1007,1007,1007,1007,1007,1007,1007,1007,
size:25
[agent] id:28
path:159,191,223,255,287,286,318,317,349,381,380,379,378,410,409,408,407,439,438,470,469,468,467,499,531,530,529,528,560,559,558,557,556,555,554,553,552,551,551,
goal:551,551,551,551,551,551,551,551,551,551,551,551,551,551,551,551,551,551,551,551,551,551,551,551,551,551,551,551,551,551,551,551,551,551,551,551,551,551,551,
size:37
[agent] id:29
path:710,711,712,712,712,712,712,712,712,712,712,712,712,712,712,712,712,712,712,712,712,712,712,712,712,712,712,712,712,712,712,712,712,712,712,712,712,712,712,
goal:712,712,712,712,712,712,712,712,712,712,712,712,712,712,712,712,712,712,712,712,712,712,712,712,712,712,712,712,712,712,712,712,712,712,712,712,712,712,712,
size:2
SolutionCost:598
