[setting] seed:5294
[solver] type:SASB-ECBS
[solver] w:2.000000
[solver] ID:0
[solver] Lowlevelnode:4890
[solver] Highlevelnode:15
[solver] ConflictCount:8
[solver] solved:1
[solver] elapsed:38
[solver] makespan:39
[problem] timesteplimit:15000
[problem] type:MAPF
[problem] agentnum:30
[graph] width:32
[graph] height:32
[graph] filename:./map/32by32_agents10_ex30.map
[task] id:26,start:0,end:0,service time:0,nodes:888,
[task] id:25,start:0,end:0,service time:0,nodes:63,
[task] id:5,start:0,end:0,service time:0,nodes:764,
[task] id:15,start:0,end:0,service time:0,nodes:999,
[task] id:20,start:0,end:0,service time:0,nodes:457,
[task] id:21,start:0,end:0,service time:0,nodes:138,
[task] id:28,start:0,end:0,service time:0,nodes:802,
[task] id:11,start:0,end:0,service time:0,nodes:271,
[task] id:6,start:0,end:0,service time:0,nodes:1012,
[task] id:23,start:0,end:0,service time:0,nodes:1017,
[task] id:24,start:0,end:0,service time:0,nodes:803,
[task] id:8,start:0,end:0,service time:0,nodes:348,
[task] id:22,start:0,end:0,service time:0,nodes:166,
[task] id:29,start:0,end:0,service time:0,nodes:937,
[task] id:0,start:0,end:0,service time:0,nodes:7,
[task] id:3,start:0,end:0,service time:0,nodes:899,
[task] id:12,start:0,end:0,service time:0,nodes:967,
[task] id:19,start:0,end:0,service time:0,nodes:818,
[task] id:2,start:0,end:0,service time:0,nodes:74,
[task] id:16,start:0,end:0,service time:0,nodes:311,
[task] id:9,start:0,end:0,service time:0,nodes:985,
[task] id:18,start:0,end:0,service time:0,nodes:770,
[task] id:27,start:0,end:0,service time:0,nodes:893,
[task] id:10,start:0,end:0,service time:0,nodes:925,
[task] id:4,start:0,end:0,service time:0,nodes:188,
[task] id:14,start:0,end:0,service time:0,nodes:630,
[task] id:13,start:0,end:0,service time:0,nodes:159,
[task] id:17,start:0,end:0,service time:0,nodes:831,
[task] id:7,start:0,end:0,service time:0,nodes:1002,
[task] id:1,start:0,end:0,service time:0,nodes:898,
[agent] id:0
path:89,57,56,55,54,53,52,51,50,49,48,80,79,78,77,45,13,12,11,10,9,8,7,7,7,7,7,7,7,7,7,7,7,7,7,7,7,7,7,7,
goal:7,7,7,7,7,7,7,7,7,7,7,7,7,7,7,7,7,7,7,7,7,7,7,7,7,7,7,7,7,7,7,7,7,7,7,7,7,7,7,7,
size:22
[agent] id:1
path:112,144,143,142,174,206,205,204,203,202,201,200,199,231,263,262,294,326,358,390,422,454,486,518,550,582,614,646,678,710,742,774,806,838,837,836,835,867,866,898,
goal:898,898,898,898,898,898,898,898,898,898,898,898,898,898,898,898,898,898,898,898,898,898,898,898,898,898,898,898,898,898,898,898,898,898,898,898,898,898,898,898,
size:39
[agent] id:2
path:439,407,375,374,342,310,309,308,307,306,305,304,303,271,239,207,206,174,173,172,140,139,107,75,74,74,74,74,74,74,74,74,74,74,74,74,74,74,74,74,
goal:74,74,74,74,74,74,74,74,74,74,74,74,74,74,74,74,74,74,74,74,74,74,74,74,74,74,74,74,74,74,74,74,74,74,74,74,74,74,74,74,
size:24
[agent] id:3
path:979,978,946,945,913,912,944,943,942,941,973,941,940,939,938,937,936,935,934,902,901,900,899,899,899,899,899,899,899,899,899,899,899,899,899,899,899,899,899,899,
goal:899,899,899,899,899,899,899,899,899,899,899,899,899,899,899,899,899,899,899,899,899,899,899,899,899,899,899,899,899,899,899,899,899,899,899,899,899,899,899,899,
size:22
[agent] id:4
path:490,458,426,394,395,396,364,332,300,268,269,270,271,239,240,241,209,210,211,212,213,181,182,183,184,185,186,187,188,188,188,188,188,188,188,188,188,188,188,188,
goal:188,188,188,188,188,188,188,188,188,188,188,188,188,188,188,188,188,188,188,188,188,188,188,188,188,188,188,188,188,188,188,188,188,188,188,188,188,188,188,188,
size:28
[agent] id:5
path:1015,983,982,950,918,886,854,822,823,791,792,793,794,795,796,764,764,764,764,764,764,764,764,764,764,764,764,764,764,764,764,764,764,764,764,764,764,764,764,764,
goal:764,764,764,764,764,764,764,764,764,764,764,764,764,764,764,764,764,764,764,764,764,764,764,764,764,764,764,764,764,764,764,764,764,764,764,764,764,764,764,764,
size:15
[agent] id:6
path:563,562,594,626,658,690,722,754,786,818,850,882,914,946,978,979,980,1012,1012,1012,1012,1012,1012,1012,1012,1012,1012,1012,1012,1012,1012,1012,1012,1012,1012,1012,1012,1012,1012,1012,
goal:1012,1012,1012,1012,1012,1012,1012,1012,1012,1012,1012,1012,1012,1012,1012,1012,1012,1012,1012,1012,1012,1012,1012,1012,1012,1012,1012,1012,1012,1012,1012,1012,1012,1012,1012,1012,1012,1012,1012,1012,
size:17
[agent] id:7
path:3,35,67,68,69,101,133,165,197,229,261,293,294,326,358,390,422,454,486,518,550,582,614,646,678,710,742,774,806,838,839,840,841,842,874,906,938,970,1002,1002,
goal:1002,1002,1002,1002,1002,1002,1002,1002,1002,1002,1002,1002,1002,1002,1002,1002,1002,1002,1002,1002,1002,1002,1002,1002,1002,1002,1002,1002,1002,1002,1002,1002,1002,1002,1002,1002,1002,1002,1002,1002,
size:38
[agent] id:8
path:575,574,573,605,604,603,571,539,507,508,476,477,478,446,414,413,381,349,348,348,348,348,348,348,348,348,348,348,348,348,348,348,348,348,348,348,348,348,348,348,
goal:348,348,348,348,348,348,348,348,348,348,348,348,348,348,348,348,348,348,348,348,348,348,348,348,348,348,348,348,348,348,348,348,348,348,348,348,348,348,348,348,
size:18
[agent] id:9
path:964,965,966,967,935,936,937,938,939,940,941,942,943,944,945,946,978,979,980,948,949,950,982,983,984,985,985,985,985,985,985,985,985,985,985,985,985,985,985,985,
goal:985,985,985,985,985,985,985,985,985,985,985,985,985,985,985,985,985,985,985,985,985,985,985,985,985,985,985,985,985,985,985,985,985,985,985,985,985,985,985,985,
size:25
[agent] id:10
path:464,465,497,529,561,593,594,626,658,690,722,723,724,725,757,758,759,791,823,824,825,857,858,859,860,892,924,925,925,925,925,925,925,925,925,925,925,925,925,925,
goal:925,925,925,925,925,925,925,925,925,925,925,925,925,925,925,925,925,925,925,925,925,925,925,925,925,925,925,925,925,925,925,925,925,925,925,925,925,925,925,925,
size:27
[agent] id:11
path:566,534,533,501,469,437,405,373,341,309,308,307,306,305,304,303,271,271,271,271,271,271,271,271,271,271,271,271,271,271,271,271,271,271,271,271,271,271,271,271,
goal:271,271,271,271,271,271,271,271,271,271,271,271,271,271,271,271,271,271,271,271,271,271,271,271,271,271,271,271,271,271,271,271,271,271,271,271,271,271,271,271,
size:16
[agent] id:12
path:593,592,591,623,655,687,686,718,750,782,814,846,878,877,909,941,940,939,938,937,936,935,967,967,967,967,967,967,967,967,967,967,967,967,967,967,967,967,967,967,
goal:967,967,967,967,967,967,967,967,967,967,967,967,967,967,967,967,967,967,967,967,967,967,967,967,967,967,967,967,967,967,967,967,967,967,967,967,967,967,967,967,
size:22
[agent] id:13
path:557,525,526,527,528,529,497,465,433,401,369,337,305,273,241,209,210,211,212,213,181,182,183,184,185,186,187,188,189,190,158,159,159,159,159,159,159,159,159,159,
goal:159,159,159,159,159,159,159,159,159,159,159,159,159,159,159,159,159,159,159,159,159,159,159,159,159,159,159,159,159,159,159,159,159,159,159,159,159,159,159,159,
size:31
[agent] id:14
path:866,867,835,803,771,739,707,708,676,644,645,646,647,648,649,650,651,652,653,654,655,656,657,658,626,627,628,629,630,630,630,630,630,630,630,630,630,630,630,630,
goal:630,630,630,630,630,630,630,630,630,630,630,630,630,630,630,630,630,630,630,630,630,630,630,630,630,630,630,630,630,630,630,630,630,630,630,630,630,630,630,630,
size:28
[agent] id:15
path:651,683,715,747,779,811,843,875,907,939,938,937,936,935,967,999,999,999,999,999,999,999,999,999,999,999,999,999,999,999,999,999,999,999,999,999,999,999,999,999,
goal:999,999,999,999,999,999,999,999,999,999,999,999,999,999,999,999,999,999,999,999,999,999,999,999,999,999,999,999,999,999,999,999,999,999,999,999,999,999,999,999,
size:15
[agent] id:16
path:881,882,850,818,786,754,755,723,691,659,627,628,596,564,565,533,501,469,437,405,373,341,309,310,311,311,311,311,311,311,311,311,311,311,311,311,311,311,311,311,
goal:311,311,311,311,311,311,311,311,311,311,311,311,311,311,311,311,311,311,311,311,311,311,311,311,311,311,311,311,311,311,311,311,311,311,311,311,311,311,311,311,
size:24
[agent] id:17
path:22,54,86,87,119,151,183,215,247,279,311,312,344,376,408,409,441,473,472,504,536,537,569,570,602,634,635,667,699,700,701,733,765,797,798,830,831,831,831,831,
goal:831,831,831,831,831,831,831,831,831,831,831,831,831,831,831,831,831,831,831,831,831,831,831,831,831,831,831,831,831,831,831,831,831,831,831,831,831,831,831,831,
size:36
[agent] id:18
path:300,332,364,396,428,460,459,458,490,522,554,553,552,584,616,648,680,712,711,710,709,708,707,739,771,770,770,770,770,770,770,770,770,770,770,770,770,770,770,770,
goal:770,770,770,770,770,770,770,770,770,770,770,770,770,770,770,770,770,770,770,770,770,770,770,770,770,770,770,770,770,770,770,770,770,770,770,770,770,770,770,770,
size:25
[agent] id:19
path:485,517,549,550,582,614,646,647,648,649,650,651,652,653,685,686,687,688,720,752,753,785,786,818,818,818,818,818,818,818,818,818,818,818,818,818,818,818,818,818,
goal:818,818,818,818,818,818,818,818,818,818,818,818,818,818,818,818,818,818,818,818,818,818,818,818,818,818,818,818,818,818,818,818,818,818,818,818,818,818,818,818,
size:23
[agent] id:20
path:225,257,258,290,322,354,355,356,357,389,421,422,423,424,456,457,457,457,457,457,457,457,457,457,457,457,457,457,457,457,457,457,457,457,457,457,457,457,457,457,
goal:457,457,457,457,457,457,457,457,457,457,457,457,457,457,457,457,457,457,457,457,457,457,457,457,457,457,457,457,457,457,457,457,457,457,457,457,457,457,457,457,
size:15
[agent] id:21
path:19,51,83,115,114,146,145,144,143,142,174,173,172,140,139,138,138,138,138,138,138,138,138,138,138,138,138,138,138,138,138,138,138,138,138,138,138,138,138,138,
goal:138,138,138,138,138,138,138,138,138,138,138,138,138,138,138,138,138,138,138,138,138,138,138,138,138,138,138,138,138,138,138,138,138,138,138,138,138,138,138,138,
size:15
[agent] id:22
path:465,433,401,369,337,305,273,241,240,239,207,206,205,204,203,202,201,169,168,167,166,166,166,166,166,166,166,166,166,166,166,166,166,166,166,166,166,166,166,166,
goal:166,166,166,166,166,166,166,166,166,166,166,166,166,166,166,166,166,166,166,166,166,166,166,166,166,166,166,166,166,166,166,166,166,166,166,166,166,166,166,166,
size:20
[agent] id:23
path:1006,974,942,943,944,945,946,978,979,980,948,949,950,982,983,1015,1016,1017,1017,1017,1017,1017,1017,1017,1017,1017,1017,1017,1017,1017,1017,1017,1017,1017,1017,1017,1017,1017,1017,1017,
goal:1017,1017,1017,1017,1017,1017,1017,1017,1017,1017,1017,1017,1017,1017,1017,1017,1017,1017,1017,1017,1017,1017,1017,1017,1017,1017,1017,1017,1017,1017,1017,1017,1017,1017,1017,1017,1017,1017,1017,1017,
size:17
[agent] id:24
path:818,850,849,848,847,846,845,844,812,811,810,809,808,807,806,805,804,803,803,803,803,803,803,803,803,803,803,803,803,803,803,803,803,803,803,803,803,803,803,803,
goal:803,803,803,803,803,803,803,803,803,803,803,803,803,803,803,803,803,803,803,803,803,803,803,803,803,803,803,803,803,803,803,803,803,803,803,803,803,803,803,803,
size:17
[agent] id:25
path:287,255,223,191,159,127,95,63,63,63,63,63,63,63,63,63,63,63,63,63,63,63,63,63,63,63,63,63,63,63,63,63,63,63,63,63,63,63,63,63,
goal:63,63,63,63,63,63,63,63,63,63,63,63,63,63,63,63,63,63,63,63,63,63,63,63,63,63,63,63,63,63,63,63,63,63,63,63,63,63,63,63,
size:7
[agent] id:26
path:919,887,888,888,888,888,888,888,888,888,888,888,888,888,888,888,888,888,888,888,888,888,888,888,888,888,888,888,888,888,888,888,888,888,888,888,888,888,888,888,
goal:888,888,888,888,888,888,888,888,888,888,888,888,888,888,888,888,888,888,888,888,888,888,888,888,888,888,888,888,888,888,888,888,888,888,888,888,888,888,888,888,
size:2
[agent] id:27
path:413,414,446,478,477,509,508,540,539,571,603,635,667,699,700,701,733,765,797,798,830,831,863,895,894,893,893,893,893,893,893,893,893,893,893,893,893,893,893,893,
goal:893,893,893,893,893,893,893,893,893,893,893,893,893,893,893,893,893,893,893,893,893,893,893,893,893,893,893,893,893,893,893,893,893,893,893,893,893,893,893,893,
size:25
[agent] id:28
path:879,847,846,845,844,812,811,810,809,808,807,806,805,804,803,802,802,802,802,802,802,802,802,802,802,802,802,802,802,802,802,802,802,802,802,802,802,802,802,802,
goal:802,802,802,802,802,802,802,802,802,802,802,802,802,802,802,802,802,802,802,802,802,802,802,802,802,802,802,802,802,802,802,802,802,802,802,802,802,802,802,802,
size:15
[agent] id:29
path:888,920,919,887,886,885,884,883,915,914,913,912,911,911,943,942,941,940,939,938,937,937,937,937,937,937,937,937,937,937,937,937,937,937,937,937,937,937,937,937,
goal:937,937,937,937,937,937,937,937,937,937,937,937,937,937,937,937,937,937,937,937,937,937,937,937,937,937,937,937,937,937,937,937,937,937,937,937,937,937,937,937,
size:20
SolutionCost:648
