[setting] seed:8376
[solver] type:SASB-ECBS
[solver] w:2.000000
[solver] ID:0
[solver] Lowlevelnode:9553
[solver] Highlevelnode:21
[solver] ConflictCount:11
[solver] solved:1
[solver] elapsed:48
[solver] makespan:58
[problem] timesteplimit:15000
[problem] type:MAPF
[problem] agentnum:30
[graph] width:32
[graph] height:32
[graph] filename:./map/32by32_agents10_ex30.map
[task] id:8,start:0,end:0,service time:0,nodes:1009,
[task] id:6,start:0,end:0,service time:0,nodes:50,
[task] id:13,start:0,end:0,service time:0,nodes:799,
[task] id:20,start:0,end:0,service time:0,nodes:112,
[task] id:25,start:0,end:0,service time:0,nodes:214,
[task] id:12,start:0,end:0,service time:0,nodes:657,
[task] id:14,start:0,end:0,service time:0,nodes:655,
[task] id:17,start:0,end:0,service time:0,nodes:670,
[task] id:24,start:0,end:0,service time:0,nodes:810,
[task] id:2,start:0,end:0,service time:0,nodes:553,
[task] id:4,start:0,end:0,service time:0,nodes:653,
[task] id:27,start:0,end:0,service time:0,nodes:113,
[task] id:7,start:0,end:0,service time:0,nodes:520,
[task] id:9,start:0,end:0,service time:0,nodes:457,
[task] id:23,start:0,end:0,service time:0,nodes:840,
[task] id:10,start:0,end:0,service time:0,nodes:846,
[task] id:22,start:0,end:0,service time:0,nodes:368,
[task] id:5,start:0,end:0,service time:0,nodes:328,
[task] id:19,start:0,end:0,service time:0,nodes:796,
[task] id:3,start:0,end:0,service time:0,nodes:54,
[task] id:21,start:0,end:0,service time:0,nodes:967,
[task] id:0,start:0,end:0,service time:0,nodes:2,
[task] id:11,start:0,end:0,service time:0,nodes:621,
[task] id:15,start:0,end:0,service time:0,nodes:809,
[task] id:16,start:0,end:0,service time:0,nodes:597,
[task] id:26,start:0,end:0,service time:0,nodes:964,
[task] id:29,start:0,end:0,service time:0,nodes:94,
[task] id:18,start:0,end:0,service time:0,nodes:960,
[task] id:28,start:0,end:0,service time:0,nodes:190,
[task] id:1,start:0,end:0,service time:0,nodes:959,
[agent] id:0
path:561,560,559,558,557,556,555,554,522,490,458,457,456,424,424,392,391,359,358,326,294,262,230,229,197,165,133,101,69,37,5,4,3,2,2,2,2,2,2,2,2,2,2,2,2,2,2,2,2,2,2,2,2,2,2,2,2,2,2,
goal:2,2,2,2,2,2,2,2,2,2,2,2,2,2,2,2,2,2,2,2,2,2,2,2,2,2,2,2,2,2,2,2,2,2,2,2,2,2,2,2,2,2,2,2,2,2,2,2,2,2,2,2,2,2,2,2,2,2,2,
size:33
[agent] id:1
path:64,65,66,67,68,69,101,133,165,197,229,261,293,294,326,358,390,422,454,486,518,519,551,583,615,616,617,618,619,620,621,622,654,686,687,688,720,721,722,723,724,725,757,758,759,791,823,824,825,857,858,859,860,892,924,956,957,958,959,
goal:959,959,959,959,959,959,959,959,959,959,959,959,959,959,959,959,959,959,959,959,959,959,959,959,959,959,959,959,959,959,959,959,959,959,959,959,959,959,959,959,959,959,959,959,959,959,959,959,959,959,959,959,959,959,959,959,959,959,959,
size:58
[agent] id:2
path:597,565,564,563,562,561,560,559,558,557,556,555,554,553,553,553,553,553,553,553,553,553,553,553,553,553,553,553,553,553,553,553,553,553,553,553,553,553,553,553,553,553,553,553,553,553,553,553,553,553,553,553,553,553,553,553,553,553,553,
goal:553,553,553,553,553,553,553,553,553,553,553,553,553,553,553,553,553,553,553,553,553,553,553,553,553,553,553,553,553,553,553,553,553,553,553,553,553,553,553,553,553,553,553,553,553,553,553,553,553,553,553,553,553,553,553,553,553,553,553,
size:13
[agent] id:3
path:358,390,391,392,393,394,395,396,364,332,300,268,236,204,172,173,174,142,110,78,79,80,81,82,83,51,52,53,54,54,54,54,54,54,54,54,54,54,54,54,54,54,54,54,54,54,54,54,54,54,54,54,54,54,54,54,54,54,54,
goal:54,54,54,54,54,54,54,54,54,54,54,54,54,54,54,54,54,54,54,54,54,54,54,54,54,54,54,54,54,54,54,54,54,54,54,54,54,54,54,54,54,54,54,54,54,54,54,54,54,54,54,54,54,54,54,54,54,54,54,
size:28
[agent] id:4
path:483,515,547,579,611,643,644,645,646,647,648,649,650,651,652,653,653,653,653,653,653,653,653,653,653,653,653,653,653,653,653,653,653,653,653,653,653,653,653,653,653,653,653,653,653,653,653,653,653,653,653,653,653,653,653,653,653,653,653,
goal:653,653,653,653,653,653,653,653,653,653,653,653,653,653,653,653,653,653,653,653,653,653,653,653,653,653,653,653,653,653,653,653,653,653,653,653,653,653,653,653,653,653,653,653,653,653,653,653,653,653,653,653,653,653,653,653,653,653,653,
size:15
[agent] id:5
path:530,529,528,527,526,494,493,461,429,397,396,395,394,393,392,391,359,358,326,294,262,263,264,296,328,328,328,328,328,328,328,328,328,328,328,328,328,328,328,328,328,328,328,328,328,328,328,328,328,328,328,328,328,328,328,328,328,328,328,
goal:328,328,328,328,328,328,328,328,328,328,328,328,328,328,328,328,328,328,328,328,328,328,328,328,328,328,328,328,328,328,328,328,328,328,328,328,328,328,328,328,328,328,328,328,328,328,328,328,328,328,328,328,328,328,328,328,328,328,328,
size:24
[agent] id:6
path:306,274,242,210,178,146,114,82,50,50,50,50,50,50,50,50,50,50,50,50,50,50,50,50,50,50,50,50,50,50,50,50,50,50,50,50,50,50,50,50,50,50,50,50,50,50,50,50,50,50,50,50,50,50,50,50,50,50,50,
goal:50,50,50,50,50,50,50,50,50,50,50,50,50,50,50,50,50,50,50,50,50,50,50,50,50,50,50,50,50,50,50,50,50,50,50,50,50,50,50,50,50,50,50,50,50,50,50,50,50,50,50,50,50,50,50,50,50,50,50,
size:8
[agent] id:7
path:866,867,835,803,771,739,707,708,676,644,612,613,614,582,550,551,519,520,520,520,520,520,520,520,520,520,520,520,520,520,520,520,520,520,520,520,520,520,520,520,520,520,520,520,520,520,520,520,520,520,520,520,520,520,520,520,520,520,520,
goal:520,520,520,520,520,520,520,520,520,520,520,520,520,520,520,520,520,520,520,520,520,520,520,520,520,520,520,520,520,520,520,520,520,520,520,520,520,520,520,520,520,520,520,520,520,520,520,520,520,520,520,520,520,520,520,520,520,520,520,
size:17
[agent] id:8
path:943,944,945,946,978,1010,1009,1009,1009,1009,1009,1009,1009,1009,1009,1009,1009,1009,1009,1009,1009,1009,1009,1009,1009,1009,1009,1009,1009,1009,1009,1009,1009,1009,1009,1009,1009,1009,1009,1009,1009,1009,1009,1009,1009,1009,1009,1009,1009,1009,1009,1009,1009,1009,1009,1009,1009,1009,1009,
goal:1009,1009,1009,1009,1009,1009,1009,1009,1009,1009,1009,1009,1009,1009,1009,1009,1009,1009,1009,1009,1009,1009,1009,1009,1009,1009,1009,1009,1009,1009,1009,1009,1009,1009,1009,1009,1009,1009,1009,1009,1009,1009,1009,1009,1009,1009,1009,1009,1009,1009,1009,1009,1009,1009,1009,1009,1009,1009,1009,
size:6
[agent] id:9
path:192,193,225,257,258,290,322,354,355,356,357,389,421,422,423,424,456,457,457,457,457,457,457,457,457,457,457,457,457,457,457,457,457,457,457,457,457,457,457,457,457,457,457,457,457,457,457,457,457,457,457,457,457,457,457,457,457,457,457,
goal:457,457,457,457,457,457,457,457,457,457,457,457,457,457,457,457,457,457,457,457,457,457,457,457,457,457,457,457,457,457,457,457,457,457,457,457,457,457,457,457,457,457,457,457,457,457,457,457,457,457,457,457,457,457,457,457,457,457,457,
size:17
[agent] id:10
path:534,566,598,630,662,661,693,725,724,723,755,754,786,818,850,849,848,847,846,846,846,846,846,846,846,846,846,846,846,846,846,846,846,846,846,846,846,846,846,846,846,846,846,846,846,846,846,846,846,846,846,846,846,846,846,846,846,846,846,
goal:846,846,846,846,846,846,846,846,846,846,846,846,846,846,846,846,846,846,846,846,846,846,846,846,846,846,846,846,846,846,846,846,846,846,846,846,846,846,846,846,846,846,846,846,846,846,846,846,846,846,846,846,846,846,846,846,846,846,846,
size:18
[agent] id:11
path:27,26,58,90,122,121,153,185,217,216,248,280,312,344,376,408,407,439,438,470,469,501,533,565,564,563,562,594,593,592,591,623,622,621,621,621,621,621,621,621,621,621,621,621,621,621,621,621,621,621,621,621,621,621,621,621,621,621,621,
goal:621,621,621,621,621,621,621,621,621,621,621,621,621,621,621,621,621,621,621,621,621,621,621,621,621,621,621,621,621,621,621,621,621,621,621,621,621,621,621,621,621,621,621,621,621,621,621,621,621,621,621,621,621,621,621,621,621,621,621,
size:33
[agent] id:12
path:436,468,500,499,531,563,562,594,626,658,657,657,657,657,657,657,657,657,657,657,657,657,657,657,657,657,657,657,657,657,657,657,657,657,657,657,657,657,657,657,657,657,657,657,657,657,657,657,657,657,657,657,657,657,657,657,657,657,657,
goal:657,657,657,657,657,657,657,657,657,657,657,657,657,657,657,657,657,657,657,657,657,657,657,657,657,657,657,657,657,657,657,657,657,657,657,657,657,657,657,657,657,657,657,657,657,657,657,657,657,657,657,657,657,657,657,657,657,657,657,
size:10
[agent] id:13
path:636,668,700,701,733,765,797,798,799,799,799,799,799,799,799,799,799,799,799,799,799,799,799,799,799,799,799,799,799,799,799,799,799,799,799,799,799,799,799,799,799,799,799,799,799,799,799,799,799,799,799,799,799,799,799,799,799,799,799,
goal:799,799,799,799,799,799,799,799,799,799,799,799,799,799,799,799,799,799,799,799,799,799,799,799,799,799,799,799,799,799,799,799,799,799,799,799,799,799,799,799,799,799,799,799,799,799,799,799,799,799,799,799,799,799,799,799,799,799,799,
size:8
[agent] id:14
path:552,584,616,648,649,650,651,652,653,654,655,655,655,655,655,655,655,655,655,655,655,655,655,655,655,655,655,655,655,655,655,655,655,655,655,655,655,655,655,655,655,655,655,655,655,655,655,655,655,655,655,655,655,655,655,655,655,655,655,
goal:655,655,655,655,655,655,655,655,655,655,655,655,655,655,655,655,655,655,655,655,655,655,655,655,655,655,655,655,655,655,655,655,655,655,655,655,655,655,655,655,655,655,655,655,655,655,655,655,655,655,655,655,655,655,655,655,655,655,655,
size:10
[agent] id:15
path:380,379,378,410,442,474,473,472,504,536,535,567,599,631,663,662,661,693,692,691,690,689,688,687,686,718,717,716,715,747,779,811,843,842,841,809,809,809,809,809,809,809,809,809,809,809,809,809,809,809,809,809,809,809,809,809,809,809,809,
goal:809,809,809,809,809,809,809,809,809,809,809,809,809,809,809,809,809,809,809,809,809,809,809,809,809,809,809,809,809,809,809,809,809,809,809,809,809,809,809,809,809,809,809,809,809,809,809,809,809,809,809,809,809,809,809,809,809,809,809,
size:35
[agent] id:16
path:162,161,193,225,257,258,290,322,354,355,356,357,389,421,422,423,424,392,393,394,426,458,490,522,554,555,556,557,558,559,560,561,562,563,564,596,597,597,597,597,597,597,597,597,597,597,597,597,597,597,597,597,597,597,597,597,597,597,597,
goal:597,597,597,597,597,597,597,597,597,597,597,597,597,597,597,597,597,597,597,597,597,597,597,597,597,597,597,597,597,597,597,597,597,597,597,597,597,597,597,597,597,597,597,597,597,597,597,597,597,597,597,597,597,597,597,597,597,597,597,
size:36
[agent] id:17
path:536,537,569,570,602,634,635,667,668,669,670,670,670,670,670,670,670,670,670,670,670,670,670,670,670,670,670,670,670,670,670,670,670,670,670,670,670,670,670,670,670,670,670,670,670,670,670,670,670,670,670,670,670,670,670,670,670,670,670,
goal:670,670,670,670,670,670,670,670,670,670,670,670,670,670,670,670,670,670,670,670,670,670,670,670,670,670,670,670,670,670,670,670,670,670,670,670,670,670,670,670,670,670,670,670,670,670,670,670,670,670,670,670,670,670,670,670,670,670,670,
size:10
[agent] id:18
path:863,831,799,798,797,796,795,794,793,825,824,823,855,887,886,885,884,883,915,914,946,945,944,943,942,941,940,939,938,937,936,935,935,934,902,901,900,899,931,963,962,961,960,960,960,960,960,960,960,960,960,960,960,960,960,960,960,960,960,
goal:960,960,960,960,960,960,960,960,960,960,960,960,960,960,960,960,960,960,960,960,960,960,960,960,960,960,960,960,960,960,960,960,960,960,960,960,960,960,960,960,960,960,960,960,960,960,960,960,960,960,960,960,960,960,960,960,960,960,960,
size:42
[agent] id:19
path:431,463,464,465,497,529,561,593,594,626,658,690,722,723,724,725,757,758,759,791,792,793,794,795,796,796,796,796,796,796,796,796,796,796,796,796,796,796,796,796,796,796,796,796,796,796,796,796,796,796,796,796,796,796,796,796,796,796,796,
goal:796,796,796,796,796,796,796,796,796,796,796,796,796,796,796,796,796,796,796,796,796,796,796,796,796,796,796,796,796,796,796,796,796,796,796,796,796,796,796,796,796,796,796,796,796,796,796,796,796,796,796,796,796,796,796,796,796,796,796,
size:24
[agent] id:20
path:270,271,239,207,206,174,142,110,111,112,112,112,112,112,112,112,112,112,112,112,112,112,112,112,112,112,112,112,112,112,112,112,112,112,112,112,112,112,112,112,112,112,112,112,112,112,112,112,112,112,112,112,112,112,112,112,112,112,112,
goal:112,112,112,112,112,112,112,112,112,112,112,112,112,112,112,112,112,112,112,112,112,112,112,112,112,112,112,112,112,112,112,112,112,112,112,112,112,112,112,112,112,112,112,112,112,112,112,112,112,112,112,112,112,112,112,112,112,112,112,
size:9
[agent] id:21
path:169,201,200,199,231,263,262,294,326,358,390,422,454,486,518,550,582,614,646,678,710,742,774,806,838,870,902,934,966,967,967,967,967,967,967,967,967,967,967,967,967,967,967,967,967,967,967,967,967,967,967,967,967,967,967,967,967,967,967,
goal:967,967,967,967,967,967,967,967,967,967,967,967,967,967,967,967,967,967,967,967,967,967,967,967,967,967,967,967,967,967,967,967,967,967,967,967,967,967,967,967,967,967,967,967,967,967,967,967,967,967,967,967,967,967,967,967,967,967,967,
size:29
[agent] id:22
path:294,326,358,359,391,392,393,394,395,396,364,332,300,301,302,334,366,367,368,368,368,368,368,368,368,368,368,368,368,368,368,368,368,368,368,368,368,368,368,368,368,368,368,368,368,368,368,368,368,368,368,368,368,368,368,368,368,368,368,
goal:368,368,368,368,368,368,368,368,368,368,368,368,368,368,368,368,368,368,368,368,368,368,368,368,368,368,368,368,368,368,368,368,368,368,368,368,368,368,368,368,368,368,368,368,368,368,368,368,368,368,368,368,368,368,368,368,368,368,368,
size:18
[agent] id:23
path:420,452,484,516,548,549,550,582,614,646,678,710,742,774,806,838,839,840,840,840,840,840,840,840,840,840,840,840,840,840,840,840,840,840,840,840,840,840,840,840,840,840,840,840,840,840,840,840,840,840,840,840,840,840,840,840,840,840,840,
goal:840,840,840,840,840,840,840,840,840,840,840,840,840,840,840,840,840,840,840,840,840,840,840,840,840,840,840,840,840,840,840,840,840,840,840,840,840,840,840,840,840,840,840,840,840,840,840,840,840,840,840,840,840,840,840,840,840,840,840,
size:17
[agent] id:24
path:914,882,850,849,848,847,846,845,844,812,811,810,810,810,810,810,810,810,810,810,810,810,810,810,810,810,810,810,810,810,810,810,810,810,810,810,810,810,810,810,810,810,810,810,810,810,810,810,810,810,810,810,810,810,810,810,810,810,810,
goal:810,810,810,810,810,810,810,810,810,810,810,810,810,810,810,810,810,810,810,810,810,810,810,810,810,810,810,810,810,810,810,810,810,810,810,810,810,810,810,810,810,810,810,810,810,810,810,810,810,810,810,810,810,810,810,810,810,810,810,
size:11
[agent] id:25
path:438,406,374,342,310,309,277,245,213,214,214,214,214,214,214,214,214,214,214,214,214,214,214,214,214,214,214,214,214,214,214,214,214,214,214,214,214,214,214,214,214,214,214,214,214,214,214,214,214,214,214,214,214,214,214,214,214,214,214,
goal:214,214,214,214,214,214,214,214,214,214,214,214,214,214,214,214,214,214,214,214,214,214,214,214,214,214,214,214,214,214,214,214,214,214,214,214,214,214,214,214,214,214,214,214,214,214,214,214,214,214,214,214,214,214,214,214,214,214,214,
size:9
[agent] id:26
path:570,602,634,633,632,664,663,662,661,693,692,691,690,689,688,687,686,718,717,716,715,714,713,745,744,776,808,807,839,871,870,902,934,933,933,965,964,964,964,964,964,964,964,964,964,964,964,964,964,964,964,964,964,964,964,964,964,964,964,
goal:964,964,964,964,964,964,964,964,964,964,964,964,964,964,964,964,964,964,964,964,964,964,964,964,964,964,964,964,964,964,964,964,964,964,964,964,964,964,964,964,964,964,964,964,964,964,964,964,964,964,964,964,964,964,964,964,964,964,964,
size:36
[agent] id:27
path:408,376,344,312,311,310,309,277,245,213,212,211,210,178,146,114,113,113,113,113,113,113,113,113,113,113,113,113,113,113,113,113,113,113,113,113,113,113,113,113,113,113,113,113,113,113,113,113,113,113,113,113,113,113,113,113,113,113,113,
goal:113,113,113,113,113,113,113,113,113,113,113,113,113,113,113,113,113,113,113,113,113,113,113,113,113,113,113,113,113,113,113,113,113,113,113,113,113,113,113,113,113,113,113,113,113,113,113,113,113,113,113,113,113,113,113,113,113,113,113,
size:16
[agent] id:28
path:864,896,928,929,930,898,866,867,835,803,771,739,707,708,676,644,612,613,614,582,550,518,486,454,422,390,391,392,393,394,395,396,364,332,300,268,269,270,271,239,240,241,209,210,211,212,213,181,182,183,184,185,186,187,188,189,190,190,190,
goal:190,190,190,190,190,190,190,190,190,190,190,190,190,190,190,190,190,190,190,190,190,190,190,190,190,190,190,190,190,190,190,190,190,190,190,190,190,190,190,190,190,190,190,190,190,190,190,190,190,190,190,190,190,190,190,190,190,190,190,
size:56
[agent] id:29
path:912,880,881,882,850,818,786,754,722,690,691,659,627,628,596,564,565,533,501,469,437,405,373,341,309,277,245,213,181,182,150,151,119,87,88,89,90,91,92,93,94,94,94,94,94,94,94,94,94,94,94,94,94,94,94,94,94,94,94,
goal:94,94,94,94,94,94,94,94,94,94,94,94,94,94,94,94,94,94,94,94,94,94,94,94,94,94,94,94,94,94,94,94,94,94,94,94,94,94,94,94,94,94,94,94,94,94,94,94,94,94,94,94,94,94,94,94,94,94,94,
size:40
SolutionCost:686
