[setting] seed:16591
[solver] type:SASB-ECBS
[solver] w:2.000000
[solver] ID:0
[solver] Lowlevelnode:4697
[solver] Highlevelnode:21
[solver] ConflictCount:11
[solver] solved:1
[solver] elapsed:35
[solver] makespan:50
[problem] timesteplimit:15000
[problem] type:MAPF
[problem] agentnum:30
[graph] width:32
[graph] height:32
[graph] filename:./map/32by32_agents10_ex30.map
[task] id:21,start:0,end:0,service time:0,nodes:564,
[task] id:12,start:0,end:0,service time:0,nodes:457,
[task] id:14,start:0,end:0,service time:0,nodes:846,
[task] id:2,start:0,end:0,service time:0,nodes:466,
[task] id:8,start:0,end:0,service time:0,nodes:201,
[task] id:9,start:0,end:0,service time:0,nodes:448,
[task] id:24,start:0,end:0,service time:0,nodes:243,
[task] id:10,start:0,end:0,service time:0,nodes:31,
[task] id:1,start:0,end:0,service time:0,nodes:926,
[task] id:15,start:0,end:0,service time:0,nodes:393,
[task] id:23,start:0,end:0,service time:0,nodes:442,
[task] id:4,start:0,end:0,service time:0,nodes:328,
[task] id:18,start:0,end:0,service time:0,nodes:332,
[task] id:25,start:0,end:0,service time:0,nodes:571,
[task] id:19,start:0,end:0,service time:0,nodes:303,
[task] id:0,start:0,end:0,service time:0,nodes:915,
[task] id:7,start:0,end:0,service time:0,nodes:115,
[task] id:27,start:0,end:0,service time:0,nodes:396,
[task] id:3,start:0,end:0,service time:0,nodes:1002,
[task] id:11,start:0,end:0,service time:0,nodes:183,
[task] id:22,start:0,end:0,service time:0,nodes:227,
[task] id:20,start:0,end:0,service time:0,nodes:302,
[task] id:28,start:0,end:0,service time:0,nodes:20,
[task] id:13,start:0,end:0,service time:0,nodes:853,
[task] id:6,start:0,end:0,service time:0,nodes:67,
[task] id:29,start:0,end:0,service time:0,nodes:403,
[task] id:5,start:0,end:0,service time:0,nodes:941,
[task] id:26,start:0,end:0,service time:0,nodes:961,
[task] id:17,start:0,end:0,service time:0,nodes:953,
[task] id:16,start:0,end:0,service time:0,nodes:33,
[agent] id:0
path:245,277,309,341,373,405,437,469,501,533,565,597,629,661,693,725,724,723,755,754,786,818,850,882,914,915,915,915,915,915,915,915,915,915,915,915,915,915,915,915,915,915,915,915,915,915,915,915,915,915,915,
goal:915,915,915,915,915,915,915,915,915,915,915,915,915,915,915,915,915,915,915,915,915,915,915,915,915,915,915,915,915,915,915,915,915,915,915,915,915,915,915,915,915,915,915,915,915,915,915,915,915,915,915,
size:25
[agent] id:1
path:574,606,607,639,671,703,735,734,766,798,830,831,863,895,927,926,926,926,926,926,926,926,926,926,926,926,926,926,926,926,926,926,926,926,926,926,926,926,926,926,926,926,926,926,926,926,926,926,926,926,926,
goal:926,926,926,926,926,926,926,926,926,926,926,926,926,926,926,926,926,926,926,926,926,926,926,926,926,926,926,926,926,926,926,926,926,926,926,926,926,926,926,926,926,926,926,926,926,926,926,926,926,926,926,
size:15
[agent] id:2
path:112,144,176,177,209,241,273,305,337,369,401,433,465,466,466,466,466,466,466,466,466,466,466,466,466,466,466,466,466,466,466,466,466,466,466,466,466,466,466,466,466,466,466,466,466,466,466,466,466,466,466,
goal:466,466,466,466,466,466,466,466,466,466,466,466,466,466,466,466,466,466,466,466,466,466,466,466,466,466,466,466,466,466,466,466,466,466,466,466,466,466,466,466,466,466,466,466,466,466,466,466,466,466,466,
size:13
[agent] id:3
path:634,633,632,664,696,728,760,792,824,823,855,887,886,885,884,883,915,914,946,945,944,943,942,974,1006,1005,1004,1003,1002,1002,1002,1002,1002,1002,1002,1002,1002,1002,1002,1002,1002,1002,1002,1002,1002,1002,1002,1002,1002,1002,1002,
goal:1002,1002,1002,1002,1002,1002,1002,1002,1002,1002,1002,1002,1002,1002,1002,1002,1002,1002,1002,1002,1002,1002,1002,1002,1002,1002,1002,1002,1002,1002,1002,1002,1002,1002,1002,1002,1002,1002,1002,1002,1002,1002,1002,1002,1002,1002,1002,1002,1002,1002,1002,
size:28
[agent] id:4
path:524,556,555,554,522,490,458,426,394,393,392,391,359,358,326,294,262,263,264,296,328,328,328,328,328,328,328,328,328,328,328,328,328,328,328,328,328,328,328,328,328,328,328,328,328,328,328,328,328,328,328,
goal:328,328,328,328,328,328,328,328,328,328,328,328,328,328,328,328,328,328,328,328,328,328,328,328,328,328,328,328,328,328,328,328,328,328,328,328,328,328,328,328,328,328,328,328,328,328,328,328,328,328,328,
size:20
[agent] id:5
path:317,349,381,380,379,378,410,409,408,407,439,438,470,469,501,533,565,597,629,661,693,725,724,723,755,754,786,818,850,849,881,913,945,944,943,942,941,941,941,941,941,941,941,941,941,941,941,941,941,941,941,
goal:941,941,941,941,941,941,941,941,941,941,941,941,941,941,941,941,941,941,941,941,941,941,941,941,941,941,941,941,941,941,941,941,941,941,941,941,941,941,941,941,941,941,941,941,941,941,941,941,941,941,941,
size:36
[agent] id:6
path:691,659,627,626,594,562,530,498,466,434,402,401,369,337,305,273,241,240,239,207,206,174,173,172,140,139,107,75,74,73,72,71,70,69,68,67,67,67,67,67,67,67,67,67,67,67,67,67,67,67,67,
goal:67,67,67,67,67,67,67,67,67,67,67,67,67,67,67,67,67,67,67,67,67,67,67,67,67,67,67,67,67,67,67,67,67,67,67,67,67,67,67,67,67,67,67,67,67,67,67,67,67,67,67,
size:35
[agent] id:7
path:716,717,685,653,621,589,557,525,526,527,528,529,497,465,433,401,369,337,305,273,241,209,177,145,113,114,115,115,115,115,115,115,115,115,115,115,115,115,115,115,115,115,115,115,115,115,115,115,115,115,115,
goal:115,115,115,115,115,115,115,115,115,115,115,115,115,115,115,115,115,115,115,115,115,115,115,115,115,115,115,115,115,115,115,115,115,115,115,115,115,115,115,115,115,115,115,115,115,115,115,115,115,115,115,
size:26
[agent] id:8
path:431,399,367,366,334,302,270,269,268,236,204,203,202,201,201,201,201,201,201,201,201,201,201,201,201,201,201,201,201,201,201,201,201,201,201,201,201,201,201,201,201,201,201,201,201,201,201,201,201,201,201,
goal:201,201,201,201,201,201,201,201,201,201,201,201,201,201,201,201,201,201,201,201,201,201,201,201,201,201,201,201,201,201,201,201,201,201,201,201,201,201,201,201,201,201,201,201,201,201,201,201,201,201,201,
size:13
[agent] id:9
path:490,489,521,520,519,487,486,454,453,452,451,450,449,448,448,448,448,448,448,448,448,448,448,448,448,448,448,448,448,448,448,448,448,448,448,448,448,448,448,448,448,448,448,448,448,448,448,448,448,448,448,
goal:448,448,448,448,448,448,448,448,448,448,448,448,448,448,448,448,448,448,448,448,448,448,448,448,448,448,448,448,448,448,448,448,448,448,448,448,448,448,448,448,448,448,448,448,448,448,448,448,448,448,448,
size:13
[agent] id:10
path:283,315,316,317,285,286,287,255,223,191,159,127,95,63,31,31,31,31,31,31,31,31,31,31,31,31,31,31,31,31,31,31,31,31,31,31,31,31,31,31,31,31,31,31,31,31,31,31,31,31,31,
goal:31,31,31,31,31,31,31,31,31,31,31,31,31,31,31,31,31,31,31,31,31,31,31,31,31,31,31,31,31,31,31,31,31,31,31,31,31,31,31,31,31,31,31,31,31,31,31,31,31,31,31,
size:14
[agent] id:11
path:920,888,887,855,823,791,759,727,695,663,631,599,567,535,503,504,472,473,441,409,377,345,313,281,280,248,216,184,183,183,183,183,183,183,183,183,183,183,183,183,183,183,183,183,183,183,183,183,183,183,183,
goal:183,183,183,183,183,183,183,183,183,183,183,183,183,183,183,183,183,183,183,183,183,183,183,183,183,183,183,183,183,183,183,183,183,183,183,183,183,183,183,183,183,183,183,183,183,183,183,183,183,183,183,
size:28
[agent] id:12
path:390,422,423,424,456,457,457,457,457,457,457,457,457,457,457,457,457,457,457,457,457,457,457,457,457,457,457,457,457,457,457,457,457,457,457,457,457,457,457,457,457,457,457,457,457,457,457,457,457,457,457,
goal:457,457,457,457,457,457,457,457,457,457,457,457,457,457,457,457,457,457,457,457,457,457,457,457,457,457,457,457,457,457,457,457,457,457,457,457,457,457,457,457,457,457,457,457,457,457,457,457,457,457,457,
size:5
[agent] id:13
path:21,53,54,86,87,119,151,183,215,247,279,311,310,342,374,406,438,470,469,501,533,565,597,629,661,693,725,757,758,759,791,823,855,854,853,853,853,853,853,853,853,853,853,853,853,853,853,853,853,853,853,
goal:853,853,853,853,853,853,853,853,853,853,853,853,853,853,853,853,853,853,853,853,853,853,853,853,853,853,853,853,853,853,853,853,853,853,853,853,853,853,853,853,853,853,853,853,853,853,853,853,853,853,853,
size:34
[agent] id:14
path:969,937,938,906,874,842,843,844,845,846,846,846,846,846,846,846,846,846,846,846,846,846,846,846,846,846,846,846,846,846,846,846,846,846,846,846,846,846,846,846,846,846,846,846,846,846,846,846,846,846,846,
goal:846,846,846,846,846,846,846,846,846,846,846,846,846,846,846,846,846,846,846,846,846,846,846,846,846,846,846,846,846,846,846,846,846,846,846,846,846,846,846,846,846,846,846,846,846,846,846,846,846,846,846,
size:9
[agent] id:15
path:435,403,402,401,400,399,367,366,334,302,301,300,332,364,396,395,394,393,393,393,393,393,393,393,393,393,393,393,393,393,393,393,393,393,393,393,393,393,393,393,393,393,393,393,393,393,393,393,393,393,393,
goal:393,393,393,393,393,393,393,393,393,393,393,393,393,393,393,393,393,393,393,393,393,393,393,393,393,393,393,393,393,393,393,393,393,393,393,393,393,393,393,393,393,393,393,393,393,393,393,393,393,393,393,
size:17
[agent] id:16
path:1009,1010,978,946,914,882,850,818,786,754,722,690,658,626,594,562,530,498,497,465,433,401,369,337,305,273,241,240,239,207,206,174,173,172,140,139,107,75,74,73,72,71,70,69,68,36,4,3,2,1,33,
goal:33,33,33,33,33,33,33,33,33,33,33,33,33,33,33,33,33,33,33,33,33,33,33,33,33,33,33,33,33,33,33,33,33,33,33,33,33,33,33,33,33,33,33,33,33,33,33,33,33,33,33,
size:50
[agent] id:17
path:419,451,483,515,547,579,611,643,644,676,708,709,741,773,805,837,838,839,840,841,842,874,875,876,877,878,879,880,881,882,883,884,885,886,918,919,920,952,953,953,953,953,953,953,953,953,953,953,953,953,953,
goal:953,953,953,953,953,953,953,953,953,953,953,953,953,953,953,953,953,953,953,953,953,953,953,953,953,953,953,953,953,953,953,953,953,953,953,953,953,953,953,953,953,953,953,953,953,953,953,953,953,953,953,
size:38
[agent] id:18
path:944,912,880,848,847,846,814,782,750,718,686,654,622,590,558,526,494,493,461,429,397,396,364,332,332,332,332,332,332,332,332,332,332,332,332,332,332,332,332,332,332,332,332,332,332,332,332,332,332,332,332,
goal:332,332,332,332,332,332,332,332,332,332,332,332,332,332,332,332,332,332,332,332,332,332,332,332,332,332,332,332,332,332,332,332,332,332,332,332,332,332,332,332,332,332,332,332,332,332,332,332,332,332,332,
size:23
[agent] id:19
path:741,709,677,645,613,614,582,550,518,519,520,521,489,490,458,426,427,395,396,364,332,300,301,302,303,303,303,303,303,303,303,303,303,303,303,303,303,303,303,303,303,303,303,303,303,303,303,303,303,303,303,
goal:303,303,303,303,303,303,303,303,303,303,303,303,303,303,303,303,303,303,303,303,303,303,303,303,303,303,303,303,303,303,303,303,303,303,303,303,303,303,303,303,303,303,303,303,303,303,303,303,303,303,303,
size:24
[agent] id:20
path:953,921,920,888,887,855,823,791,759,727,695,663,631,630,629,628,627,626,594,562,530,498,497,465,433,401,369,368,367,366,334,302,302,302,302,302,302,302,302,302,302,302,302,302,302,302,302,302,302,302,302,
goal:302,302,302,302,302,302,302,302,302,302,302,302,302,302,302,302,302,302,302,302,302,302,302,302,302,302,302,302,302,302,302,302,302,302,302,302,302,302,302,302,302,302,302,302,302,302,302,302,302,302,302,
size:31
[agent] id:21
path:530,562,563,564,564,564,564,564,564,564,564,564,564,564,564,564,564,564,564,564,564,564,564,564,564,564,564,564,564,564,564,564,564,564,564,564,564,564,564,564,564,564,564,564,564,564,564,564,564,564,564,
goal:564,564,564,564,564,564,564,564,564,564,564,564,564,564,564,564,564,564,564,564,564,564,564,564,564,564,564,564,564,564,564,564,564,564,564,564,564,564,564,564,564,564,564,564,564,564,564,564,564,564,564,
size:3
[agent] id:22
path:279,247,215,214,213,212,211,243,242,241,240,239,207,206,205,204,203,171,139,138,137,169,168,200,199,231,230,229,228,227,227,227,227,227,227,227,227,227,227,227,227,227,227,227,227,227,227,227,227,227,227,
goal:227,227,227,227,227,227,227,227,227,227,227,227,227,227,227,227,227,227,227,227,227,227,227,227,227,227,227,227,227,227,227,227,227,227,227,227,227,227,227,227,227,227,227,227,227,227,227,227,227,227,227,
size:29
[agent] id:23
path:764,765,733,701,669,637,605,604,603,571,539,538,537,536,504,472,473,441,442,442,442,442,442,442,442,442,442,442,442,442,442,442,442,442,442,442,442,442,442,442,442,442,442,442,442,442,442,442,442,442,442,
goal:442,442,442,442,442,442,442,442,442,442,442,442,442,442,442,442,442,442,442,442,442,442,442,442,442,442,442,442,442,442,442,442,442,442,442,442,442,442,442,442,442,442,442,442,442,442,442,442,442,442,442,
size:18
[agent] id:24
path:409,377,345,313,312,311,310,309,277,245,213,212,211,243,243,243,243,243,243,243,243,243,243,243,243,243,243,243,243,243,243,243,243,243,243,243,243,243,243,243,243,243,243,243,243,243,243,243,243,243,243,
goal:243,243,243,243,243,243,243,243,243,243,243,243,243,243,243,243,243,243,243,243,243,243,243,243,243,243,243,243,243,243,243,243,243,243,243,243,243,243,243,243,243,243,243,243,243,243,243,243,243,243,243,
size:13
[agent] id:25
path:176,177,209,241,273,305,337,369,401,433,465,497,498,499,500,501,533,534,535,536,537,569,570,571,571,571,571,571,571,571,571,571,571,571,571,571,571,571,571,571,571,571,571,571,571,571,571,571,571,571,571,
goal:571,571,571,571,571,571,571,571,571,571,571,571,571,571,571,571,571,571,571,571,571,571,571,571,571,571,571,571,571,571,571,571,571,571,571,571,571,571,571,571,571,571,571,571,571,571,571,571,571,571,571,
size:23
[agent] id:26
path:399,400,432,464,465,497,529,561,593,592,591,623,655,687,686,718,717,716,715,747,779,811,843,875,907,939,938,937,936,935,967,966,965,964,963,962,961,961,961,961,961,961,961,961,961,961,961,961,961,961,961,
goal:961,961,961,961,961,961,961,961,961,961,961,961,961,961,961,961,961,961,961,961,961,961,961,961,961,961,961,961,961,961,961,961,961,961,961,961,961,961,961,961,961,961,961,961,961,961,961,961,961,961,961,
size:36
[agent] id:27
path:540,539,538,537,536,535,567,566,565,597,596,628,627,627,626,594,562,530,529,528,527,526,494,493,461,429,397,396,396,396,396,396,396,396,396,396,396,396,396,396,396,396,396,396,396,396,396,396,396,396,396,
goal:396,396,396,396,396,396,396,396,396,396,396,396,396,396,396,396,396,396,396,396,396,396,396,396,396,396,396,396,396,396,396,396,396,396,396,396,396,396,396,396,396,396,396,396,396,396,396,396,396,396,396,
size:27
[agent] id:28
path:669,637,605,604,603,571,539,538,537,536,504,472,473,441,409,377,345,313,281,280,248,216,184,152,120,88,56,24,23,22,21,20,20,20,20,20,20,20,20,20,20,20,20,20,20,20,20,20,20,20,20,
goal:20,20,20,20,20,20,20,20,20,20,20,20,20,20,20,20,20,20,20,20,20,20,20,20,20,20,20,20,20,20,20,20,20,20,20,20,20,20,20,20,20,20,20,20,20,20,20,20,20,20,20,
size:31
[agent] id:29
path:929,930,898,866,867,835,803,804,805,773,741,742,710,678,646,614,582,550,551,552,553,554,555,556,524,525,526,527,528,529,497,465,433,401,402,403,403,403,403,403,403,403,403,403,403,403,403,403,403,403,403,
goal:403,403,403,403,403,403,403,403,403,403,403,403,403,403,403,403,403,403,403,403,403,403,403,403,403,403,403,403,403,403,403,403,403,403,403,403,403,403,403,403,403,403,403,403,403,403,403,403,403,403,403,
size:35
SolutionCost:712
