[setting] seed:9972
[solver] type:SASB-ECBS
[solver] w:2.000000
[solver] ID:0
[solver] Lowlevelnode:6517
[solver] Highlevelnode:21
[solver] ConflictCount:11
[solver] solved:1
[solver] elapsed:43
[solver] makespan:43
[problem] timesteplimit:15000
[problem] type:MAPF
[problem] agentnum:30
[graph] width:32
[graph] height:32
[graph] filename:./map/32by32_agents10_ex30.map
[task] id:23,start:0,end:0,service time:0,nodes:94,
[task] id:25,start:0,end:0,service time:0,nodes:257,
[task] id:19,start:0,end:0,service time:0,nodes:442,
[task] id:5,start:0,end:0,service time:0,nodes:467,
[task] id:8,start:0,end:0,service time:0,nodes:307,
[task] id:21,start:0,end:0,service time:0,nodes:812,
[task] id:6,start:0,end:0,service time:0,nodes:345,
[task] id:3,start:0,end:0,service time:0,nodes:950,
[task] id:2,start:0,end:0,service time:0,nodes:652,
[task] id:10,start:0,end:0,service time:0,nodes:406,
[task] id:16,start:0,end:0,service time:0,nodes:428,
[task] id:27,start:0,end:0,service time:0,nodes:593,
[task] id:1,start:0,end:0,service time:0,nodes:901,
[task] id:17,start:0,end:0,service time:0,nodes:210,
[task] id:4,start:0,end:0,service time:0,nodes:738,
[task] id:29,start:0,end:0,service time:0,nodes:636,
[task] id:20,start:0,end:0,service time:0,nodes:883,
[task] id:14,start:0,end:0,service time:0,nodes:952,
[task] id:28,start:0,end:0,service time:0,nodes:218,
[task] id:24,start:0,end:0,service time:0,nodes:75,
[task] id:22,start:0,end:0,service time:0,nodes:420,
[task] id:0,start:0,end:0,service time:0,nodes:169,
[task] id:7,start:0,end:0,service time:0,nodes:893,
[task] id:9,start:0,end:0,service time:0,nodes:174,
[task] id:15,start:0,end:0,service time:0,nodes:41,
[task] id:26,start:0,end:0,service time:0,nodes:604,
[task] id:12,start:0,end:0,service time:0,nodes:959,
[task] id:11,start:0,end:0,service time:0,nodes:902,
[task] id:13,start:0,end:0,service time:0,nodes:993,
[task] id:18,start:0,end:0,service time:0,nodes:137,
[agent] id:0
path:965,933,901,869,837,805,773,741,709,677,645,613,614,582,550,518,486,454,422,390,358,326,294,262,230,231,199,167,168,169,169,169,169,169,169,169,169,169,169,169,169,169,169,169,
goal:169,169,169,169,169,169,169,169,169,169,169,169,169,169,169,169,169,169,169,169,169,169,169,169,169,169,169,169,169,169,169,169,169,169,169,169,169,169,169,169,169,169,169,169,
size:29
[agent] id:1
path:419,451,483,515,547,579,611,643,644,676,708,709,741,773,805,837,869,901,901,901,901,901,901,901,901,901,901,901,901,901,901,901,901,901,901,901,901,901,901,901,901,901,901,901,
goal:901,901,901,901,901,901,901,901,901,901,901,901,901,901,901,901,901,901,901,901,901,901,901,901,901,901,901,901,901,901,901,901,901,901,901,901,901,901,901,901,901,901,901,901,
size:17
[agent] id:2
path:545,577,609,641,642,643,644,645,646,647,648,649,650,651,652,652,652,652,652,652,652,652,652,652,652,652,652,652,652,652,652,652,652,652,652,652,652,652,652,652,652,652,652,652,
goal:652,652,652,652,652,652,652,652,652,652,652,652,652,652,652,652,652,652,652,652,652,652,652,652,652,652,652,652,652,652,652,652,652,652,652,652,652,652,652,652,652,652,652,652,
size:14
[agent] id:3
path:1005,973,941,942,943,944,945,946,978,979,980,948,949,950,950,950,950,950,950,950,950,950,950,950,950,950,950,950,950,950,950,950,950,950,950,950,950,950,950,950,950,950,950,950,
goal:950,950,950,950,950,950,950,950,950,950,950,950,950,950,950,950,950,950,950,950,950,950,950,950,950,950,950,950,950,950,950,950,950,950,950,950,950,950,950,950,950,950,950,950,
size:13
[agent] id:4
path:723,722,721,720,688,687,686,718,717,716,715,714,713,712,711,710,709,708,707,739,738,738,738,738,738,738,738,738,738,738,738,738,738,738,738,738,738,738,738,738,738,738,738,738,
goal:738,738,738,738,738,738,738,738,738,738,738,738,738,738,738,738,738,738,738,738,738,738,738,738,738,738,738,738,738,738,738,738,738,738,738,738,738,738,738,738,738,738,738,738,
size:20
[agent] id:5
path:503,535,534,533,501,469,468,467,467,467,467,467,467,467,467,467,467,467,467,467,467,467,467,467,467,467,467,467,467,467,467,467,467,467,467,467,467,467,467,467,467,467,467,467,
goal:467,467,467,467,467,467,467,467,467,467,467,467,467,467,467,467,467,467,467,467,467,467,467,467,467,467,467,467,467,467,467,467,467,467,467,467,467,467,467,467,467,467,467,467,
size:7
[agent] id:6
path:597,565,533,501,469,437,405,373,374,375,376,344,345,345,345,345,345,345,345,345,345,345,345,345,345,345,345,345,345,345,345,345,345,345,345,345,345,345,345,345,345,345,345,345,
goal:345,345,345,345,345,345,345,345,345,345,345,345,345,345,345,345,345,345,345,345,345,345,345,345,345,345,345,345,345,345,345,345,345,345,345,345,345,345,345,345,345,345,345,345,
size:12
[agent] id:7
path:184,216,248,280,312,344,376,408,409,441,473,472,504,536,535,567,599,631,663,695,727,759,791,823,824,825,857,858,859,860,892,893,893,893,893,893,893,893,893,893,893,893,893,893,
goal:893,893,893,893,893,893,893,893,893,893,893,893,893,893,893,893,893,893,893,893,893,893,893,893,893,893,893,893,893,893,893,893,893,893,893,893,893,893,893,893,893,893,893,893,
size:31
[agent] id:8
path:330,331,299,300,301,302,303,304,305,306,307,307,307,307,307,307,307,307,307,307,307,307,307,307,307,307,307,307,307,307,307,307,307,307,307,307,307,307,307,307,307,307,307,307,
goal:307,307,307,307,307,307,307,307,307,307,307,307,307,307,307,307,307,307,307,307,307,307,307,307,307,307,307,307,307,307,307,307,307,307,307,307,307,307,307,307,307,307,307,307,
size:10
[agent] id:9
path:796,795,794,762,730,698,697,696,664,632,600,599,567,535,534,533,501,469,437,436,435,403,402,401,369,337,305,273,241,240,239,207,206,174,174,174,174,174,174,174,174,174,174,174,
goal:174,174,174,174,174,174,174,174,174,174,174,174,174,174,174,174,174,174,174,174,174,174,174,174,174,174,174,174,174,174,174,174,174,174,174,174,174,174,174,174,174,174,174,174,
size:33
[agent] id:10
path:755,723,691,659,627,628,596,564,565,533,501,469,437,405,406,406,406,406,406,406,406,406,406,406,406,406,406,406,406,406,406,406,406,406,406,406,406,406,406,406,406,406,406,406,
goal:406,406,406,406,406,406,406,406,406,406,406,406,406,406,406,406,406,406,406,406,406,406,406,406,406,406,406,406,406,406,406,406,406,406,406,406,406,406,406,406,406,406,406,406,
size:14
[agent] id:11
path:348,380,379,378,410,409,441,473,472,504,536,535,534,566,598,630,662,661,693,725,724,723,755,754,786,818,850,849,848,847,846,845,844,843,842,841,840,872,871,870,902,902,902,902,
goal:902,902,902,902,902,902,902,902,902,902,902,902,902,902,902,902,902,902,902,902,902,902,902,902,902,902,902,902,902,902,902,902,902,902,902,902,902,902,902,902,902,902,902,902,
size:40
[agent] id:12
path:86,87,119,151,183,215,247,279,311,312,344,345,377,409,441,473,472,504,536,537,569,570,602,634,635,667,699,700,701,733,765,797,798,830,831,863,895,927,959,959,959,959,959,959,
goal:959,959,959,959,959,959,959,959,959,959,959,959,959,959,959,959,959,959,959,959,959,959,959,959,959,959,959,959,959,959,959,959,959,959,959,959,959,959,959,959,959,959,959,959,
size:38
[agent] id:13
path:308,307,306,306,305,337,369,401,433,465,497,529,561,593,592,591,623,655,687,686,718,750,782,814,846,878,877,909,941,940,939,938,937,936,935,967,966,965,964,963,962,961,993,993,
goal:993,993,993,993,993,993,993,993,993,993,993,993,993,993,993,993,993,993,993,993,993,993,993,993,993,993,993,993,993,993,993,993,993,993,993,993,993,993,993,993,993,993,993,993,
size:42
[agent] id:14
path:679,711,743,775,807,839,840,841,842,874,875,876,877,878,879,880,881,882,883,884,885,886,918,919,920,952,952,952,952,952,952,952,952,952,952,952,952,952,952,952,952,952,952,952,
goal:952,952,952,952,952,952,952,952,952,952,952,952,952,952,952,952,952,952,952,952,952,952,952,952,952,952,952,952,952,952,952,952,952,952,952,952,952,952,952,952,952,952,952,952,
size:25
[agent] id:15
path:940,908,876,844,812,811,779,747,715,683,651,619,620,621,589,557,525,493,461,429,397,396,364,332,300,268,236,204,172,140,139,107,106,74,42,41,41,41,41,41,41,41,41,41,
goal:41,41,41,41,41,41,41,41,41,41,41,41,41,41,41,41,41,41,41,41,41,41,41,41,41,41,41,41,41,41,41,41,41,41,41,41,41,41,41,41,41,41,41,41,
size:35
[agent] id:16
path:103,135,167,199,200,201,233,234,235,236,268,300,332,364,396,428,428,428,428,428,428,428,428,428,428,428,428,428,428,428,428,428,428,428,428,428,428,428,428,428,428,428,428,428,
goal:428,428,428,428,428,428,428,428,428,428,428,428,428,428,428,428,428,428,428,428,428,428,428,428,428,428,428,428,428,428,428,428,428,428,428,428,428,428,428,428,428,428,428,428,
size:15
[agent] id:17
path:62,94,126,158,190,189,188,187,219,218,217,216,215,214,213,212,211,210,210,210,210,210,210,210,210,210,210,210,210,210,210,210,210,210,210,210,210,210,210,210,210,210,210,210,
goal:210,210,210,210,210,210,210,210,210,210,210,210,210,210,210,210,210,210,210,210,210,210,210,210,210,210,210,210,210,210,210,210,210,210,210,210,210,210,210,210,210,210,210,210,
size:17
[agent] id:18
path:893,861,860,859,858,857,825,793,792,760,728,696,664,632,600,599,598,566,534,533,501,469,437,436,435,403,402,401,369,337,305,273,241,240,239,207,206,205,173,172,140,139,138,137,
goal:137,137,137,137,137,137,137,137,137,137,137,137,137,137,137,137,137,137,137,137,137,137,137,137,137,137,137,137,137,137,137,137,137,137,137,137,137,137,137,137,137,137,137,137,
size:43
[agent] id:19
path:439,407,408,409,441,442,442,442,442,442,442,442,442,442,442,442,442,442,442,442,442,442,442,442,442,442,442,442,442,442,442,442,442,442,442,442,442,442,442,442,442,442,442,442,
goal:442,442,442,442,442,442,442,442,442,442,442,442,442,442,442,442,442,442,442,442,442,442,442,442,442,442,442,442,442,442,442,442,442,442,442,442,442,442,442,442,442,442,442,442,
size:5
[agent] id:20
path:240,241,273,305,337,369,401,433,465,497,529,561,593,594,626,658,690,722,754,786,818,850,882,883,883,883,883,883,883,883,883,883,883,883,883,883,883,883,883,883,883,883,883,883,
goal:883,883,883,883,883,883,883,883,883,883,883,883,883,883,883,883,883,883,883,883,883,883,883,883,883,883,883,883,883,883,883,883,883,883,883,883,883,883,883,883,883,883,883,883,
size:23
[agent] id:21
path:867,835,803,804,805,806,807,808,809,810,811,812,812,812,812,812,812,812,812,812,812,812,812,812,812,812,812,812,812,812,812,812,812,812,812,812,812,812,812,812,812,812,812,812,
goal:812,812,812,812,812,812,812,812,812,812,812,812,812,812,812,812,812,812,812,812,812,812,812,812,812,812,812,812,812,812,812,812,812,812,812,812,812,812,812,812,812,812,812,812,
size:11
[agent] id:22
path:82,114,146,178,210,242,241,240,239,271,270,269,268,268,300,299,331,332,364,396,395,394,393,392,424,423,422,421,420,420,420,420,420,420,420,420,420,420,420,420,420,420,420,420,
goal:420,420,420,420,420,420,420,420,420,420,420,420,420,420,420,420,420,420,420,420,420,420,420,420,420,420,420,420,420,420,420,420,420,420,420,420,420,420,420,420,420,420,420,420,
size:28
[agent] id:23
path:90,91,92,93,94,94,94,94,94,94,94,94,94,94,94,94,94,94,94,94,94,94,94,94,94,94,94,94,94,94,94,94,94,94,94,94,94,94,94,94,94,94,94,94,
goal:94,94,94,94,94,94,94,94,94,94,94,94,94,94,94,94,94,94,94,94,94,94,94,94,94,94,94,94,94,94,94,94,94,94,94,94,94,94,94,94,94,94,94,94,
size:4
[agent] id:24
path:657,658,626,594,562,530,498,466,434,402,401,369,337,305,273,241,240,239,207,206,174,173,172,140,139,107,75,75,75,75,75,75,75,75,75,75,75,75,75,75,75,75,75,75,
goal:75,75,75,75,75,75,75,75,75,75,75,75,75,75,75,75,75,75,75,75,75,75,75,75,75,75,75,75,75,75,75,75,75,75,75,75,75,75,75,75,75,75,75,75,
size:26
[agent] id:25
path:292,260,259,258,257,257,257,257,257,257,257,257,257,257,257,257,257,257,257,257,257,257,257,257,257,257,257,257,257,257,257,257,257,257,257,257,257,257,257,257,257,257,257,257,
goal:257,257,257,257,257,257,257,257,257,257,257,257,257,257,257,257,257,257,257,257,257,257,257,257,257,257,257,257,257,257,257,257,257,257,257,257,257,257,257,257,257,257,257,257,
size:4
[agent] id:26
path:40,72,104,136,168,200,201,233,234,235,236,268,300,301,302,334,366,367,399,431,463,464,465,497,498,499,500,501,533,534,535,536,537,569,570,602,603,604,604,604,604,604,604,604,
goal:604,604,604,604,604,604,604,604,604,604,604,604,604,604,604,604,604,604,604,604,604,604,604,604,604,604,604,604,604,604,604,604,604,604,604,604,604,604,604,604,604,604,604,604,
size:37
[agent] id:27
path:509,508,540,539,538,537,536,535,567,566,565,564,563,562,594,593,593,593,593,593,593,593,593,593,593,593,593,593,593,593,593,593,593,593,593,593,593,593,593,593,593,593,593,593,
goal:593,593,593,593,593,593,593,593,593,593,593,593,593,593,593,593,593,593,593,593,593,593,593,593,593,593,593,593,593,593,593,593,593,593,593,593,593,593,593,593,593,593,593,593,
size:15
[agent] id:28
path:230,231,199,200,201,202,203,204,205,206,207,239,240,241,242,243,243,243,211,212,213,214,215,216,217,218,218,218,218,218,218,218,218,218,218,218,218,218,218,218,218,218,218,218,
goal:218,218,218,218,218,218,218,218,218,218,218,218,218,218,218,218,218,218,218,218,218,218,218,218,218,218,218,218,218,218,218,218,218,218,218,218,218,218,218,218,218,218,218,218,
size:25
[agent] id:29
path:878,846,847,848,849,850,818,786,754,722,690,658,659,660,661,662,663,664,632,633,634,635,636,636,636,636,636,636,636,636,636,636,636,636,636,636,636,636,636,636,636,636,636,636,
goal:636,636,636,636,636,636,636,636,636,636,636,636,636,636,636,636,636,636,636,636,636,636,636,636,636,636,636,636,636,636,636,636,636,636,636,636,636,636,636,636,636,636,636,636,
size:22
SolutionCost:655
