[setting] seed:12766
[solver] type:SASB-ECBS
[solver] w:2.000000
[solver] ID:0
[solver] Lowlevelnode:4569
[solver] Highlevelnode:19
[solver] ConflictCount:10
[solver] solved:1
[solver] elapsed:35
[solver] makespan:49
[problem] timesteplimit:15000
[problem] type:MAPF
[problem] agentnum:30
[graph] width:32
[graph] height:32
[graph] filename:./map/32by32_agents10_ex30.map
[task] id:24,start:0,end:0,service time:0,nodes:336,
[task] id:8,start:0,end:0,service time:0,nodes:498,
[task] id:0,start:0,end:0,service time:0,nodes:934,
[task] id:11,start:0,end:0,service time:0,nodes:773,
[task] id:7,start:0,end:0,service time:0,nodes:918,
[task] id:12,start:0,end:0,service time:0,nodes:330,
[task] id:15,start:0,end:0,service time:0,nodes:812,
[task] id:9,start:0,end:0,service time:0,nodes:775,
[task] id:13,start:0,end:0,service time:0,nodes:485,
[task] id:22,start:0,end:0,service time:0,nodes:483,
[task] id:26,start:0,end:0,service time:0,nodes:373,
[task] id:5,start:0,end:0,service time:0,nodes:940,
[task] id:20,start:0,end:0,service time:0,nodes:651,
[task] id:21,start:0,end:0,service time:0,nodes:904,
[task] id:3,start:0,end:0,service time:0,nodes:457,
[task] id:10,start:0,end:0,service time:0,nodes:902,
[task] id:2,start:0,end:0,service time:0,nodes:235,
[task] id:17,start:0,end:0,service time:0,nodes:448,
[task] id:19,start:0,end:0,service time:0,nodes:554,
[task] id:6,start:0,end:0,service time:0,nodes:25,
[task] id:14,start:0,end:0,service time:0,nodes:185,
[task] id:4,start:0,end:0,service time:0,nodes:310,
[task] id:25,start:0,end:0,service time:0,nodes:859,
[task] id:16,start:0,end:0,service time:0,nodes:221,
[task] id:29,start:0,end:0,service time:0,nodes:579,
[task] id:1,start:0,end:0,service time:0,nodes:617,
[task] id:23,start:0,end:0,service time:0,nodes:28,
[task] id:27,start:0,end:0,service time:0,nodes:166,
[task] id:28,start:0,end:0,service time:0,nodes:864,
[task] id:18,start:0,end:0,service time:0,nodes:63,
[agent] id:0
path:774,806,838,870,902,934,934,934,934,934,934,934,934,934,934,934,934,934,934,934,934,934,934,934,934,934,934,934,934,934,934,934,934,934,934,934,934,934,934,934,934,934,934,934,934,934,934,934,934,934,
goal:934,934,934,934,934,934,934,934,934,934,934,934,934,934,934,934,934,934,934,934,934,934,934,934,934,934,934,934,934,934,934,934,934,934,934,934,934,934,934,934,934,934,934,934,934,934,934,934,934,934,
size:5
[agent] id:1
path:158,190,189,188,187,219,218,217,216,248,280,312,344,376,408,407,439,438,470,469,501,533,565,564,563,562,594,593,592,591,623,622,621,620,619,618,617,617,617,617,617,617,617,617,617,617,617,617,617,617,
goal:617,617,617,617,617,617,617,617,617,617,617,617,617,617,617,617,617,617,617,617,617,617,617,617,617,617,617,617,617,617,617,617,617,617,617,617,617,617,617,617,617,617,617,617,617,617,617,617,617,617,
size:36
[agent] id:2
path:443,442,410,378,377,345,313,312,311,310,309,308,307,306,305,304,303,271,270,269,268,236,235,235,235,235,235,235,235,235,235,235,235,235,235,235,235,235,235,235,235,235,235,235,235,235,235,235,235,235,
goal:235,235,235,235,235,235,235,235,235,235,235,235,235,235,235,235,235,235,235,235,235,235,235,235,235,235,235,235,235,235,235,235,235,235,235,235,235,235,235,235,235,235,235,235,235,235,235,235,235,235,
size:22
[agent] id:3
path:247,279,311,310,309,308,307,306,305,304,303,302,301,300,332,364,396,428,460,459,458,457,457,457,457,457,457,457,457,457,457,457,457,457,457,457,457,457,457,457,457,457,457,457,457,457,457,457,457,457,
goal:457,457,457,457,457,457,457,457,457,457,457,457,457,457,457,457,457,457,457,457,457,457,457,457,457,457,457,457,457,457,457,457,457,457,457,457,457,457,457,457,457,457,457,457,457,457,457,457,457,457,
size:21
[agent] id:4
path:64,65,66,67,68,69,101,133,165,166,167,199,200,201,233,234,235,236,268,300,301,302,303,304,305,306,307,308,309,310,310,310,310,310,310,310,310,310,310,310,310,310,310,310,310,310,310,310,310,310,
goal:310,310,310,310,310,310,310,310,310,310,310,310,310,310,310,310,310,310,310,310,310,310,310,310,310,310,310,310,310,310,310,310,310,310,310,310,310,310,310,310,310,310,310,310,310,310,310,310,310,310,
size:29
[agent] id:5
path:562,594,626,658,690,722,754,786,818,850,882,914,946,945,944,943,942,941,940,940,940,940,940,940,940,940,940,940,940,940,940,940,940,940,940,940,940,940,940,940,940,940,940,940,940,940,940,940,940,940,
goal:940,940,940,940,940,940,940,940,940,940,940,940,940,940,940,940,940,940,940,940,940,940,940,940,940,940,940,940,940,940,940,940,940,940,940,940,940,940,940,940,940,940,940,940,940,940,940,940,940,940,
size:18
[agent] id:6
path:476,477,478,446,414,413,381,380,379,378,377,345,313,281,280,248,216,184,152,120,88,56,24,25,25,25,25,25,25,25,25,25,25,25,25,25,25,25,25,25,25,25,25,25,25,25,25,25,25,25,
goal:25,25,25,25,25,25,25,25,25,25,25,25,25,25,25,25,25,25,25,25,25,25,25,25,25,25,25,25,25,25,25,25,25,25,25,25,25,25,25,25,25,25,25,25,25,25,25,25,25,25,
size:23
[agent] id:7
path:794,793,825,824,823,855,887,919,918,918,918,918,918,918,918,918,918,918,918,918,918,918,918,918,918,918,918,918,918,918,918,918,918,918,918,918,918,918,918,918,918,918,918,918,918,918,918,918,918,918,
goal:918,918,918,918,918,918,918,918,918,918,918,918,918,918,918,918,918,918,918,918,918,918,918,918,918,918,918,918,918,918,918,918,918,918,918,918,918,918,918,918,918,918,918,918,918,918,918,918,918,918,
size:8
[agent] id:8
path:469,501,500,499,498,498,498,498,498,498,498,498,498,498,498,498,498,498,498,498,498,498,498,498,498,498,498,498,498,498,498,498,498,498,498,498,498,498,498,498,498,498,498,498,498,498,498,498,498,498,
goal:498,498,498,498,498,498,498,498,498,498,498,498,498,498,498,498,498,498,498,498,498,498,498,498,498,498,498,498,498,498,498,498,498,498,498,498,498,498,498,498,498,498,498,498,498,498,498,498,498,498,
size:4
[agent] id:9
path:490,522,554,553,552,584,616,648,680,712,744,776,775,775,775,775,775,775,775,775,775,775,775,775,775,775,775,775,775,775,775,775,775,775,775,775,775,775,775,775,775,775,775,775,775,775,775,775,775,775,
goal:775,775,775,775,775,775,775,775,775,775,775,775,775,775,775,775,775,775,775,775,775,775,775,775,775,775,775,775,775,775,775,775,775,775,775,775,775,775,775,775,775,775,775,775,775,775,775,775,775,775,
size:12
[agent] id:10
path:593,592,591,623,655,687,686,718,750,782,814,846,845,844,843,842,841,840,872,871,870,902,902,902,902,902,902,902,902,902,902,902,902,902,902,902,902,902,902,902,902,902,902,902,902,902,902,902,902,902,
goal:902,902,902,902,902,902,902,902,902,902,902,902,902,902,902,902,902,902,902,902,902,902,902,902,902,902,902,902,902,902,902,902,902,902,902,902,902,902,902,902,902,902,902,902,902,902,902,902,902,902,
size:21
[agent] id:11
path:933,901,869,837,805,773,773,773,773,773,773,773,773,773,773,773,773,773,773,773,773,773,773,773,773,773,773,773,773,773,773,773,773,773,773,773,773,773,773,773,773,773,773,773,773,773,773,773,773,773,
goal:773,773,773,773,773,773,773,773,773,773,773,773,773,773,773,773,773,773,773,773,773,773,773,773,773,773,773,773,773,773,773,773,773,773,773,773,773,773,773,773,773,773,773,773,773,773,773,773,773,773,
size:5
[agent] id:12
path:524,525,493,461,429,397,396,364,332,331,330,330,330,330,330,330,330,330,330,330,330,330,330,330,330,330,330,330,330,330,330,330,330,330,330,330,330,330,330,330,330,330,330,330,330,330,330,330,330,330,
goal:330,330,330,330,330,330,330,330,330,330,330,330,330,330,330,330,330,330,330,330,330,330,330,330,330,330,330,330,330,330,330,330,330,330,330,330,330,330,330,330,330,330,330,330,330,330,330,330,330,330,
size:10
[agent] id:13
path:592,591,559,558,557,556,555,554,553,552,551,550,518,486,485,485,485,485,485,485,485,485,485,485,485,485,485,485,485,485,485,485,485,485,485,485,485,485,485,485,485,485,485,485,485,485,485,485,485,485,
goal:485,485,485,485,485,485,485,485,485,485,485,485,485,485,485,485,485,485,485,485,485,485,485,485,485,485,485,485,485,485,485,485,485,485,485,485,485,485,485,485,485,485,485,485,485,485,485,485,485,485,
size:14
[agent] id:14
path:657,658,659,627,628,596,564,565,564,565,533,501,469,437,405,406,374,342,310,311,279,247,215,183,184,185,185,185,185,185,185,185,185,185,185,185,185,185,185,185,185,185,185,185,185,185,185,185,185,185,
goal:185,185,185,185,185,185,185,185,185,185,185,185,185,185,185,185,185,185,185,185,185,185,185,185,185,185,185,185,185,185,185,185,185,185,185,185,185,185,185,185,185,185,185,185,185,185,185,185,185,185,
size:25
[agent] id:15
path:688,687,686,718,750,782,814,846,845,844,812,812,812,812,812,812,812,812,812,812,812,812,812,812,812,812,812,812,812,812,812,812,812,812,812,812,812,812,812,812,812,812,812,812,812,812,812,812,812,812,
goal:812,812,812,812,812,812,812,812,812,812,812,812,812,812,812,812,812,812,812,812,812,812,812,812,812,812,812,812,812,812,812,812,812,812,812,812,812,812,812,812,812,812,812,812,812,812,812,812,812,812,
size:10
[agent] id:16
path:753,721,689,657,658,626,594,562,530,531,499,467,435,436,437,405,406,374,342,310,311,279,247,215,216,217,218,186,187,188,189,221,221,221,221,221,221,221,221,221,221,221,221,221,221,221,221,221,221,221,
goal:221,221,221,221,221,221,221,221,221,221,221,221,221,221,221,221,221,221,221,221,221,221,221,221,221,221,221,221,221,221,221,221,221,221,221,221,221,221,221,221,221,221,221,221,221,221,221,221,221,221,
size:31
[agent] id:17
path:935,934,902,901,869,837,805,804,803,771,739,707,706,705,673,641,609,577,545,513,512,480,448,448,448,448,448,448,448,448,448,448,448,448,448,448,448,448,448,448,448,448,448,448,448,448,448,448,448,448,
goal:448,448,448,448,448,448,448,448,448,448,448,448,448,448,448,448,448,448,448,448,448,448,448,448,448,448,448,448,448,448,448,448,448,448,448,448,448,448,448,448,448,448,448,448,448,448,448,448,448,448,
size:22
[agent] id:18
path:839,807,775,743,711,679,647,615,583,551,519,520,521,489,457,458,426,394,395,396,364,332,300,268,269,270,271,239,240,241,209,210,211,212,213,181,182,150,151,119,87,88,89,90,91,92,60,61,62,63,
goal:63,63,63,63,63,63,63,63,63,63,63,63,63,63,63,63,63,63,63,63,63,63,63,63,63,63,63,63,63,63,63,63,63,63,63,63,63,63,63,63,63,63,63,63,63,63,63,63,63,63,
size:49
[agent] id:19
path:44,45,77,78,110,142,174,206,205,204,236,268,300,332,364,396,428,460,459,458,490,522,554,554,554,554,554,554,554,554,554,554,554,554,554,554,554,554,554,554,554,554,554,554,554,554,554,554,554,554,
goal:554,554,554,554,554,554,554,554,554,554,554,554,554,554,554,554,554,554,554,554,554,554,554,554,554,554,554,554,554,554,554,554,554,554,554,554,554,554,554,554,554,554,554,554,554,554,554,554,554,554,
size:22
[agent] id:20
path:537,536,535,567,599,631,663,662,661,660,659,658,657,656,655,654,653,652,651,651,651,651,651,651,651,651,651,651,651,651,651,651,651,651,651,651,651,651,651,651,651,651,651,651,651,651,651,651,651,651,
goal:651,651,651,651,651,651,651,651,651,651,651,651,651,651,651,651,651,651,651,651,651,651,651,651,651,651,651,651,651,651,651,651,651,651,651,651,651,651,651,651,651,651,651,651,651,651,651,651,651,651,
size:18
[agent] id:21
path:528,560,592,591,623,655,687,686,718,750,782,814,846,845,844,843,842,841,840,872,904,904,904,904,904,904,904,904,904,904,904,904,904,904,904,904,904,904,904,904,904,904,904,904,904,904,904,904,904,904,
goal:904,904,904,904,904,904,904,904,904,904,904,904,904,904,904,904,904,904,904,904,904,904,904,904,904,904,904,904,904,904,904,904,904,904,904,904,904,904,904,904,904,904,904,904,904,904,904,904,904,904,
size:20
[agent] id:22
path:807,775,743,711,679,647,615,583,551,519,487,486,485,484,483,483,483,483,483,483,483,483,483,483,483,483,483,483,483,483,483,483,483,483,483,483,483,483,483,483,483,483,483,483,483,483,483,483,483,483,
goal:483,483,483,483,483,483,483,483,483,483,483,483,483,483,483,483,483,483,483,483,483,483,483,483,483,483,483,483,483,483,483,483,483,483,483,483,483,483,483,483,483,483,483,483,483,483,483,483,483,483,
size:14
[agent] id:23
path:225,257,258,259,227,228,229,230,231,199,200,201,202,203,171,172,173,174,142,110,78,79,80,48,49,50,51,52,53,54,55,56,57,58,26,27,28,28,28,28,28,28,28,28,28,28,28,28,28,28,
goal:28,28,28,28,28,28,28,28,28,28,28,28,28,28,28,28,28,28,28,28,28,28,28,28,28,28,28,28,28,28,28,28,28,28,28,28,28,28,28,28,28,28,28,28,28,28,28,28,28,28,
size:36
[agent] id:24
path:303,304,336,336,336,336,336,336,336,336,336,336,336,336,336,336,336,336,336,336,336,336,336,336,336,336,336,336,336,336,336,336,336,336,336,336,336,336,336,336,336,336,336,336,336,336,336,336,336,336,
goal:336,336,336,336,336,336,336,336,336,336,336,336,336,336,336,336,336,336,336,336,336,336,336,336,336,336,336,336,336,336,336,336,336,336,336,336,336,336,336,336,336,336,336,336,336,336,336,336,336,336,
size:2
[agent] id:25
path:867,835,836,836,837,838,839,840,841,842,843,844,876,877,845,846,847,848,849,850,851,852,853,821,822,823,824,825,857,858,859,859,859,859,859,859,859,859,859,859,859,859,859,859,859,859,859,859,859,859,
goal:859,859,859,859,859,859,859,859,859,859,859,859,859,859,859,859,859,859,859,859,859,859,859,859,859,859,859,859,859,859,859,859,859,859,859,859,859,859,859,859,859,859,859,859,859,859,859,859,859,859,
size:30
[agent] id:26
path:205,206,207,239,240,241,273,274,306,307,308,276,308,309,341,373,373,373,373,373,373,373,373,373,373,373,373,373,373,373,373,373,373,373,373,373,373,373,373,373,373,373,373,373,373,373,373,373,373,373,
goal:373,373,373,373,373,373,373,373,373,373,373,373,373,373,373,373,373,373,373,373,373,373,373,373,373,373,373,373,373,373,373,373,373,373,373,373,373,373,373,373,373,373,373,373,373,373,373,373,373,373,
size:15
[agent] id:27
path:766,734,702,670,669,637,605,604,603,571,539,538,537,536,535,534,533,501,469,437,436,435,403,402,401,369,337,305,304,303,271,239,207,206,205,204,203,202,201,169,168,167,166,166,166,166,166,166,166,166,
goal:166,166,166,166,166,166,166,166,166,166,166,166,166,166,166,166,166,166,166,166,166,166,166,166,166,166,166,166,166,166,166,166,166,166,166,166,166,166,166,166,166,166,166,166,166,166,166,166,166,166,
size:42
[agent] id:28
path:375,407,439,438,470,469,501,533,565,597,629,661,693,725,724,723,755,754,786,818,850,849,848,847,846,845,844,843,842,841,840,839,838,837,836,835,867,866,898,930,929,928,896,864,864,864,864,864,864,864,
goal:864,864,864,864,864,864,864,864,864,864,864,864,864,864,864,864,864,864,864,864,864,864,864,864,864,864,864,864,864,864,864,864,864,864,864,864,864,864,864,864,864,864,864,864,864,864,864,864,864,864,
size:43
[agent] id:29
path:48,80,112,144,143,143,142,174,206,205,204,236,268,268,300,332,364,396,428,460,459,458,490,522,521,553,552,551,550,549,548,547,579,579,579,579,579,579,579,579,579,579,579,579,579,579,579,579,579,579,
goal:579,579,579,579,579,579,579,579,579,579,579,579,579,579,579,579,579,579,579,579,579,579,579,579,579,579,579,579,579,579,579,579,579,579,579,579,579,579,579,579,579,579,579,579,579,579,579,579,579,579,
size:32
SolutionCost:639
