[setting] seed:7737
[solver] type:SASB-ECBS
[solver] w:2.000000
[solver] ID:0
[solver] Lowlevelnode:9709
[solver] Highlevelnode:21
[solver] ConflictCount:11
[solver] solved:1
[solver] elapsed:46
[solver] makespan:44
[problem] timesteplimit:15000
[problem] type:MAPF
[problem] agentnum:30
[graph] width:32
[graph] height:32
[graph] filename:./map/32by32_agents10_ex30.map
[task] id:0,start:0,end:0,service time:0,nodes:515,
[task] id:17,start:0,end:0,service time:0,nodes:816,
[task] id:21,start:0,end:0,service time:0,nodes:548,
[task] id:1,start:0,end:0,service time:0,nodes:508,
[task] id:12,start:0,end:0,service time:0,nodes:4,
[task] id:14,start:0,end:0,service time:0,nodes:886,
[task] id:23,start:0,end:0,service time:0,nodes:623,
[task] id:8,start:0,end:0,service time:0,nodes:960,
[task] id:13,start:0,end:0,service time:0,nodes:594,
[task] id:2,start:0,end:0,service time:0,nodes:357,
[task] id:9,start:0,end:0,service time:0,nodes:622,
[task] id:11,start:0,end:0,service time:0,nodes:810,
[task] id:10,start:0,end:0,service time:0,nodes:528,
[task] id:29,start:0,end:0,service time:0,nodes:754,
[task] id:27,start:0,end:0,service time:0,nodes:406,
[task] id:3,start:0,end:0,service time:0,nodes:158,
[task] id:16,start:0,end:0,service time:0,nodes:525,
[task] id:7,start:0,end:0,service time:0,nodes:984,
[task] id:25,start:0,end:0,service time:0,nodes:722,
[task] id:19,start:0,end:0,service time:0,nodes:952,
[task] id:18,start:0,end:0,service time:0,nodes:8,
[task] id:5,start:0,end:0,service time:0,nodes:976,
[task] id:28,start:0,end:0,service time:0,nodes:465,
[task] id:6,start:0,end:0,service time:0,nodes:151,
[task] id:24,start:0,end:0,service time:0,nodes:426,
[task] id:22,start:0,end:0,service time:0,nodes:735,
[task] id:26,start:0,end:0,service time:0,nodes:419,
[task] id:20,start:0,end:0,service time:0,nodes:547,
[task] id:4,start:0,end:0,service time:0,nodes:234,
[task] id:15,start:0,end:0,service time:0,nodes:731,
[agent] id:0
path:417,449,450,482,514,515,515,515,515,515,515,515,515,515,515,515,515,515,515,515,515,515,515,515,515,515,515,515,515,515,515,515,515,515,515,515,515,515,515,515,515,515,515,515,515,
goal:515,515,515,515,515,515,515,515,515,515,515,515,515,515,515,515,515,515,515,515,515,515,515,515,515,515,515,515,515,515,515,515,515,515,515,515,515,515,515,515,515,515,515,515,515,
size:5
[agent] id:1
path:347,348,349,381,413,414,446,478,477,509,508,508,508,508,508,508,508,508,508,508,508,508,508,508,508,508,508,508,508,508,508,508,508,508,508,508,508,508,508,508,508,508,508,508,508,
goal:508,508,508,508,508,508,508,508,508,508,508,508,508,508,508,508,508,508,508,508,508,508,508,508,508,508,508,508,508,508,508,508,508,508,508,508,508,508,508,508,508,508,508,508,508,
size:10
[agent] id:2
path:618,617,616,584,552,520,519,487,486,454,422,390,358,357,357,357,357,357,357,357,357,357,357,357,357,357,357,357,357,357,357,357,357,357,357,357,357,357,357,357,357,357,357,357,357,
goal:357,357,357,357,357,357,357,357,357,357,357,357,357,357,357,357,357,357,357,357,357,357,357,357,357,357,357,357,357,357,357,357,357,357,357,357,357,357,357,357,357,357,357,357,357,
size:13
[agent] id:3
path:469,437,405,373,341,309,277,245,213,181,182,183,184,185,186,187,188,189,190,158,158,158,158,158,158,158,158,158,158,158,158,158,158,158,158,158,158,158,158,158,158,158,158,158,158,
goal:158,158,158,158,158,158,158,158,158,158,158,158,158,158,158,158,158,158,158,158,158,158,158,158,158,158,158,158,158,158,158,158,158,158,158,158,158,158,158,158,158,158,158,158,158,
size:19
[agent] id:4
path:857,825,793,792,760,728,696,664,632,600,599,567,535,534,533,501,469,437,405,373,341,309,308,307,306,305,304,303,271,270,269,268,236,235,234,234,234,234,234,234,234,234,234,234,234,
goal:234,234,234,234,234,234,234,234,234,234,234,234,234,234,234,234,234,234,234,234,234,234,234,234,234,234,234,234,234,234,234,234,234,234,234,234,234,234,234,234,234,234,234,234,234,
size:34
[agent] id:5
path:671,703,702,701,700,699,731,730,729,728,727,726,725,724,723,755,754,786,818,850,882,914,946,945,944,976,976,976,976,976,976,976,976,976,976,976,976,976,976,976,976,976,976,976,976,
goal:976,976,976,976,976,976,976,976,976,976,976,976,976,976,976,976,976,976,976,976,976,976,976,976,976,976,976,976,976,976,976,976,976,976,976,976,976,976,976,976,976,976,976,976,976,
size:25
[agent] id:6
path:422,390,391,392,393,394,395,396,364,332,300,268,269,270,271,239,240,241,209,210,211,212,213,181,182,150,151,151,151,151,151,151,151,151,151,151,151,151,151,151,151,151,151,151,151,
goal:151,151,151,151,151,151,151,151,151,151,151,151,151,151,151,151,151,151,151,151,151,151,151,151,151,151,151,151,151,151,151,151,151,151,151,151,151,151,151,151,151,151,151,151,151,
size:26
[agent] id:7
path:842,842,843,844,845,846,847,848,849,850,851,852,853,854,854,855,887,919,920,952,984,984,984,984,984,984,984,984,984,984,984,984,984,984,984,984,984,984,984,984,984,984,984,984,984,
goal:984,984,984,984,984,984,984,984,984,984,984,984,984,984,984,984,984,984,984,984,984,984,984,984,984,984,984,984,984,984,984,984,984,984,984,984,984,984,984,984,984,984,984,984,984,
size:20
[agent] id:8
path:906,938,937,936,935,967,966,965,964,963,962,961,960,960,960,960,960,960,960,960,960,960,960,960,960,960,960,960,960,960,960,960,960,960,960,960,960,960,960,960,960,960,960,960,960,
goal:960,960,960,960,960,960,960,960,960,960,960,960,960,960,960,960,960,960,960,960,960,960,960,960,960,960,960,960,960,960,960,960,960,960,960,960,960,960,960,960,960,960,960,960,960,
size:12
[agent] id:9
path:872,840,808,776,744,712,680,648,616,617,618,619,620,621,622,622,622,622,622,622,622,622,622,622,622,622,622,622,622,622,622,622,622,622,622,622,622,622,622,622,622,622,622,622,622,
goal:622,622,622,622,622,622,622,622,622,622,622,622,622,622,622,622,622,622,622,622,622,622,622,622,622,622,622,622,622,622,622,622,622,622,622,622,622,622,622,622,622,622,622,622,622,
size:14
[agent] id:10
path:875,843,811,779,747,715,683,651,619,620,621,589,557,525,526,527,528,528,528,528,528,528,528,528,528,528,528,528,528,528,528,528,528,528,528,528,528,528,528,528,528,528,528,528,528,
goal:528,528,528,528,528,528,528,528,528,528,528,528,528,528,528,528,528,528,528,528,528,528,528,528,528,528,528,528,528,528,528,528,528,528,528,528,528,528,528,528,528,528,528,528,528,
size:16
[agent] id:11
path:660,692,691,690,689,688,687,686,718,717,716,715,747,779,811,810,810,810,810,810,810,810,810,810,810,810,810,810,810,810,810,810,810,810,810,810,810,810,810,810,810,810,810,810,810,
goal:810,810,810,810,810,810,810,810,810,810,810,810,810,810,810,810,810,810,810,810,810,810,810,810,810,810,810,810,810,810,810,810,810,810,810,810,810,810,810,810,810,810,810,810,810,
size:15
[agent] id:12
path:227,228,196,197,165,133,101,69,37,5,4,4,4,4,4,4,4,4,4,4,4,4,4,4,4,4,4,4,4,4,4,4,4,4,4,4,4,4,4,4,4,4,4,4,4,
goal:4,4,4,4,4,4,4,4,4,4,4,4,4,4,4,4,4,4,4,4,4,4,4,4,4,4,4,4,4,4,4,4,4,4,4,4,4,4,4,4,4,4,4,4,4,
size:10
[agent] id:13
path:668,636,635,634,633,632,631,630,629,628,627,626,594,594,594,594,594,594,594,594,594,594,594,594,594,594,594,594,594,594,594,594,594,594,594,594,594,594,594,594,594,594,594,594,594,
goal:594,594,594,594,594,594,594,594,594,594,594,594,594,594,594,594,594,594,594,594,594,594,594,594,594,594,594,594,594,594,594,594,594,594,594,594,594,594,594,594,594,594,594,594,594,
size:12
[agent] id:14
path:698,730,762,794,793,825,824,823,855,887,886,886,886,886,886,886,886,886,886,886,886,886,886,886,886,886,886,886,886,886,886,886,886,886,886,886,886,886,886,886,886,886,886,886,886,
goal:886,886,886,886,886,886,886,886,886,886,886,886,886,886,886,886,886,886,886,886,886,886,886,886,886,886,886,886,886,886,886,886,886,886,886,886,886,886,886,886,886,886,886,886,886,
size:10
[agent] id:15
path:162,161,193,225,257,258,290,322,354,355,356,357,389,421,453,485,517,549,550,582,614,646,647,648,649,650,651,652,653,685,686,687,688,689,690,691,723,724,725,726,727,728,729,730,731,
goal:731,731,731,731,731,731,731,731,731,731,731,731,731,731,731,731,731,731,731,731,731,731,731,731,731,731,731,731,731,731,731,731,731,731,731,731,731,731,731,731,731,731,731,731,731,
size:44
[agent] id:16
path:341,309,308,307,306,305,337,369,401,433,465,497,529,528,527,559,558,557,557,525,525,525,525,525,525,525,525,525,525,525,525,525,525,525,525,525,525,525,525,525,525,525,525,525,525,
goal:525,525,525,525,525,525,525,525,525,525,525,525,525,525,525,525,525,525,525,525,525,525,525,525,525,525,525,525,525,525,525,525,525,525,525,525,525,525,525,525,525,525,525,525,525,
size:19
[agent] id:17
path:914,882,850,849,848,816,816,816,816,816,816,816,816,816,816,816,816,816,816,816,816,816,816,816,816,816,816,816,816,816,816,816,816,816,816,816,816,816,816,816,816,816,816,816,816,
goal:816,816,816,816,816,816,816,816,816,816,816,816,816,816,816,816,816,816,816,816,816,816,816,816,816,816,816,816,816,816,816,816,816,816,816,816,816,816,816,816,816,816,816,816,816,
size:5
[agent] id:18
path:611,579,547,515,483,451,419,420,421,389,357,358,326,294,262,230,231,199,167,135,103,71,39,7,8,8,8,8,8,8,8,8,8,8,8,8,8,8,8,8,8,8,8,8,8,
goal:8,8,8,8,8,8,8,8,8,8,8,8,8,8,8,8,8,8,8,8,8,8,8,8,8,8,8,8,8,8,8,8,8,8,8,8,8,8,8,8,8,8,8,8,8,
size:24
[agent] id:19
path:837,838,839,840,841,842,843,844,845,846,847,848,849,850,851,852,853,854,855,887,919,920,952,952,952,952,952,952,952,952,952,952,952,952,952,952,952,952,952,952,952,952,952,952,952,
goal:952,952,952,952,952,952,952,952,952,952,952,952,952,952,952,952,952,952,952,952,952,952,952,952,952,952,952,952,952,952,952,952,952,952,952,952,952,952,952,952,952,952,952,952,952,
size:22
[agent] id:20
path:372,373,374,406,438,470,469,501,533,565,564,563,562,561,560,560,559,558,558,557,556,555,554,553,552,551,550,582,614,613,612,611,579,547,547,547,547,547,547,547,547,547,547,547,547,
goal:547,547,547,547,547,547,547,547,547,547,547,547,547,547,547,547,547,547,547,547,547,547,547,547,547,547,547,547,547,547,547,547,547,547,547,547,547,547,547,547,547,547,547,547,547,
size:33
[agent] id:21
path:676,644,612,611,579,547,548,548,548,548,548,548,548,548,548,548,548,548,548,548,548,548,548,548,548,548,548,548,548,548,548,548,548,548,548,548,548,548,548,548,548,548,548,548,548,
goal:548,548,548,548,548,548,548,548,548,548,548,548,548,548,548,548,548,548,548,548,548,548,548,548,548,548,548,548,548,548,548,548,548,548,548,548,548,548,548,548,548,548,548,548,548,
size:6
[agent] id:22
path:838,839,840,841,842,843,844,845,846,847,848,849,850,851,852,853,821,822,823,791,792,793,794,795,796,764,765,733,734,735,735,735,735,735,735,735,735,735,735,735,735,735,735,735,735,
goal:735,735,735,735,735,735,735,735,735,735,735,735,735,735,735,735,735,735,735,735,735,735,735,735,735,735,735,735,735,735,735,735,735,735,735,735,735,735,735,735,735,735,735,735,735,
size:29
[agent] id:23
path:695,663,662,661,660,659,658,657,656,655,623,623,623,623,623,623,623,623,623,623,623,623,623,623,623,623,623,623,623,623,623,623,623,623,623,623,623,623,623,623,623,623,623,623,623,
goal:623,623,623,623,623,623,623,623,623,623,623,623,623,623,623,623,623,623,623,623,623,623,623,623,623,623,623,623,623,623,623,623,623,623,623,623,623,623,623,623,623,623,623,623,623,
size:10
[agent] id:24
path:413,412,380,379,378,377,376,375,374,373,341,309,308,307,306,305,304,303,302,301,300,332,364,396,428,427,426,426,426,426,426,426,426,426,426,426,426,426,426,426,426,426,426,426,426,
goal:426,426,426,426,426,426,426,426,426,426,426,426,426,426,426,426,426,426,426,426,426,426,426,426,426,426,426,426,426,426,426,426,426,426,426,426,426,426,426,426,426,426,426,426,426,
size:26
[agent] id:25
path:937,969,970,938,906,874,875,843,844,845,846,847,848,849,850,818,786,785,753,721,722,722,722,722,722,722,722,722,722,722,722,722,722,722,722,722,722,722,722,722,722,722,722,722,722,
goal:722,722,722,722,722,722,722,722,722,722,722,722,722,722,722,722,722,722,722,722,722,722,722,722,722,722,722,722,722,722,722,722,722,722,722,722,722,722,722,722,722,722,722,722,722,
size:20
[agent] id:26
path:443,442,410,378,377,345,313,312,311,310,309,308,307,306,305,304,303,302,301,300,332,364,396,395,394,393,392,424,423,422,421,420,419,419,419,419,419,419,419,419,419,419,419,419,419,
goal:419,419,419,419,419,419,419,419,419,419,419,419,419,419,419,419,419,419,419,419,419,419,419,419,419,419,419,419,419,419,419,419,419,419,419,419,419,419,419,419,419,419,419,419,419,
size:32
[agent] id:27
path:701,669,637,605,604,603,571,539,538,537,536,535,534,533,501,469,437,405,406,406,406,406,406,406,406,406,406,406,406,406,406,406,406,406,406,406,406,406,406,406,406,406,406,406,406,
goal:406,406,406,406,406,406,406,406,406,406,406,406,406,406,406,406,406,406,406,406,406,406,406,406,406,406,406,406,406,406,406,406,406,406,406,406,406,406,406,406,406,406,406,406,406,
size:18
[agent] id:28
path:871,872,872,872,840,808,776,744,712,680,648,616,617,618,619,620,621,589,590,558,559,560,561,529,497,465,465,465,465,465,465,465,465,465,465,465,465,465,465,465,465,465,465,465,465,
goal:465,465,465,465,465,465,465,465,465,465,465,465,465,465,465,465,465,465,465,465,465,465,465,465,465,465,465,465,465,465,465,465,465,465,465,465,465,465,465,465,465,465,465,465,465,
size:25
[agent] id:29
path:458,490,522,554,555,556,557,589,621,653,685,686,687,688,720,752,753,754,754,754,754,754,754,754,754,754,754,754,754,754,754,754,754,754,754,754,754,754,754,754,754,754,754,754,754,
goal:754,754,754,754,754,754,754,754,754,754,754,754,754,754,754,754,754,754,754,754,754,754,754,754,754,754,754,754,754,754,754,754,754,754,754,754,754,754,754,754,754,754,754,754,754,
size:17
SolutionCost:571
