[setting] seed:25178
[solver] type:SASB-ECBS
[solver] w:2.000000
[solver] ID:0
[solver] Lowlevelnode:16211
[solver] Highlevelnode:27
[solver] ConflictCount:14
[solver] solved:1
[solver] elapsed:82
[solver] makespan:45
[problem] timesteplimit:15000
[problem] type:MAPF
[problem] agentnum:30
[graph] width:32
[graph] height:32
[graph] filename:./map/32by32_agents10_ex30.map
[task] id:25,start:0,end:0,service time:0,nodes:611,
[task] id:0,start:0,end:0,service time:0,nodes:913,
[task] id:16,start:0,end:0,service time:0,nodes:57,
[task] id:29,start:0,end:0,service time:0,nodes:527,
[task] id:2,start:0,end:0,service time:0,nodes:468,
[task] id:5,start:0,end:0,service time:0,nodes:782,
[task] id:24,start:0,end:0,service time:0,nodes:133,
[task] id:23,start:0,end:0,service time:0,nodes:115,
[task] id:20,start:0,end:0,service time:0,nodes:924,
[task] id:15,start:0,end:0,service time:0,nodes:774,
[task] id:22,start:0,end:0,service time:0,nodes:983,
[task] id:27,start:0,end:0,service time:0,nodes:316,
[task] id:28,start:0,end:0,service time:0,nodes:896,
[task] id:1,start:0,end:0,service time:0,nodes:166,
[task] id:6,start:0,end:0,service time:0,nodes:379,
[task] id:10,start:0,end:0,service time:0,nodes:431,
[task] id:19,start:0,end:0,service time:0,nodes:757,
[task] id:18,start:0,end:0,service time:0,nodes:604,
[task] id:14,start:0,end:0,service time:0,nodes:781,
[task] id:13,start:0,end:0,service time:0,nodes:389,
[task] id:8,start:0,end:0,service time:0,nodes:597,
[task] id:26,start:0,end:0,service time:0,nodes:870,
[task] id:7,start:0,end:0,service time:0,nodes:759,
[task] id:12,start:0,end:0,service time:0,nodes:2,
[task] id:21,start:0,end:0,service time:0,nodes:101,
[task] id:3,start:0,end:0,service time:0,nodes:24,
[task] id:4,start:0,end:0,service time:0,nodes:310,
[task] id:9,start:0,end:0,service time:0,nodes:1021,
[task] id:17,start:0,end:0,service time:0,nodes:867,
[task] id:11,start:0,end:0,service time:0,nodes:986,
[agent] id:0
path:1006,974,942,943,911,912,913,913,913,913,913,913,913,913,913,913,913,913,913,913,913,913,913,913,913,913,913,913,913,913,913,913,913,913,913,913,913,913,913,913,913,913,913,913,913,913,
goal:913,913,913,913,913,913,913,913,913,913,913,913,913,913,913,913,913,913,913,913,913,913,913,913,913,913,913,913,913,913,913,913,913,913,913,913,913,913,913,913,913,913,913,913,913,913,
size:6
[agent] id:1
path:562,530,498,466,434,402,401,369,337,305,273,241,240,239,207,206,205,204,203,202,201,169,168,167,166,166,166,166,166,166,166,166,166,166,166,166,166,166,166,166,166,166,166,166,166,166,
goal:166,166,166,166,166,166,166,166,166,166,166,166,166,166,166,166,166,166,166,166,166,166,166,166,166,166,166,166,166,166,166,166,166,166,166,166,166,166,166,166,166,166,166,166,166,166,
size:24
[agent] id:2
path:685,653,621,589,557,558,559,560,561,529,497,465,466,467,468,468,468,468,468,468,468,468,468,468,468,468,468,468,468,468,468,468,468,468,468,468,468,468,468,468,468,468,468,468,468,468,
goal:468,468,468,468,468,468,468,468,468,468,468,468,468,468,468,468,468,468,468,468,468,468,468,468,468,468,468,468,468,468,468,468,468,468,468,468,468,468,468,468,468,468,468,468,468,468,
size:14
[agent] id:3
path:779,747,715,683,651,619,620,621,589,557,558,559,560,528,529,497,465,433,401,369,337,305,273,241,209,177,145,113,81,49,17,18,19,20,21,22,23,24,24,24,24,24,24,24,24,24,
goal:24,24,24,24,24,24,24,24,24,24,24,24,24,24,24,24,24,24,24,24,24,24,24,24,24,24,24,24,24,24,24,24,24,24,24,24,24,24,24,24,24,24,24,24,24,24,
size:37
[agent] id:4
path:997,965,933,901,869,837,805,773,741,709,677,645,646,647,648,649,650,651,652,653,654,655,656,657,658,626,627,628,596,597,565,533,501,469,437,405,373,341,309,310,310,310,310,310,310,310,
goal:310,310,310,310,310,310,310,310,310,310,310,310,310,310,310,310,310,310,310,310,310,310,310,310,310,310,310,310,310,310,310,310,310,310,310,310,310,310,310,310,310,310,310,310,310,310,
size:39
[agent] id:5
path:566,598,630,662,661,693,692,691,690,689,688,687,686,718,750,782,782,782,782,782,782,782,782,782,782,782,782,782,782,782,782,782,782,782,782,782,782,782,782,782,782,782,782,782,782,782,
goal:782,782,782,782,782,782,782,782,782,782,782,782,782,782,782,782,782,782,782,782,782,782,782,782,782,782,782,782,782,782,782,782,782,782,782,782,782,782,782,782,782,782,782,782,782,782,
size:15
[agent] id:6
path:168,200,201,233,234,235,236,268,300,301,302,303,304,305,306,307,308,309,341,373,374,375,376,377,378,379,379,379,379,379,379,379,379,379,379,379,379,379,379,379,379,379,379,379,379,379,
goal:379,379,379,379,379,379,379,379,379,379,379,379,379,379,379,379,379,379,379,379,379,379,379,379,379,379,379,379,379,379,379,379,379,379,379,379,379,379,379,379,379,379,379,379,379,379,
size:25
[agent] id:7
path:103,135,167,199,200,201,233,234,235,236,268,300,301,302,334,366,367,399,431,463,464,465,466,498,530,562,594,626,658,690,722,723,724,725,726,758,759,759,759,759,759,759,759,759,759,759,
goal:759,759,759,759,759,759,759,759,759,759,759,759,759,759,759,759,759,759,759,759,759,759,759,759,759,759,759,759,759,759,759,759,759,759,759,759,759,759,759,759,759,759,759,759,759,759,
size:36
[agent] id:8
path:225,257,258,290,322,354,355,356,357,389,421,453,485,517,549,550,551,552,553,554,555,556,557,558,559,560,561,562,563,564,596,597,597,597,597,597,597,597,597,597,597,597,597,597,597,597,
goal:597,597,597,597,597,597,597,597,597,597,597,597,597,597,597,597,597,597,597,597,597,597,597,597,597,597,597,597,597,597,597,597,597,597,597,597,597,597,597,597,597,597,597,597,597,597,
size:31
[agent] id:9
path:22,54,86,87,119,151,183,215,247,279,311,312,344,376,408,409,441,473,472,504,536,535,567,599,631,663,695,727,759,791,823,855,887,919,920,952,984,985,986,987,1019,1020,1021,1021,1021,1021,
goal:1021,1021,1021,1021,1021,1021,1021,1021,1021,1021,1021,1021,1021,1021,1021,1021,1021,1021,1021,1021,1021,1021,1021,1021,1021,1021,1021,1021,1021,1021,1021,1021,1021,1021,1021,1021,1021,1021,1021,1021,1021,1021,1021,1021,1021,1021,
size:42
[agent] id:10
path:871,839,807,775,743,711,679,647,615,583,551,552,553,554,555,556,557,558,559,560,528,529,497,465,433,432,431,431,431,431,431,431,431,431,431,431,431,431,431,431,431,431,431,431,431,431,
goal:431,431,431,431,431,431,431,431,431,431,431,431,431,431,431,431,431,431,431,431,431,431,431,431,431,431,431,431,431,431,431,431,431,431,431,431,431,431,431,431,431,431,431,431,431,431,
size:26
[agent] id:11
path:290,322,354,355,356,357,389,421,453,485,517,549,550,582,614,646,678,710,742,774,806,838,839,840,841,842,874,875,876,877,878,879,880,881,882,883,884,885,886,918,919,920,952,984,985,986,
goal:986,986,986,986,986,986,986,986,986,986,986,986,986,986,986,986,986,986,986,986,986,986,986,986,986,986,986,986,986,986,986,986,986,986,986,986,986,986,986,986,986,986,986,986,986,986,
size:45
[agent] id:12
path:749,717,685,653,621,589,557,525,493,461,429,397,396,395,394,393,392,391,359,358,326,294,262,230,231,199,167,135,103,71,39,38,37,5,4,3,2,2,2,2,2,2,2,2,2,2,
goal:2,2,2,2,2,2,2,2,2,2,2,2,2,2,2,2,2,2,2,2,2,2,2,2,2,2,2,2,2,2,2,2,2,2,2,2,2,2,2,2,2,2,2,2,2,2,
size:36
[agent] id:13
path:89,121,153,185,217,216,215,214,213,212,211,243,242,241,273,305,304,303,302,301,300,332,364,396,395,394,393,392,391,390,389,389,389,389,389,389,389,389,389,389,389,389,389,389,389,389,
goal:389,389,389,389,389,389,389,389,389,389,389,389,389,389,389,389,389,389,389,389,389,389,389,389,389,389,389,389,389,389,389,389,389,389,389,389,389,389,389,389,389,389,389,389,389,389,
size:30
[agent] id:14
path:958,926,894,893,861,860,859,858,857,825,824,823,791,759,727,726,725,693,692,691,690,689,688,687,686,718,750,749,781,781,781,781,781,781,781,781,781,781,781,781,781,781,781,781,781,781,
goal:781,781,781,781,781,781,781,781,781,781,781,781,781,781,781,781,781,781,781,781,781,781,781,781,781,781,781,781,781,781,781,781,781,781,781,781,781,781,781,781,781,781,781,781,781,781,
size:28
[agent] id:15
path:563,562,594,626,658,690,689,688,687,686,718,717,716,715,714,713,745,744,776,775,774,774,774,774,774,774,774,774,774,774,774,774,774,774,774,774,774,774,774,774,774,774,774,774,774,774,
goal:774,774,774,774,774,774,774,774,774,774,774,774,774,774,774,774,774,774,774,774,774,774,774,774,774,774,774,774,774,774,774,774,774,774,774,774,774,774,774,774,774,774,774,774,774,774,
size:20
[agent] id:16
path:62,61,60,28,27,26,58,57,57,57,57,57,57,57,57,57,57,57,57,57,57,57,57,57,57,57,57,57,57,57,57,57,57,57,57,57,57,57,57,57,57,57,57,57,57,57,
goal:57,57,57,57,57,57,57,57,57,57,57,57,57,57,57,57,57,57,57,57,57,57,57,57,57,57,57,57,57,57,57,57,57,57,57,57,57,57,57,57,57,57,57,57,57,57,
size:7
[agent] id:17
path:348,380,379,378,410,442,474,473,472,504,536,535,567,599,631,663,695,727,759,791,823,855,854,853,852,851,850,849,848,847,846,845,844,843,842,841,840,839,838,837,836,835,867,867,867,867,
goal:867,867,867,867,867,867,867,867,867,867,867,867,867,867,867,867,867,867,867,867,867,867,867,867,867,867,867,867,867,867,867,867,867,867,867,867,867,867,867,867,867,867,867,867,867,867,
size:42
[agent] id:18
path:742,710,678,646,647,648,649,650,651,652,653,654,655,656,657,658,626,627,628,629,630,631,632,633,634,602,603,604,604,604,604,604,604,604,604,604,604,604,604,604,604,604,604,604,604,604,
goal:604,604,604,604,604,604,604,604,604,604,604,604,604,604,604,604,604,604,604,604,604,604,604,604,604,604,604,604,604,604,604,604,604,604,604,604,604,604,604,604,604,604,604,604,604,604,
size:27
[agent] id:19
path:359,391,423,424,456,457,489,521,553,554,555,556,557,589,621,653,685,686,687,688,720,721,722,723,724,725,757,757,757,757,757,757,757,757,757,757,757,757,757,757,757,757,757,757,757,757,
goal:757,757,757,757,757,757,757,757,757,757,757,757,757,757,757,757,757,757,757,757,757,757,757,757,757,757,757,757,757,757,757,757,757,757,757,757,757,757,757,757,757,757,757,757,757,757,
size:26
[agent] id:20
path:503,535,567,599,631,663,695,727,759,791,792,793,793,825,857,858,859,860,892,924,924,924,924,924,924,924,924,924,924,924,924,924,924,924,924,924,924,924,924,924,924,924,924,924,924,924,
goal:924,924,924,924,924,924,924,924,924,924,924,924,924,924,924,924,924,924,924,924,924,924,924,924,924,924,924,924,924,924,924,924,924,924,924,924,924,924,924,924,924,924,924,924,924,924,
size:19
[agent] id:21
path:929,930,898,866,867,835,803,771,739,707,708,676,644,612,613,614,582,550,518,486,454,422,390,358,326,294,262,230,231,199,167,135,103,71,70,69,101,101,101,101,101,101,101,101,101,101,
goal:101,101,101,101,101,101,101,101,101,101,101,101,101,101,101,101,101,101,101,101,101,101,101,101,101,101,101,101,101,101,101,101,101,101,101,101,101,101,101,101,101,101,101,101,101,101,
size:36
[agent] id:22
path:539,571,603,635,667,699,731,730,762,794,793,825,824,823,855,887,919,918,950,982,983,983,983,983,983,983,983,983,983,983,983,983,983,983,983,983,983,983,983,983,983,983,983,983,983,983,
goal:983,983,983,983,983,983,983,983,983,983,983,983,983,983,983,983,983,983,983,983,983,983,983,983,983,983,983,983,983,983,983,983,983,983,983,983,983,983,983,983,983,983,983,983,983,983,
size:20
[agent] id:23
path:429,397,396,364,332,300,301,302,303,304,305,273,274,242,210,178,146,114,115,115,115,115,115,115,115,115,115,115,115,115,115,115,115,115,115,115,115,115,115,115,115,115,115,115,115,115,
goal:115,115,115,115,115,115,115,115,115,115,115,115,115,115,115,115,115,115,115,115,115,115,115,115,115,115,115,115,115,115,115,115,115,115,115,115,115,115,115,115,115,115,115,115,115,115,
size:18
[agent] id:24
path:330,331,299,300,268,236,204,172,140,139,138,137,136,135,134,133,133,133,133,133,133,133,133,133,133,133,133,133,133,133,133,133,133,133,133,133,133,133,133,133,133,133,133,133,133,133,
goal:133,133,133,133,133,133,133,133,133,133,133,133,133,133,133,133,133,133,133,133,133,133,133,133,133,133,133,133,133,133,133,133,133,133,133,133,133,133,133,133,133,133,133,133,133,133,
size:15
[agent] id:25
path:550,582,614,613,612,611,611,611,611,611,611,611,611,611,611,611,611,611,611,611,611,611,611,611,611,611,611,611,611,611,611,611,611,611,611,611,611,611,611,611,611,611,611,611,611,611,
goal:611,611,611,611,611,611,611,611,611,611,611,611,611,611,611,611,611,611,611,611,611,611,611,611,611,611,611,611,611,611,611,611,611,611,611,611,611,611,611,611,611,611,611,611,611,611,
size:5
[agent] id:26
path:176,144,143,142,174,206,205,204,236,268,300,332,364,396,428,460,459,458,490,522,554,553,552,584,616,648,680,712,744,776,808,840,872,871,870,870,870,870,870,870,870,870,870,870,870,870,
goal:870,870,870,870,870,870,870,870,870,870,870,870,870,870,870,870,870,870,870,870,870,870,870,870,870,870,870,870,870,870,870,870,870,870,870,870,870,870,870,870,870,870,870,870,870,870,
size:34
[agent] id:27
path:656,657,658,659,627,628,596,564,565,533,501,469,437,405,373,374,375,376,377,378,379,347,315,316,316,316,316,316,316,316,316,316,316,316,316,316,316,316,316,316,316,316,316,316,316,316,
goal:316,316,316,316,316,316,316,316,316,316,316,316,316,316,316,316,316,316,316,316,316,316,316,316,316,316,316,316,316,316,316,316,316,316,316,316,316,316,316,316,316,316,316,316,316,316,
size:23
[agent] id:28
path:851,850,849,848,847,846,845,844,843,842,841,840,872,871,870,902,901,900,899,898,930,929,928,896,896,896,896,896,896,896,896,896,896,896,896,896,896,896,896,896,896,896,896,896,896,896,
goal:896,896,896,896,896,896,896,896,896,896,896,896,896,896,896,896,896,896,896,896,896,896,896,896,896,896,896,896,896,896,896,896,896,896,896,896,896,896,896,896,896,896,896,896,896,896,
size:23
[agent] id:29
path:367,399,431,463,464,465,497,529,528,527,527,527,527,527,527,527,527,527,527,527,527,527,527,527,527,527,527,527,527,527,527,527,527,527,527,527,527,527,527,527,527,527,527,527,527,527,
goal:527,527,527,527,527,527,527,527,527,527,527,527,527,527,527,527,527,527,527,527,527,527,527,527,527,527,527,527,527,527,527,527,527,527,527,527,527,527,527,527,527,527,527,527,527,527,
size:9
SolutionCost:758
