[setting] seed:5964
[solver] type:SASB-ECBS
[solver] w:2.000000
[solver] ID:0
[solver] Lowlevelnode:3157
[solver] Highlevelnode:23
[solver] ConflictCount:12
[solver] solved:1
[solver] elapsed:32
[solver] makespan:43
[problem] timesteplimit:15000
[problem] type:MAPF
[problem] agentnum:30
[graph] width:32
[graph] height:32
[graph] filename:./map/32by32_agents10_ex30.map
[task] id:2,start:0,end:0,service time:0,nodes:854,
[task] id:17,start:0,end:0,service time:0,nodes:28,
[task] id:0,start:0,end:0,service time:0,nodes:434,
[task] id:13,start:0,end:0,service time:0,nodes:664,
[task] id:28,start:0,end:0,service time:0,nodes:609,
[task] id:4,start:0,end:0,service time:0,nodes:660,
[task] id:10,start:0,end:0,service time:0,nodes:781,
[task] id:15,start:0,end:0,service time:0,nodes:89,
[task] id:14,start:0,end:0,service time:0,nodes:887,
[task] id:21,start:0,end:0,service time:0,nodes:228,
[task] id:20,start:0,end:0,service time:0,nodes:435,
[task] id:27,start:0,end:0,service time:0,nodes:25,
[task] id:22,start:0,end:0,service time:0,nodes:547,
[task] id:1,start:0,end:0,service time:0,nodes:802,
[task] id:18,start:0,end:0,service time:0,nodes:528,
[task] id:7,start:0,end:0,service time:0,nodes:564,
[task] id:8,start:0,end:0,service time:0,nodes:516,
[task] id:9,start:0,end:0,service time:0,nodes:559,
[task] id:6,start:0,end:0,service time:0,nodes:297,
[task] id:12,start:0,end:0,service time:0,nodes:473,
[task] id:26,start:0,end:0,service time:0,nodes:967,
[task] id:19,start:0,end:0,service time:0,nodes:935,
[task] id:23,start:0,end:0,service time:0,nodes:239,
[task] id:24,start:0,end:0,service time:0,nodes:156,
[task] id:11,start:0,end:0,service time:0,nodes:476,
[task] id:16,start:0,end:0,service time:0,nodes:192,
[task] id:5,start:0,end:0,service time:0,nodes:921,
[task] id:25,start:0,end:0,service time:0,nodes:389,
[task] id:29,start:0,end:0,service time:0,nodes:341,
[task] id:3,start:0,end:0,service time:0,nodes:352,
[agent] id:0
path:493,494,526,527,528,529,497,465,433,434,434,434,434,434,434,434,434,434,434,434,434,434,434,434,434,434,434,434,434,434,434,434,434,434,434,434,434,434,434,434,434,434,434,434,
goal:434,434,434,434,434,434,434,434,434,434,434,434,434,434,434,434,434,434,434,434,434,434,434,434,434,434,434,434,434,434,434,434,434,434,434,434,434,434,434,434,434,434,434,434,
size:9
[agent] id:1
path:359,391,423,422,454,486,518,550,582,614,646,678,710,742,774,806,805,804,803,802,802,802,802,802,802,802,802,802,802,802,802,802,802,802,802,802,802,802,802,802,802,802,802,802,
goal:802,802,802,802,802,802,802,802,802,802,802,802,802,802,802,802,802,802,802,802,802,802,802,802,802,802,802,802,802,802,802,802,802,802,802,802,802,802,802,802,802,802,802,802,
size:19
[agent] id:2
path:791,823,855,854,854,854,854,854,854,854,854,854,854,854,854,854,854,854,854,854,854,854,854,854,854,854,854,854,854,854,854,854,854,854,854,854,854,854,854,854,854,854,854,854,
goal:854,854,854,854,854,854,854,854,854,854,854,854,854,854,854,854,854,854,854,854,854,854,854,854,854,854,854,854,854,854,854,854,854,854,854,854,854,854,854,854,854,854,854,854,
size:3
[agent] id:3
path:860,859,858,857,825,793,792,760,728,696,695,663,631,599,567,566,565,564,563,562,561,560,559,527,526,494,493,461,429,397,396,395,394,393,392,391,359,358,357,356,355,354,353,352,
goal:352,352,352,352,352,352,352,352,352,352,352,352,352,352,352,352,352,352,352,352,352,352,352,352,352,352,352,352,352,352,352,352,352,352,352,352,352,352,352,352,352,352,352,352,
size:43
[agent] id:4
path:823,824,792,760,728,696,664,663,662,661,660,660,660,660,660,660,660,660,660,660,660,660,660,660,660,660,660,660,660,660,660,660,660,660,660,660,660,660,660,660,660,660,660,660,
goal:660,660,660,660,660,660,660,660,660,660,660,660,660,660,660,660,660,660,660,660,660,660,660,660,660,660,660,660,660,660,660,660,660,660,660,660,660,660,660,660,660,660,660,660,
size:10
[agent] id:5
path:513,545,577,609,641,642,643,644,645,677,709,741,773,805,837,838,839,840,841,842,874,875,876,877,878,879,880,881,882,883,884,885,886,918,919,920,921,921,921,921,921,921,921,921,
goal:921,921,921,921,921,921,921,921,921,921,921,921,921,921,921,921,921,921,921,921,921,921,921,921,921,921,921,921,921,921,921,921,921,921,921,921,921,921,921,921,921,921,921,921,
size:36
[agent] id:6
path:466,434,402,401,369,337,305,304,303,271,270,269,268,236,204,203,202,201,200,199,231,263,264,296,297,297,297,297,297,297,297,297,297,297,297,297,297,297,297,297,297,297,297,297,
goal:297,297,297,297,297,297,297,297,297,297,297,297,297,297,297,297,297,297,297,297,297,297,297,297,297,297,297,297,297,297,297,297,297,297,297,297,297,297,297,297,297,297,297,297,
size:24
[agent] id:7
path:987,986,985,953,921,920,888,887,855,823,791,759,727,695,663,631,599,567,566,565,564,564,564,564,564,564,564,564,564,564,564,564,564,564,564,564,564,564,564,564,564,564,564,564,
goal:564,564,564,564,564,564,564,564,564,564,564,564,564,564,564,564,564,564,564,564,564,564,564,564,564,564,564,564,564,564,564,564,564,564,564,564,564,564,564,564,564,564,564,564,
size:20
[agent] id:8
path:33,65,66,67,68,69,101,133,165,197,229,261,293,294,326,358,390,422,454,486,518,517,516,516,516,516,516,516,516,516,516,516,516,516,516,516,516,516,516,516,516,516,516,516,
goal:516,516,516,516,516,516,516,516,516,516,516,516,516,516,516,516,516,516,516,516,516,516,516,516,516,516,516,516,516,516,516,516,516,516,516,516,516,516,516,516,516,516,516,516,
size:22
[agent] id:9
path:866,867,835,803,771,739,707,708,676,644,612,613,614,582,550,551,552,553,554,555,556,557,558,559,559,559,559,559,559,559,559,559,559,559,559,559,559,559,559,559,559,559,559,559,
goal:559,559,559,559,559,559,559,559,559,559,559,559,559,559,559,559,559,559,559,559,559,559,559,559,559,559,559,559,559,559,559,559,559,559,559,559,559,559,559,559,559,559,559,559,
size:23
[agent] id:10
path:754,722,690,689,688,687,686,718,717,749,781,781,781,781,781,781,781,781,781,781,781,781,781,781,781,781,781,781,781,781,781,781,781,781,781,781,781,781,781,781,781,781,781,781,
goal:781,781,781,781,781,781,781,781,781,781,781,781,781,781,781,781,781,781,781,781,781,781,781,781,781,781,781,781,781,781,781,781,781,781,781,781,781,781,781,781,781,781,781,781,
size:10
[agent] id:11
path:106,138,139,171,203,235,236,268,300,301,302,303,304,305,306,307,308,309,341,373,374,375,376,377,378,379,380,412,413,414,446,478,477,476,476,476,476,476,476,476,476,476,476,476,
goal:476,476,476,476,476,476,476,476,476,476,476,476,476,476,476,476,476,476,476,476,476,476,476,476,476,476,476,476,476,476,476,476,476,476,476,476,476,476,476,476,476,476,476,476,
size:33
[agent] id:12
path:989,957,925,893,861,860,859,858,857,825,793,792,760,728,696,695,663,631,599,567,535,503,504,472,473,473,473,473,473,473,473,473,473,473,473,473,473,473,473,473,473,473,473,473,
goal:473,473,473,473,473,473,473,473,473,473,473,473,473,473,473,473,473,473,473,473,473,473,473,473,473,473,473,473,473,473,473,473,473,473,473,473,473,473,473,473,473,473,473,473,
size:24
[agent] id:13
path:764,796,795,794,762,730,698,697,696,664,664,664,664,664,664,664,664,664,664,664,664,664,664,664,664,664,664,664,664,664,664,664,664,664,664,664,664,664,664,664,664,664,664,664,
goal:664,664,664,664,664,664,664,664,664,664,664,664,664,664,664,664,664,664,664,664,664,664,664,664,664,664,664,664,664,664,664,664,664,664,664,664,664,664,664,664,664,664,664,664,
size:9
[agent] id:14
path:1023,991,990,989,988,987,986,985,953,921,920,888,887,887,887,887,887,887,887,887,887,887,887,887,887,887,887,887,887,887,887,887,887,887,887,887,887,887,887,887,887,887,887,887,
goal:887,887,887,887,887,887,887,887,887,887,887,887,887,887,887,887,887,887,887,887,887,887,887,887,887,887,887,887,887,887,887,887,887,887,887,887,887,887,887,887,887,887,887,887,
size:12
[agent] id:15
path:113,81,82,83,84,52,53,54,86,87,88,89,89,89,89,89,89,89,89,89,89,89,89,89,89,89,89,89,89,89,89,89,89,89,89,89,89,89,89,89,89,89,89,89,
goal:89,89,89,89,89,89,89,89,89,89,89,89,89,89,89,89,89,89,89,89,89,89,89,89,89,89,89,89,89,89,89,89,89,89,89,89,89,89,89,89,89,89,89,89,
size:11
[agent] id:16
path:23,55,54,53,52,51,83,115,114,146,145,144,143,142,174,206,205,204,203,202,201,200,199,231,263,262,261,260,259,258,257,225,193,192,192,192,192,192,192,192,192,192,192,192,
goal:192,192,192,192,192,192,192,192,192,192,192,192,192,192,192,192,192,192,192,192,192,192,192,192,192,192,192,192,192,192,192,192,192,192,192,192,192,192,192,192,192,192,192,192,
size:33
[agent] id:17
path:186,187,155,123,91,92,60,28,28,28,28,28,28,28,28,28,28,28,28,28,28,28,28,28,28,28,28,28,28,28,28,28,28,28,28,28,28,28,28,28,28,28,28,28,
goal:28,28,28,28,28,28,28,28,28,28,28,28,28,28,28,28,28,28,28,28,28,28,28,28,28,28,28,28,28,28,28,28,28,28,28,28,28,28,28,28,28,28,28,28,
size:7
[agent] id:18
path:416,417,418,419,420,421,422,423,424,456,457,458,459,460,461,493,525,526,527,528,528,528,528,528,528,528,528,528,528,528,528,528,528,528,528,528,528,528,528,528,528,528,528,528,
goal:528,528,528,528,528,528,528,528,528,528,528,528,528,528,528,528,528,528,528,528,528,528,528,528,528,528,528,528,528,528,528,528,528,528,528,528,528,528,528,528,528,528,528,528,
size:19
[agent] id:19
path:101,133,165,197,229,261,293,294,326,358,390,422,454,486,518,550,582,614,646,678,710,742,774,806,838,870,902,934,935,935,935,935,935,935,935,935,935,935,935,935,935,935,935,935,
goal:935,935,935,935,935,935,935,935,935,935,935,935,935,935,935,935,935,935,935,935,935,935,935,935,935,935,935,935,935,935,935,935,935,935,935,935,935,935,935,935,935,935,935,935,
size:28
[agent] id:20
path:414,413,412,380,379,378,410,409,408,407,439,438,437,436,435,435,435,435,435,435,435,435,435,435,435,435,435,435,435,435,435,435,435,435,435,435,435,435,435,435,435,435,435,435,
goal:435,435,435,435,435,435,435,435,435,435,435,435,435,435,435,435,435,435,435,435,435,435,435,435,435,435,435,435,435,435,435,435,435,435,435,435,435,435,435,435,435,435,435,435,
size:14
[agent] id:21
path:142,174,206,205,204,203,202,201,200,199,231,230,229,228,228,228,228,228,228,228,228,228,228,228,228,228,228,228,228,228,228,228,228,228,228,228,228,228,228,228,228,228,228,228,
goal:228,228,228,228,228,228,228,228,228,228,228,228,228,228,228,228,228,228,228,228,228,228,228,228,228,228,228,228,228,228,228,228,228,228,228,228,228,228,228,228,228,228,228,228,
size:13
[agent] id:22
path:135,167,199,231,263,262,294,326,358,390,422,454,486,518,517,549,548,547,547,547,547,547,547,547,547,547,547,547,547,547,547,547,547,547,547,547,547,547,547,547,547,547,547,547,
goal:547,547,547,547,547,547,547,547,547,547,547,547,547,547,547,547,547,547,547,547,547,547,547,547,547,547,547,547,547,547,547,547,547,547,547,547,547,547,547,547,547,547,547,547,
size:17
[agent] id:23
path:940,908,876,844,845,846,814,782,750,718,686,654,622,590,558,526,494,493,461,429,397,396,364,332,300,268,269,270,271,239,239,239,239,239,239,239,239,239,239,239,239,239,239,239,
goal:239,239,239,239,239,239,239,239,239,239,239,239,239,239,239,239,239,239,239,239,239,239,239,239,239,239,239,239,239,239,239,239,239,239,239,239,239,239,239,239,239,239,239,239,
size:29
[agent] id:24
path:326,294,262,230,231,199,200,168,169,201,202,203,204,205,206,207,239,240,241,209,210,211,212,213,181,182,183,184,185,186,187,155,156,156,156,156,156,156,156,156,156,156,156,156,
goal:156,156,156,156,156,156,156,156,156,156,156,156,156,156,156,156,156,156,156,156,156,156,156,156,156,156,156,156,156,156,156,156,156,156,156,156,156,156,156,156,156,156,156,156,
size:32
[agent] id:25
path:924,892,860,859,858,857,825,793,792,760,728,696,695,663,631,630,629,628,627,626,594,593,592,591,590,558,526,494,493,461,429,397,396,395,394,393,392,391,390,389,389,389,389,389,
goal:389,389,389,389,389,389,389,389,389,389,389,389,389,389,389,389,389,389,389,389,389,389,389,389,389,389,389,389,389,389,389,389,389,389,389,389,389,389,389,389,389,389,389,389,
size:39
[agent] id:26
path:300,332,364,396,428,460,459,458,490,522,554,553,552,584,616,648,680,712,744,776,808,840,872,904,936,935,967,967,967,967,967,967,967,967,967,967,967,967,967,967,967,967,967,967,
goal:967,967,967,967,967,967,967,967,967,967,967,967,967,967,967,967,967,967,967,967,967,967,967,967,967,967,967,967,967,967,967,967,967,967,967,967,967,967,967,967,967,967,967,967,
size:26
[agent] id:27
path:439,407,375,376,344,312,280,248,216,184,152,120,88,56,24,25,25,25,25,25,25,25,25,25,25,25,25,25,25,25,25,25,25,25,25,25,25,25,25,25,25,25,25,25,
goal:25,25,25,25,25,25,25,25,25,25,25,25,25,25,25,25,25,25,25,25,25,25,25,25,25,25,25,25,25,25,25,25,25,25,25,25,25,25,25,25,25,25,25,25,
size:15
[agent] id:28
path:833,801,800,768,736,737,705,673,641,609,609,609,609,609,609,609,609,609,609,609,609,609,609,609,609,609,609,609,609,609,609,609,609,609,609,609,609,609,609,609,609,609,609,609,
goal:609,609,609,609,609,609,609,609,609,609,609,609,609,609,609,609,609,609,609,609,609,609,609,609,609,609,609,609,609,609,609,609,609,609,609,609,609,609,609,609,609,609,609,609,
size:9
[agent] id:29
path:993,961,929,930,898,866,867,835,803,771,739,707,708,676,644,645,646,647,615,616,617,618,619,620,621,589,590,591,592,560,561,529,497,465,466,467,468,436,437,405,373,341,341,341,
goal:341,341,341,341,341,341,341,341,341,341,341,341,341,341,341,341,341,341,341,341,341,341,341,341,341,341,341,341,341,341,341,341,341,341,341,341,341,341,341,341,341,341,341,341,
size:41
SolutionCost:630
