[setting] seed:8309
[solver] type:SASB-ECBS
[solver] w:2.000000
[solver] ID:0
[solver] Lowlevelnode:6061
[solver] Highlevelnode:25
[solver] ConflictCount:13
[solver] solved:1
[solver] elapsed:41
[solver] makespan:39
[problem] timesteplimit:15000
[problem] type:MAPF
[problem] agentnum:30
[graph] width:32
[graph] height:32
[graph] filename:./map/32by32_agents10_ex30.map
[task] id:14,start:0,end:0,service time:0,nodes:389,
[task] id:29,start:0,end:0,service time:0,nodes:558,
[task] id:25,start:0,end:0,service time:0,nodes:922,
[task] id:21,start:0,end:0,service time:0,nodes:70,
[task] id:19,start:0,end:0,service time:0,nodes:211,
[task] id:11,start:0,end:0,service time:0,nodes:915,
[task] id:28,start:0,end:0,service time:0,nodes:692,
[task] id:3,start:0,end:0,service time:0,nodes:841,
[task] id:27,start:0,end:0,service time:0,nodes:757,
[task] id:6,start:0,end:0,service time:0,nodes:140,
[task] id:9,start:0,end:0,service time:0,nodes:453,
[task] id:15,start:0,end:0,service time:0,nodes:582,
[task] id:26,start:0,end:0,service time:0,nodes:805,
[task] id:17,start:0,end:0,service time:0,nodes:550,
[task] id:13,start:0,end:0,service time:0,nodes:394,
[task] id:16,start:0,end:0,service time:0,nodes:641,
[task] id:18,start:0,end:0,service time:0,nodes:163,
[task] id:2,start:0,end:0,service time:0,nodes:649,
[task] id:8,start:0,end:0,service time:0,nodes:593,
[task] id:20,start:0,end:0,service time:0,nodes:542,
[task] id:24,start:0,end:0,service time:0,nodes:573,
[task] id:4,start:0,end:0,service time:0,nodes:167,
[task] id:23,start:0,end:0,service time:0,nodes:359,
[task] id:0,start:0,end:0,service time:0,nodes:3,
[task] id:12,start:0,end:0,service time:0,nodes:120,
[task] id:5,start:0,end:0,service time:0,nodes:21,
[task] id:22,start:0,end:0,service time:0,nodes:357,
[task] id:1,start:0,end:0,service time:0,nodes:507,
[task] id:10,start:0,end:0,service time:0,nodes:144,
[task] id:7,start:0,end:0,service time:0,nodes:662,
[agent] id:0
path:250,218,217,216,215,214,213,212,211,210,178,146,114,82,81,80,79,78,77,45,13,12,11,10,9,8,7,39,38,37,5,4,3,3,3,3,3,3,3,3,
goal:3,3,3,3,3,3,3,3,3,3,3,3,3,3,3,3,3,3,3,3,3,3,3,3,3,3,3,3,3,3,3,3,3,3,3,3,3,3,3,3,
size:32
[agent] id:1
path:68,69,101,133,165,166,167,199,200,201,233,234,235,236,268,300,301,302,334,366,367,399,431,463,464,465,497,498,499,500,501,533,534,535,536,537,538,539,507,507,
goal:507,507,507,507,507,507,507,507,507,507,507,507,507,507,507,507,507,507,507,507,507,507,507,507,507,507,507,507,507,507,507,507,507,507,507,507,507,507,507,507,
size:38
[agent] id:2
path:924,892,860,859,858,857,825,793,792,760,728,696,664,663,662,661,660,659,658,657,656,655,654,653,652,651,650,649,649,649,649,649,649,649,649,649,649,649,649,649,
goal:649,649,649,649,649,649,649,649,649,649,649,649,649,649,649,649,649,649,649,649,649,649,649,649,649,649,649,649,649,649,649,649,649,649,649,649,649,649,649,649,
size:27
[agent] id:3
path:591,623,622,654,686,718,717,716,715,747,779,811,843,842,841,841,841,841,841,841,841,841,841,841,841,841,841,841,841,841,841,841,841,841,841,841,841,841,841,841,
goal:841,841,841,841,841,841,841,841,841,841,841,841,841,841,841,841,841,841,841,841,841,841,841,841,841,841,841,841,841,841,841,841,841,841,841,841,841,841,841,841,
size:14
[agent] id:4
path:996,964,965,933,901,869,837,805,773,741,709,677,645,613,614,582,550,518,486,454,422,390,358,326,294,262,230,231,199,167,167,167,167,167,167,167,167,167,167,167,
goal:167,167,167,167,167,167,167,167,167,167,167,167,167,167,167,167,167,167,167,167,167,167,167,167,167,167,167,167,167,167,167,167,167,167,167,167,167,167,167,167,
size:29
[agent] id:5
path:482,450,418,419,420,421,422,390,391,392,393,394,395,396,364,332,300,268,236,204,172,173,174,142,110,78,79,80,48,49,17,18,19,20,21,21,21,21,21,21,
goal:21,21,21,21,21,21,21,21,21,21,21,21,21,21,21,21,21,21,21,21,21,21,21,21,21,21,21,21,21,21,21,21,21,21,21,21,21,21,21,21,
size:34
[agent] id:6
path:375,374,342,310,309,308,307,306,274,242,241,240,239,207,206,174,173,172,140,140,140,140,140,140,140,140,140,140,140,140,140,140,140,140,140,140,140,140,140,140,
goal:140,140,140,140,140,140,140,140,140,140,140,140,140,140,140,140,140,140,140,140,140,140,140,140,140,140,140,140,140,140,140,140,140,140,140,140,140,140,140,140,
size:18
[agent] id:7
path:3,35,67,68,69,101,133,134,166,167,199,200,201,202,203,204,205,206,207,239,271,303,304,336,368,400,432,464,465,497,529,561,562,594,626,658,659,660,661,662,
goal:662,662,662,662,662,662,662,662,662,662,662,662,662,662,662,662,662,662,662,662,662,662,662,662,662,662,662,662,662,662,662,662,662,662,662,662,662,662,662,662,
size:39
[agent] id:8
path:961,929,930,898,866,867,835,803,771,739,707,708,676,644,612,613,614,615,616,617,618,619,620,621,589,590,591,592,593,593,593,593,593,593,593,593,593,593,593,593,
goal:593,593,593,593,593,593,593,593,593,593,593,593,593,593,593,593,593,593,593,593,593,593,593,593,593,593,593,593,593,593,593,593,593,593,593,593,593,593,593,593,
size:28
[agent] id:9
path:899,867,835,803,771,739,707,708,676,644,612,613,614,582,550,518,486,454,453,453,453,453,453,453,453,453,453,453,453,453,453,453,453,453,453,453,453,453,453,453,
goal:453,453,453,453,453,453,453,453,453,453,453,453,453,453,453,453,453,453,453,453,453,453,453,453,453,453,453,453,453,453,453,453,453,453,453,453,453,453,453,453,
size:18
[agent] id:10
path:999,967,935,936,904,872,840,808,776,744,712,680,648,616,584,552,520,521,489,457,458,426,427,428,428,428,396,364,332,300,268,236,204,172,173,174,142,143,144,144,
goal:144,144,144,144,144,144,144,144,144,144,144,144,144,144,144,144,144,144,144,144,144,144,144,144,144,144,144,144,144,144,144,144,144,144,144,144,144,144,144,144,
size:38
[agent] id:11
path:563,562,594,626,658,690,722,754,786,818,850,882,914,915,915,915,915,915,915,915,915,915,915,915,915,915,915,915,915,915,915,915,915,915,915,915,915,915,915,915,
goal:915,915,915,915,915,915,915,915,915,915,915,915,915,915,915,915,915,915,915,915,915,915,915,915,915,915,915,915,915,915,915,915,915,915,915,915,915,915,915,915,
size:13
[agent] id:12
path:749,717,685,686,687,655,623,591,592,593,594,594,562,530,498,466,434,435,436,437,405,373,341,309,277,245,213,181,182,150,151,119,120,120,120,120,120,120,120,120,
goal:120,120,120,120,120,120,120,120,120,120,120,120,120,120,120,120,120,120,120,120,120,120,120,120,120,120,120,120,120,120,120,120,120,120,120,120,120,120,120,120,
size:32
[agent] id:13
path:816,848,847,846,814,782,750,718,686,654,622,590,589,557,525,493,461,429,397,396,395,394,394,394,394,394,394,394,394,394,394,394,394,394,394,394,394,394,394,394,
goal:394,394,394,394,394,394,394,394,394,394,394,394,394,394,394,394,394,394,394,394,394,394,394,394,394,394,394,394,394,394,394,394,394,394,394,394,394,394,394,394,
size:21
[agent] id:14
path:421,389,389,389,389,389,389,389,389,389,389,389,389,389,389,389,389,389,389,389,389,389,389,389,389,389,389,389,389,389,389,389,389,389,389,389,389,389,389,389,
goal:389,389,389,389,389,389,389,389,389,389,389,389,389,389,389,389,389,389,389,389,389,389,389,389,389,389,389,389,389,389,389,389,389,389,389,389,389,389,389,389,
size:1
[agent] id:15
path:755,723,691,690,689,657,656,655,623,622,621,620,619,618,617,616,584,583,582,582,582,582,582,582,582,582,582,582,582,582,582,582,582,582,582,582,582,582,582,582,
goal:582,582,582,582,582,582,582,582,582,582,582,582,582,582,582,582,582,582,582,582,582,582,582,582,582,582,582,582,582,582,582,582,582,582,582,582,582,582,582,582,
size:18
[agent] id:16
path:135,167,199,231,263,262,294,326,358,390,422,454,486,518,517,549,548,547,579,611,643,642,641,641,641,641,641,641,641,641,641,641,641,641,641,641,641,641,641,641,
goal:641,641,641,641,641,641,641,641,641,641,641,641,641,641,641,641,641,641,641,641,641,641,641,641,641,641,641,641,641,641,641,641,641,641,641,641,641,641,641,641,
size:22
[agent] id:17
path:305,337,369,401,433,465,497,529,528,527,526,525,557,556,555,554,553,552,551,550,550,550,550,550,550,550,550,550,550,550,550,550,550,550,550,550,550,550,550,550,
goal:550,550,550,550,550,550,550,550,550,550,550,550,550,550,550,550,550,550,550,550,550,550,550,550,550,550,550,550,550,550,550,550,550,550,550,550,550,550,550,550,
size:19
[agent] id:18
path:708,676,644,612,611,579,547,515,483,451,419,418,417,385,353,354,322,290,258,257,225,193,161,162,163,163,163,163,163,163,163,163,163,163,163,163,163,163,163,163,
goal:163,163,163,163,163,163,163,163,163,163,163,163,163,163,163,163,163,163,163,163,163,163,163,163,163,163,163,163,163,163,163,163,163,163,163,163,163,163,163,163,
size:24
[agent] id:19
path:467,435,403,402,401,369,337,305,273,241,209,210,211,211,211,211,211,211,211,211,211,211,211,211,211,211,211,211,211,211,211,211,211,211,211,211,211,211,211,211,
goal:211,211,211,211,211,211,211,211,211,211,211,211,211,211,211,211,211,211,211,211,211,211,211,211,211,211,211,211,211,211,211,211,211,211,211,211,211,211,211,211,
size:12
[agent] id:20
path:489,521,553,554,555,556,557,589,590,591,592,593,594,626,627,628,629,630,631,632,633,634,602,603,604,605,573,574,542,542,542,542,542,542,542,542,542,542,542,542,
goal:542,542,542,542,542,542,542,542,542,542,542,542,542,542,542,542,542,542,542,542,542,542,542,542,542,542,542,542,542,542,542,542,542,542,542,542,542,542,542,542,
size:28
[agent] id:21
path:258,259,227,228,196,197,165,133,101,69,70,70,70,70,70,70,70,70,70,70,70,70,70,70,70,70,70,70,70,70,70,70,70,70,70,70,70,70,70,70,
goal:70,70,70,70,70,70,70,70,70,70,70,70,70,70,70,70,70,70,70,70,70,70,70,70,70,70,70,70,70,70,70,70,70,70,70,70,70,70,70,70,
size:10
[agent] id:22
path:764,796,795,794,762,730,698,697,696,664,632,600,599,567,566,565,564,563,531,530,529,528,527,526,494,493,461,460,459,458,457,456,424,392,391,390,358,357,357,357,
goal:357,357,357,357,357,357,357,357,357,357,357,357,357,357,357,357,357,357,357,357,357,357,357,357,357,357,357,357,357,357,357,357,357,357,357,357,357,357,357,357,
size:37
[agent] id:23
path:668,636,635,634,633,632,600,599,567,566,565,564,563,531,530,529,528,527,526,494,493,461,460,459,458,457,456,424,392,391,359,359,359,359,359,359,359,359,359,359,
goal:359,359,359,359,359,359,359,359,359,359,359,359,359,359,359,359,359,359,359,359,359,359,359,359,359,359,359,359,359,359,359,359,359,359,359,359,359,359,359,359,
size:30
[agent] id:24
path:875,843,811,779,747,715,683,651,652,653,654,655,656,657,658,626,627,628,629,630,631,632,633,634,602,603,604,605,573,573,573,573,573,573,573,573,573,573,573,573,
goal:573,573,573,573,573,573,573,573,573,573,573,573,573,573,573,573,573,573,573,573,573,573,573,573,573,573,573,573,573,573,573,573,573,573,573,573,573,573,573,573,
size:28
[agent] id:25
path:853,885,886,918,919,920,921,922,922,922,922,922,922,922,922,922,922,922,922,922,922,922,922,922,922,922,922,922,922,922,922,922,922,922,922,922,922,922,922,922,
goal:922,922,922,922,922,922,922,922,922,922,922,922,922,922,922,922,922,922,922,922,922,922,922,922,922,922,922,922,922,922,922,922,922,922,922,922,922,922,922,922,
size:7
[agent] id:26
path:262,294,326,358,390,422,454,486,518,550,582,614,646,678,710,742,774,806,805,805,805,805,805,805,805,805,805,805,805,805,805,805,805,805,805,805,805,805,805,805,
goal:805,805,805,805,805,805,805,805,805,805,805,805,805,805,805,805,805,805,805,805,805,805,805,805,805,805,805,805,805,805,805,805,805,805,805,805,805,805,805,805,
size:18
[agent] id:27
path:650,651,652,653,685,686,687,688,720,721,722,723,724,725,757,757,757,757,757,757,757,757,757,757,757,757,757,757,757,757,757,757,757,757,757,757,757,757,757,757,
goal:757,757,757,757,757,757,757,757,757,757,757,757,757,757,757,757,757,757,757,757,757,757,757,757,757,757,757,757,757,757,757,757,757,757,757,757,757,757,757,757,
size:14
[agent] id:28
path:617,649,650,651,652,653,685,686,687,688,689,690,691,692,692,692,692,692,692,692,692,692,692,692,692,692,692,692,692,692,692,692,692,692,692,692,692,692,692,692,
goal:692,692,692,692,692,692,692,692,692,692,692,692,692,692,692,692,692,692,692,692,692,692,692,692,692,692,692,692,692,692,692,692,692,692,692,692,692,692,692,692,
size:13
[agent] id:29
path:688,656,655,623,591,559,558,558,558,558,558,558,558,558,558,558,558,558,558,558,558,558,558,558,558,558,558,558,558,558,558,558,558,558,558,558,558,558,558,558,
goal:558,558,558,558,558,558,558,558,558,558,558,558,558,558,558,558,558,558,558,558,558,558,558,558,558,558,558,558,558,558,558,558,558,558,558,558,558,558,558,558,
size:6
SolutionCost:668
