[setting] seed:15093
[solver] type:SASB-ECBS
[solver] w:2.000000
[solver] ID:0
[solver] Lowlevelnode:4948
[solver] Highlevelnode:21
[solver] ConflictCount:11
[solver] solved:1
[solver] elapsed:37
[solver] makespan:48
[problem] timesteplimit:15000
[problem] type:MAPF
[problem] agentnum:30
[graph] width:32
[graph] height:32
[graph] filename:./map/32by32_agents10_ex30.map
[task] id:3,start:0,end:0,service time:0,nodes:137,
[task] id:20,start:0,end:0,service time:0,nodes:367,
[task] id:23,start:0,end:0,service time:0,nodes:210,
[task] id:5,start:0,end:0,service time:0,nodes:419,
[task] id:29,start:0,end:0,service time:0,nodes:384,
[task] id:13,start:0,end:0,service time:0,nodes:591,
[task] id:1,start:0,end:0,service time:0,nodes:1019,
[task] id:11,start:0,end:0,service time:0,nodes:612,
[task] id:12,start:0,end:0,service time:0,nodes:677,
[task] id:24,start:0,end:0,service time:0,nodes:290,
[task] id:2,start:0,end:0,service time:0,nodes:469,
[task] id:7,start:0,end:0,service time:0,nodes:218,
[task] id:26,start:0,end:0,service time:0,nodes:405,
[task] id:4,start:0,end:0,service time:0,nodes:447,
[task] id:17,start:0,end:0,service time:0,nodes:654,
[task] id:19,start:0,end:0,service time:0,nodes:844,
[task] id:14,start:0,end:0,service time:0,nodes:177,
[task] id:18,start:0,end:0,service time:0,nodes:431,
[task] id:21,start:0,end:0,service time:0,nodes:202,
[task] id:28,start:0,end:0,service time:0,nodes:936,
[task] id:8,start:0,end:0,service time:0,nodes:446,
[task] id:6,start:0,end:0,service time:0,nodes:37,
[task] id:0,start:0,end:0,service time:0,nodes:66,
[task] id:25,start:0,end:0,service time:0,nodes:602,
[task] id:15,start:0,end:0,service time:0,nodes:980,
[task] id:10,start:0,end:0,service time:0,nodes:19,
[task] id:27,start:0,end:0,service time:0,nodes:418,
[task] id:22,start:0,end:0,service time:0,nodes:92,
[task] id:9,start:0,end:0,service time:0,nodes:38,
[task] id:16,start:0,end:0,service time:0,nodes:576,
[agent] id:0
path:937,936,904,872,840,808,776,744,712,680,648,616,584,552,520,519,487,486,454,422,390,358,326,294,262,230,229,197,165,133,101,69,68,67,66,66,66,66,66,66,66,66,66,66,66,66,66,66,66,
goal:66,66,66,66,66,66,66,66,66,66,66,66,66,66,66,66,66,66,66,66,66,66,66,66,66,66,66,66,66,66,66,66,66,66,66,66,66,66,66,66,66,66,66,66,66,66,66,66,66,
size:34
[agent] id:1
path:720,752,753,785,786,818,850,882,883,884,885,886,918,950,982,983,984,985,986,987,1019,1019,1019,1019,1019,1019,1019,1019,1019,1019,1019,1019,1019,1019,1019,1019,1019,1019,1019,1019,1019,1019,1019,1019,1019,1019,1019,1019,1019,
goal:1019,1019,1019,1019,1019,1019,1019,1019,1019,1019,1019,1019,1019,1019,1019,1019,1019,1019,1019,1019,1019,1019,1019,1019,1019,1019,1019,1019,1019,1019,1019,1019,1019,1019,1019,1019,1019,1019,1019,1019,1019,1019,1019,1019,1019,1019,1019,1019,1019,
size:20
[agent] id:2
path:137,169,201,233,234,235,236,268,300,301,302,334,366,367,399,431,463,464,465,466,467,468,469,469,469,469,469,469,469,469,469,469,469,469,469,469,469,469,469,469,469,469,469,469,469,469,469,469,469,
goal:469,469,469,469,469,469,469,469,469,469,469,469,469,469,469,469,469,469,469,469,469,469,469,469,469,469,469,469,469,469,469,469,469,469,469,469,469,469,469,469,469,469,469,469,469,469,469,469,469,
size:22
[agent] id:3
path:81,113,145,144,143,142,174,173,172,140,139,138,137,137,137,137,137,137,137,137,137,137,137,137,137,137,137,137,137,137,137,137,137,137,137,137,137,137,137,137,137,137,137,137,137,137,137,137,137,
goal:137,137,137,137,137,137,137,137,137,137,137,137,137,137,137,137,137,137,137,137,137,137,137,137,137,137,137,137,137,137,137,137,137,137,137,137,137,137,137,137,137,137,137,137,137,137,137,137,137,
size:12
[agent] id:4
path:269,301,302,303,304,305,306,307,308,309,341,373,374,375,376,377,378,379,380,412,413,414,446,447,447,447,447,447,447,447,447,447,447,447,447,447,447,447,447,447,447,447,447,447,447,447,447,447,447,
goal:447,447,447,447,447,447,447,447,447,447,447,447,447,447,447,447,447,447,447,447,447,447,447,447,447,447,447,447,447,447,447,447,447,447,447,447,447,447,447,447,447,447,447,447,447,447,447,447,447,
size:23
[agent] id:5
path:716,715,683,651,619,618,617,616,584,552,520,519,487,486,454,422,421,420,419,419,419,419,419,419,419,419,419,419,419,419,419,419,419,419,419,419,419,419,419,419,419,419,419,419,419,419,419,419,419,
goal:419,419,419,419,419,419,419,419,419,419,419,419,419,419,419,419,419,419,419,419,419,419,419,419,419,419,419,419,419,419,419,419,419,419,419,419,419,419,419,419,419,419,419,419,419,419,419,419,419,
size:18
[agent] id:6
path:127,95,94,93,92,91,90,58,57,56,55,54,53,52,51,50,49,48,80,79,78,77,45,44,12,11,10,42,41,40,39,38,37,37,37,37,37,37,37,37,37,37,37,37,37,37,37,37,37,
goal:37,37,37,37,37,37,37,37,37,37,37,37,37,37,37,37,37,37,37,37,37,37,37,37,37,37,37,37,37,37,37,37,37,37,37,37,37,37,37,37,37,37,37,37,37,37,37,37,37,
size:32
[agent] id:7
path:44,45,77,78,110,111,143,144,176,177,209,210,211,211,243,211,212,213,214,215,216,217,218,218,218,218,218,218,218,218,218,218,218,218,218,218,218,218,218,218,218,218,218,218,218,218,218,218,218,
goal:218,218,218,218,218,218,218,218,218,218,218,218,218,218,218,218,218,218,218,218,218,218,218,218,218,218,218,218,218,218,218,218,218,218,218,218,218,218,218,218,218,218,218,218,218,218,218,218,218,
size:22
[agent] id:8
path:107,139,171,203,235,236,268,300,301,302,303,304,305,306,307,308,309,341,373,374,375,376,377,378,379,380,412,413,414,446,446,446,446,446,446,446,446,446,446,446,446,446,446,446,446,446,446,446,446,
goal:446,446,446,446,446,446,446,446,446,446,446,446,446,446,446,446,446,446,446,446,446,446,446,446,446,446,446,446,446,446,446,446,446,446,446,446,446,446,446,446,446,446,446,446,446,446,446,446,446,
size:29
[agent] id:9
path:860,859,858,857,825,793,792,760,728,696,664,632,600,599,567,535,534,533,501,469,437,405,373,341,309,308,307,306,274,242,241,240,239,207,206,174,173,172,140,139,107,75,74,42,41,40,39,38,38,
goal:38,38,38,38,38,38,38,38,38,38,38,38,38,38,38,38,38,38,38,38,38,38,38,38,38,38,38,38,38,38,38,38,38,38,38,38,38,38,38,38,38,38,38,38,38,38,38,38,38,
size:47
[agent] id:10
path:795,794,762,730,698,697,696,664,632,600,599,567,535,534,533,501,469,437,405,373,341,309,277,245,213,214,182,150,151,119,87,55,23,22,21,20,19,19,19,19,19,19,19,19,19,19,19,19,19,
goal:19,19,19,19,19,19,19,19,19,19,19,19,19,19,19,19,19,19,19,19,19,19,19,19,19,19,19,19,19,19,19,19,19,19,19,19,19,19,19,19,19,19,19,19,19,19,19,19,19,
size:36
[agent] id:11
path:400,432,464,465,497,529,561,593,592,591,623,622,621,620,619,618,617,616,615,614,613,612,612,612,612,612,612,612,612,612,612,612,612,612,612,612,612,612,612,612,612,612,612,612,612,612,612,612,612,
goal:612,612,612,612,612,612,612,612,612,612,612,612,612,612,612,612,612,612,612,612,612,612,612,612,612,612,612,612,612,612,612,612,612,612,612,612,612,612,612,612,612,612,612,612,612,612,612,612,612,
size:21
[agent] id:12
path:696,695,663,662,661,660,659,658,657,656,655,654,653,652,651,683,682,681,680,679,678,677,677,677,677,677,677,677,677,677,677,677,677,677,677,677,677,677,677,677,677,677,677,677,677,677,677,677,677,
goal:677,677,677,677,677,677,677,677,677,677,677,677,677,677,677,677,677,677,677,677,677,677,677,677,677,677,677,677,677,677,677,677,677,677,677,677,677,677,677,677,677,677,677,677,677,677,677,677,677,
size:21
[agent] id:13
path:214,213,245,277,309,341,373,405,437,469,501,533,565,564,563,562,594,593,592,591,591,591,591,591,591,591,591,591,591,591,591,591,591,591,591,591,591,591,591,591,591,591,591,591,591,591,591,591,591,
goal:591,591,591,591,591,591,591,591,591,591,591,591,591,591,591,591,591,591,591,591,591,591,591,591,591,591,591,591,591,591,591,591,591,591,591,591,591,591,591,591,591,591,591,591,591,591,591,591,591,
size:19
[agent] id:14
path:667,635,634,633,632,600,599,567,566,565,564,563,531,499,467,435,403,402,401,369,337,305,273,241,209,177,177,177,177,177,177,177,177,177,177,177,177,177,177,177,177,177,177,177,177,177,177,177,177,
goal:177,177,177,177,177,177,177,177,177,177,177,177,177,177,177,177,177,177,177,177,177,177,177,177,177,177,177,177,177,177,177,177,177,177,177,177,177,177,177,177,177,177,177,177,177,177,177,177,177,
size:25
[agent] id:15
path:155,187,219,218,217,216,248,280,312,344,376,408,409,441,473,472,504,536,535,567,599,631,663,695,727,759,791,823,855,887,919,918,950,949,948,980,980,980,980,980,980,980,980,980,980,980,980,980,980,
goal:980,980,980,980,980,980,980,980,980,980,980,980,980,980,980,980,980,980,980,980,980,980,980,980,980,980,980,980,980,980,980,980,980,980,980,980,980,980,980,980,980,980,980,980,980,980,980,980,980,
size:35
[agent] id:16
path:30,29,28,27,26,58,57,89,121,153,185,217,216,248,280,312,344,376,408,407,439,438,437,436,468,500,499,531,563,562,561,560,559,558,557,556,555,554,553,552,551,550,549,548,547,579,578,577,576,
goal:576,576,576,576,576,576,576,576,576,576,576,576,576,576,576,576,576,576,576,576,576,576,576,576,576,576,576,576,576,576,576,576,576,576,576,576,576,576,576,576,576,576,576,576,576,576,576,576,576,
size:48
[agent] id:17
path:115,114,146,178,210,242,274,306,305,337,369,401,433,465,497,498,530,562,561,560,559,558,590,622,654,654,654,654,654,654,654,654,654,654,654,654,654,654,654,654,654,654,654,654,654,654,654,654,654,
goal:654,654,654,654,654,654,654,654,654,654,654,654,654,654,654,654,654,654,654,654,654,654,654,654,654,654,654,654,654,654,654,654,654,654,654,654,654,654,654,654,654,654,654,654,654,654,654,654,654,
size:24
[agent] id:18
path:764,796,795,794,762,730,698,697,696,664,632,600,599,567,535,534,533,501,469,437,436,435,434,433,432,431,431,431,431,431,431,431,431,431,431,431,431,431,431,431,431,431,431,431,431,431,431,431,431,
goal:431,431,431,431,431,431,431,431,431,431,431,431,431,431,431,431,431,431,431,431,431,431,431,431,431,431,431,431,431,431,431,431,431,431,431,431,431,431,431,431,431,431,431,431,431,431,431,431,431,
size:25
[agent] id:19
path:538,570,602,634,633,632,664,663,662,661,693,725,724,723,755,754,786,818,850,849,848,847,846,845,844,844,844,844,844,844,844,844,844,844,844,844,844,844,844,844,844,844,844,844,844,844,844,844,844,
goal:844,844,844,844,844,844,844,844,844,844,844,844,844,844,844,844,844,844,844,844,844,844,844,844,844,844,844,844,844,844,844,844,844,844,844,844,844,844,844,844,844,844,844,844,844,844,844,844,844,
size:24
[agent] id:20
path:394,395,396,364,332,331,331,332,332,300,301,302,334,366,367,367,367,367,367,367,367,367,367,367,367,367,367,367,367,367,367,367,367,367,367,367,367,367,367,367,367,367,367,367,367,367,367,367,367,
goal:367,367,367,367,367,367,367,367,367,367,367,367,367,367,367,367,367,367,367,367,367,367,367,367,367,367,367,367,367,367,367,367,367,367,367,367,367,367,367,367,367,367,367,367,367,367,367,367,367,
size:14
[agent] id:21
path:60,92,91,123,155,187,219,218,217,216,215,214,213,212,211,210,209,241,240,239,207,206,205,204,203,202,202,202,202,202,202,202,202,202,202,202,202,202,202,202,202,202,202,202,202,202,202,202,202,
goal:202,202,202,202,202,202,202,202,202,202,202,202,202,202,202,202,202,202,202,202,202,202,202,202,202,202,202,202,202,202,202,202,202,202,202,202,202,202,202,202,202,202,202,202,202,202,202,202,202,
size:25
[agent] id:22
path:958,926,894,895,863,831,799,798,766,734,702,670,669,637,605,604,603,571,539,507,508,476,477,478,446,414,413,381,349,317,285,286,287,255,223,191,159,127,95,94,93,92,92,92,92,92,92,92,92,
goal:92,92,92,92,92,92,92,92,92,92,92,92,92,92,92,92,92,92,92,92,92,92,92,92,92,92,92,92,92,92,92,92,92,92,92,92,92,92,92,92,92,92,92,92,92,92,92,92,92,
size:41
[agent] id:23
path:167,168,169,169,201,202,203,204,236,204,205,206,207,239,240,241,242,210,210,210,210,210,210,210,210,210,210,210,210,210,210,210,210,210,210,210,210,210,210,210,210,210,210,210,210,210,210,210,210,
goal:210,210,210,210,210,210,210,210,210,210,210,210,210,210,210,210,210,210,210,210,210,210,210,210,210,210,210,210,210,210,210,210,210,210,210,210,210,210,210,210,210,210,210,210,210,210,210,210,210,
size:17
[agent] id:24
path:177,209,241,240,239,207,206,205,204,203,202,201,200,199,231,263,262,261,260,259,258,290,290,290,290,290,290,290,290,290,290,290,290,290,290,290,290,290,290,290,290,290,290,290,290,290,290,290,290,
goal:290,290,290,290,290,290,290,290,290,290,290,290,290,290,290,290,290,290,290,290,290,290,290,290,290,290,290,290,290,290,290,290,290,290,290,290,290,290,290,290,290,290,290,290,290,290,290,290,290,
size:21
[agent] id:25
path:898,866,867,835,803,771,739,707,708,676,644,645,646,647,648,649,650,651,652,653,654,655,656,657,658,626,627,628,629,630,631,632,633,634,602,602,602,602,602,602,602,602,602,602,602,602,602,602,602,
goal:602,602,602,602,602,602,602,602,602,602,602,602,602,602,602,602,602,602,602,602,602,602,602,602,602,602,602,602,602,602,602,602,602,602,602,602,602,602,602,602,602,602,602,602,602,602,602,602,602,
size:34
[agent] id:26
path:486,518,550,551,552,553,554,555,556,524,525,526,527,528,529,497,465,466,467,468,469,437,405,405,405,405,405,405,405,405,405,405,405,405,405,405,405,405,405,405,405,405,405,405,405,405,405,405,405,
goal:405,405,405,405,405,405,405,405,405,405,405,405,405,405,405,405,405,405,405,405,405,405,405,405,405,405,405,405,405,405,405,405,405,405,405,405,405,405,405,405,405,405,405,405,405,405,405,405,405,
size:22
[agent] id:27
path:922,921,920,888,887,855,823,791,759,727,695,663,631,630,598,566,565,564,563,562,561,560,559,558,557,556,555,554,522,521,520,519,487,486,454,453,452,451,450,418,418,418,418,418,418,418,418,418,418,
goal:418,418,418,418,418,418,418,418,418,418,418,418,418,418,418,418,418,418,418,418,418,418,418,418,418,418,418,418,418,418,418,418,418,418,418,418,418,418,418,418,418,418,418,418,418,418,418,418,418,
size:39
[agent] id:28
path:234,235,236,268,300,332,364,396,428,460,459,458,490,522,554,553,552,584,616,648,680,712,744,776,808,840,872,904,936,936,936,936,936,936,936,936,936,936,936,936,936,936,936,936,936,936,936,936,936,
goal:936,936,936,936,936,936,936,936,936,936,936,936,936,936,936,936,936,936,936,936,936,936,936,936,936,936,936,936,936,936,936,936,936,936,936,936,936,936,936,936,936,936,936,936,936,936,936,936,936,
size:28
[agent] id:29
path:204,203,202,201,200,199,231,263,262,294,326,358,357,356,355,354,353,385,384,384,384,384,384,384,384,384,384,384,384,384,384,384,384,384,384,384,384,384,384,384,384,384,384,384,384,384,384,384,384,
goal:384,384,384,384,384,384,384,384,384,384,384,384,384,384,384,384,384,384,384,384,384,384,384,384,384,384,384,384,384,384,384,384,384,384,384,384,384,384,384,384,384,384,384,384,384,384,384,384,384,
size:18
SolutionCost:796
