[setting] seed:16293
[solver] type:SASB-ECBS
[solver] w:2.000000
[solver] ID:0
[solver] Lowlevelnode:5560
[solver] Highlevelnode:23
[solver] ConflictCount:12
[solver] solved:1
[solver] elapsed:40
[solver] makespan:57
[problem] timesteplimit:15000
[problem] type:MAPF
[problem] agentnum:30
[graph] width:32
[graph] height:32
[graph] filename:./map/32by32_agents10_ex30.map
[task] id:12,start:0,end:0,service time:0,nodes:785,
[task] id:17,start:0,end:0,service time:0,nodes:304,
[task] id:9,start:0,end:0,service time:0,nodes:707,
[task] id:16,start:0,end:0,service time:0,nodes:392,
[task] id:1,start:0,end:0,service time:0,nodes:176,
[task] id:6,start:0,end:0,service time:0,nodes:706,
[task] id:27,start:0,end:0,service time:0,nodes:377,
[task] id:7,start:0,end:0,service time:0,nodes:578,
[task] id:3,start:0,end:0,service time:0,nodes:848,
[task] id:25,start:0,end:0,service time:0,nodes:747,
[task] id:29,start:0,end:0,service time:0,nodes:447,
[task] id:2,start:0,end:0,service time:0,nodes:626,
[task] id:21,start:0,end:0,service time:0,nodes:885,
[task] id:5,start:0,end:0,service time:0,nodes:13,
[task] id:11,start:0,end:0,service time:0,nodes:101,
[task] id:26,start:0,end:0,service time:0,nodes:55,
[task] id:24,start:0,end:0,service time:0,nodes:651,
[task] id:4,start:0,end:0,service time:0,nodes:765,
[task] id:19,start:0,end:0,service time:0,nodes:1016,
[task] id:20,start:0,end:0,service time:0,nodes:768,
[task] id:14,start:0,end:0,service time:0,nodes:650,
[task] id:10,start:0,end:0,service time:0,nodes:842,
[task] id:0,start:0,end:0,service time:0,nodes:477,
[task] id:8,start:0,end:0,service time:0,nodes:225,
[task] id:13,start:0,end:0,service time:0,nodes:40,
[task] id:15,start:0,end:0,service time:0,nodes:960,
[task] id:22,start:0,end:0,service time:0,nodes:138,
[task] id:23,start:0,end:0,service time:0,nodes:41,
[task] id:18,start:0,end:0,service time:0,nodes:9,
[task] id:28,start:0,end:0,service time:0,nodes:895,
[agent] id:0
path:940,908,876,844,845,846,814,782,750,718,686,654,622,590,558,559,560,561,562,563,564,565,533,534,535,536,537,538,539,507,508,476,477,477,477,477,477,477,477,477,477,477,477,477,477,477,477,477,477,477,477,477,477,477,477,477,477,477,
goal:477,477,477,477,477,477,477,477,477,477,477,477,477,477,477,477,477,477,477,477,477,477,477,477,477,477,477,477,477,477,477,477,477,477,477,477,477,477,477,477,477,477,477,477,477,477,477,477,477,477,477,477,477,477,477,477,477,477,
size:32
[agent] id:1
path:364,332,300,268,236,204,172,173,174,142,143,144,176,176,176,176,176,176,176,176,176,176,176,176,176,176,176,176,176,176,176,176,176,176,176,176,176,176,176,176,176,176,176,176,176,176,176,176,176,176,176,176,176,176,176,176,176,176,
goal:176,176,176,176,176,176,176,176,176,176,176,176,176,176,176,176,176,176,176,176,176,176,176,176,176,176,176,176,176,176,176,176,176,176,176,176,176,176,176,176,176,176,176,176,176,176,176,176,176,176,176,176,176,176,176,176,176,176,
size:12
[agent] id:2
path:112,144,176,177,209,241,273,305,337,369,401,433,465,497,529,561,593,594,593,594,626,626,626,626,626,626,626,626,626,626,626,626,626,626,626,626,626,626,626,626,626,626,626,626,626,626,626,626,626,626,626,626,626,626,626,626,626,626,
goal:626,626,626,626,626,626,626,626,626,626,626,626,626,626,626,626,626,626,626,626,626,626,626,626,626,626,626,626,626,626,626,626,626,626,626,626,626,626,626,626,626,626,626,626,626,626,626,626,626,626,626,626,626,626,626,626,626,626,
size:20
[agent] id:3
path:613,645,677,709,741,773,805,837,838,839,840,841,842,843,844,845,846,847,848,848,848,848,848,848,848,848,848,848,848,848,848,848,848,848,848,848,848,848,848,848,848,848,848,848,848,848,848,848,848,848,848,848,848,848,848,848,848,848,
goal:848,848,848,848,848,848,848,848,848,848,848,848,848,848,848,848,848,848,848,848,848,848,848,848,848,848,848,848,848,848,848,848,848,848,848,848,848,848,848,848,848,848,848,848,848,848,848,848,848,848,848,848,848,848,848,848,848,848,
size:18
[agent] id:4
path:181,213,245,277,309,341,373,405,406,438,470,469,501,533,565,597,629,661,662,663,695,696,697,698,699,700,701,733,765,765,765,765,765,765,765,765,765,765,765,765,765,765,765,765,765,765,765,765,765,765,765,765,765,765,765,765,765,765,
goal:765,765,765,765,765,765,765,765,765,765,765,765,765,765,765,765,765,765,765,765,765,765,765,765,765,765,765,765,765,765,765,765,765,765,765,765,765,765,765,765,765,765,765,765,765,765,765,765,765,765,765,765,765,765,765,765,765,765,
size:28
[agent] id:5
path:256,257,258,259,227,228,196,197,165,133,101,69,37,38,39,7,8,9,10,11,12,13,13,13,13,13,13,13,13,13,13,13,13,13,13,13,13,13,13,13,13,13,13,13,13,13,13,13,13,13,13,13,13,13,13,13,13,13,
goal:13,13,13,13,13,13,13,13,13,13,13,13,13,13,13,13,13,13,13,13,13,13,13,13,13,13,13,13,13,13,13,13,13,13,13,13,13,13,13,13,13,13,13,13,13,13,13,13,13,13,13,13,13,13,13,13,13,13,
size:21
[agent] id:6
path:352,384,416,448,480,512,544,576,577,609,641,673,705,706,706,706,706,706,706,706,706,706,706,706,706,706,706,706,706,706,706,706,706,706,706,706,706,706,706,706,706,706,706,706,706,706,706,706,706,706,706,706,706,706,706,706,706,706,
goal:706,706,706,706,706,706,706,706,706,706,706,706,706,706,706,706,706,706,706,706,706,706,706,706,706,706,706,706,706,706,706,706,706,706,706,706,706,706,706,706,706,706,706,706,706,706,706,706,706,706,706,706,706,706,706,706,706,706,
size:13
[agent] id:7
path:397,429,461,493,525,557,556,555,554,553,552,551,550,549,548,547,579,578,578,578,578,578,578,578,578,578,578,578,578,578,578,578,578,578,578,578,578,578,578,578,578,578,578,578,578,578,578,578,578,578,578,578,578,578,578,578,578,578,
goal:578,578,578,578,578,578,578,578,578,578,578,578,578,578,578,578,578,578,578,578,578,578,578,578,578,578,578,578,578,578,578,578,578,578,578,578,578,578,578,578,578,578,578,578,578,578,578,578,578,578,578,578,578,578,578,578,578,578,
size:17
[agent] id:8
path:55,54,22,21,53,52,84,83,115,114,146,145,144,143,142,174,206,205,204,203,202,201,200,199,231,263,262,261,260,259,258,257,225,225,225,225,225,225,225,225,225,225,225,225,225,225,225,225,225,225,225,225,225,225,225,225,225,225,
goal:225,225,225,225,225,225,225,225,225,225,225,225,225,225,225,225,225,225,225,225,225,225,225,225,225,225,225,225,225,225,225,225,225,225,225,225,225,225,225,225,225,225,225,225,225,225,225,225,225,225,225,225,225,225,225,225,225,225,
size:32
[agent] id:9
path:840,808,776,744,712,711,710,709,708,707,707,707,707,707,707,707,707,707,707,707,707,707,707,707,707,707,707,707,707,707,707,707,707,707,707,707,707,707,707,707,707,707,707,707,707,707,707,707,707,707,707,707,707,707,707,707,707,707,
goal:707,707,707,707,707,707,707,707,707,707,707,707,707,707,707,707,707,707,707,707,707,707,707,707,707,707,707,707,707,707,707,707,707,707,707,707,707,707,707,707,707,707,707,707,707,707,707,707,707,707,707,707,707,707,707,707,707,707,
size:9
[agent] id:10
path:345,377,409,441,473,472,504,536,535,567,599,631,663,662,661,660,692,691,690,689,688,687,686,718,750,782,814,846,845,844,843,842,842,842,842,842,842,842,842,842,842,842,842,842,842,842,842,842,842,842,842,842,842,842,842,842,842,842,
goal:842,842,842,842,842,842,842,842,842,842,842,842,842,842,842,842,842,842,842,842,842,842,842,842,842,842,842,842,842,842,842,842,842,842,842,842,842,842,842,842,842,842,842,842,842,842,842,842,842,842,842,842,842,842,842,842,842,842,
size:31
[agent] id:11
path:742,710,678,646,614,582,550,518,486,454,422,390,358,326,294,262,230,229,197,165,133,101,101,101,101,101,101,101,101,101,101,101,101,101,101,101,101,101,101,101,101,101,101,101,101,101,101,101,101,101,101,101,101,101,101,101,101,101,
goal:101,101,101,101,101,101,101,101,101,101,101,101,101,101,101,101,101,101,101,101,101,101,101,101,101,101,101,101,101,101,101,101,101,101,101,101,101,101,101,101,101,101,101,101,101,101,101,101,101,101,101,101,101,101,101,101,101,101,
size:21
[agent] id:12
path:786,785,785,785,785,785,785,785,785,785,785,785,785,785,785,785,785,785,785,785,785,785,785,785,785,785,785,785,785,785,785,785,785,785,785,785,785,785,785,785,785,785,785,785,785,785,785,785,785,785,785,785,785,785,785,785,785,785,
goal:785,785,785,785,785,785,785,785,785,785,785,785,785,785,785,785,785,785,785,785,785,785,785,785,785,785,785,785,785,785,785,785,785,785,785,785,785,785,785,785,785,785,785,785,785,785,785,785,785,785,785,785,785,785,785,785,785,785,
size:1
[agent] id:13
path:662,630,598,566,534,533,501,469,437,405,373,341,309,308,307,306,274,242,241,240,239,207,206,174,173,172,140,139,107,75,74,42,41,40,40,40,40,40,40,40,40,40,40,40,40,40,40,40,40,40,40,40,40,40,40,40,40,40,
goal:40,40,40,40,40,40,40,40,40,40,40,40,40,40,40,40,40,40,40,40,40,40,40,40,40,40,40,40,40,40,40,40,40,40,40,40,40,40,40,40,40,40,40,40,40,40,40,40,40,40,40,40,40,40,40,40,40,40,
size:33
[agent] id:14
path:33,65,66,67,68,69,101,133,134,166,165,197,229,261,293,294,326,358,390,422,454,486,518,550,582,614,646,647,648,649,650,650,650,650,650,650,650,650,650,650,650,650,650,650,650,650,650,650,650,650,650,650,650,650,650,650,650,650,
goal:650,650,650,650,650,650,650,650,650,650,650,650,650,650,650,650,650,650,650,650,650,650,650,650,650,650,650,650,650,650,650,650,650,650,650,650,650,650,650,650,650,650,650,650,650,650,650,650,650,650,650,650,650,650,650,650,650,650,
size:30
[agent] id:15
path:101,133,165,197,229,261,293,294,326,358,390,391,423,422,454,486,518,550,582,614,646,678,710,742,774,806,838,870,902,934,966,965,964,963,962,961,960,960,960,960,960,960,960,960,960,960,960,960,960,960,960,960,960,960,960,960,960,960,
goal:960,960,960,960,960,960,960,960,960,960,960,960,960,960,960,960,960,960,960,960,960,960,960,960,960,960,960,960,960,960,960,960,960,960,960,960,960,960,960,960,960,960,960,960,960,960,960,960,960,960,960,960,960,960,960,960,960,960,
size:36
[agent] id:16
path:385,353,354,355,356,357,389,390,391,392,392,392,392,392,392,392,392,392,392,392,392,392,392,392,392,392,392,392,392,392,392,392,392,392,392,392,392,392,392,392,392,392,392,392,392,392,392,392,392,392,392,392,392,392,392,392,392,392,
goal:392,392,392,392,392,392,392,392,392,392,392,392,392,392,392,392,392,392,392,392,392,392,392,392,392,392,392,392,392,392,392,392,392,392,392,392,392,392,392,392,392,392,392,392,392,392,392,392,392,392,392,392,392,392,392,392,392,392,
size:9
[agent] id:17
path:204,236,268,269,301,302,303,304,304,304,304,304,304,304,304,304,304,304,304,304,304,304,304,304,304,304,304,304,304,304,304,304,304,304,304,304,304,304,304,304,304,304,304,304,304,304,304,304,304,304,304,304,304,304,304,304,304,304,
goal:304,304,304,304,304,304,304,304,304,304,304,304,304,304,304,304,304,304,304,304,304,304,304,304,304,304,304,304,304,304,304,304,304,304,304,304,304,304,304,304,304,304,304,304,304,304,304,304,304,304,304,304,304,304,304,304,304,304,
size:7
[agent] id:18
path:1017,985,953,921,920,888,887,855,823,791,759,727,726,725,693,661,660,659,658,657,656,655,623,591,559,527,526,494,493,461,429,397,396,364,332,300,268,236,204,172,140,139,107,75,74,42,10,9,9,9,9,9,9,9,9,9,9,9,
goal:9,9,9,9,9,9,9,9,9,9,9,9,9,9,9,9,9,9,9,9,9,9,9,9,9,9,9,9,9,9,9,9,9,9,9,9,9,9,9,9,9,9,9,9,9,9,9,9,9,9,9,9,9,9,9,9,9,9,
size:47
[agent] id:19
path:367,399,431,463,464,465,497,529,561,593,594,626,658,690,691,723,724,725,757,758,759,791,823,855,887,919,920,952,984,1016,1016,1016,1016,1016,1016,1016,1016,1016,1016,1016,1016,1016,1016,1016,1016,1016,1016,1016,1016,1016,1016,1016,1016,1016,1016,1016,1016,1016,
goal:1016,1016,1016,1016,1016,1016,1016,1016,1016,1016,1016,1016,1016,1016,1016,1016,1016,1016,1016,1016,1016,1016,1016,1016,1016,1016,1016,1016,1016,1016,1016,1016,1016,1016,1016,1016,1016,1016,1016,1016,1016,1016,1016,1016,1016,1016,1016,1016,1016,1016,1016,1016,1016,1016,1016,1016,1016,1016,
size:29
[agent] id:20
path:233,201,200,199,231,263,262,262,294,326,358,357,389,421,453,485,517,549,548,547,579,611,643,642,641,673,705,737,736,768,768,768,768,768,768,768,768,768,768,768,768,768,768,768,768,768,768,768,768,768,768,768,768,768,768,768,768,768,
goal:768,768,768,768,768,768,768,768,768,768,768,768,768,768,768,768,768,768,768,768,768,768,768,768,768,768,768,768,768,768,768,768,768,768,768,768,768,768,768,768,768,768,768,768,768,768,768,768,768,768,768,768,768,768,768,768,768,768,
size:29
[agent] id:21
path:524,556,557,589,621,653,685,717,749,781,782,814,846,878,879,880,881,882,883,884,885,885,885,885,885,885,885,885,885,885,885,885,885,885,885,885,885,885,885,885,885,885,885,885,885,885,885,885,885,885,885,885,885,885,885,885,885,885,
goal:885,885,885,885,885,885,885,885,885,885,885,885,885,885,885,885,885,885,885,885,885,885,885,885,885,885,885,885,885,885,885,885,885,885,885,885,885,885,885,885,885,885,885,885,885,885,885,885,885,885,885,885,885,885,885,885,885,885,
size:20
[agent] id:22
path:1015,983,982,950,918,886,854,853,852,851,819,818,786,754,722,690,658,626,594,562,530,498,466,434,402,401,369,337,305,273,241,240,239,207,206,174,173,172,140,139,138,138,138,138,138,138,138,138,138,138,138,138,138,138,138,138,138,138,
goal:138,138,138,138,138,138,138,138,138,138,138,138,138,138,138,138,138,138,138,138,138,138,138,138,138,138,138,138,138,138,138,138,138,138,138,138,138,138,138,138,138,138,138,138,138,138,138,138,138,138,138,138,138,138,138,138,138,138,
size:40
[agent] id:23
path:764,796,795,794,762,730,698,697,696,664,632,600,599,567,535,534,533,501,469,437,405,373,341,309,308,307,306,274,242,241,240,239,207,206,174,173,172,140,139,107,75,74,42,41,41,41,41,41,41,41,41,41,41,41,41,41,41,41,
goal:41,41,41,41,41,41,41,41,41,41,41,41,41,41,41,41,41,41,41,41,41,41,41,41,41,41,41,41,41,41,41,41,41,41,41,41,41,41,41,41,41,41,41,41,41,41,41,41,41,41,41,41,41,41,41,41,41,41,
size:43
[agent] id:24
path:40,72,104,136,168,200,201,233,234,235,236,268,300,332,364,396,428,460,461,493,525,557,589,621,653,652,651,651,651,651,651,651,651,651,651,651,651,651,651,651,651,651,651,651,651,651,651,651,651,651,651,651,651,651,651,651,651,651,
goal:651,651,651,651,651,651,651,651,651,651,651,651,651,651,651,651,651,651,651,651,651,651,651,651,651,651,651,651,651,651,651,651,651,651,651,651,651,651,651,651,651,651,651,651,651,651,651,651,651,651,651,651,651,651,651,651,651,651,
size:26
[agent] id:25
path:535,567,599,631,663,662,661,693,692,691,690,689,688,687,686,718,717,716,715,747,747,747,747,747,747,747,747,747,747,747,747,747,747,747,747,747,747,747,747,747,747,747,747,747,747,747,747,747,747,747,747,747,747,747,747,747,747,747,
goal:747,747,747,747,747,747,747,747,747,747,747,747,747,747,747,747,747,747,747,747,747,747,747,747,747,747,747,747,747,747,747,747,747,747,747,747,747,747,747,747,747,747,747,747,747,747,747,747,747,747,747,747,747,747,747,747,747,747,
size:19
[agent] id:26
path:758,726,725,693,661,629,597,565,533,501,469,437,405,373,341,309,277,245,213,181,182,150,151,119,87,55,55,55,55,55,55,55,55,55,55,55,55,55,55,55,55,55,55,55,55,55,55,55,55,55,55,55,55,55,55,55,55,55,
goal:55,55,55,55,55,55,55,55,55,55,55,55,55,55,55,55,55,55,55,55,55,55,55,55,55,55,55,55,55,55,55,55,55,55,55,55,55,55,55,55,55,55,55,55,55,55,55,55,55,55,55,55,55,55,55,55,55,55,
size:25
[agent] id:27
path:51,52,53,54,86,87,119,151,183,215,247,279,311,312,344,376,377,377,377,377,377,377,377,377,377,377,377,377,377,377,377,377,377,377,377,377,377,377,377,377,377,377,377,377,377,377,377,377,377,377,377,377,377,377,377,377,377,377,
goal:377,377,377,377,377,377,377,377,377,377,377,377,377,377,377,377,377,377,377,377,377,377,377,377,377,377,377,377,377,377,377,377,377,377,377,377,377,377,377,377,377,377,377,377,377,377,377,377,377,377,377,377,377,377,377,377,377,377,
size:16
[agent] id:28
path:1,33,65,66,67,68,69,101,133,134,166,167,199,200,201,233,234,235,236,268,300,332,364,396,428,460,461,493,525,557,589,621,653,685,686,687,688,720,721,722,723,724,725,757,758,759,791,823,824,825,857,858,859,860,892,893,894,895,
goal:895,895,895,895,895,895,895,895,895,895,895,895,895,895,895,895,895,895,895,895,895,895,895,895,895,895,895,895,895,895,895,895,895,895,895,895,895,895,895,895,895,895,895,895,895,895,895,895,895,895,895,895,895,895,895,895,895,895,
size:57
[agent] id:29
path:242,274,306,307,308,309,341,373,374,375,376,377,378,379,380,412,413,414,446,447,447,447,447,447,447,447,447,447,447,447,447,447,447,447,447,447,447,447,447,447,447,447,447,447,447,447,447,447,447,447,447,447,447,447,447,447,447,447,
goal:447,447,447,447,447,447,447,447,447,447,447,447,447,447,447,447,447,447,447,447,447,447,447,447,447,447,447,447,447,447,447,447,447,447,447,447,447,447,447,447,447,447,447,447,447,447,447,447,447,447,447,447,447,447,447,447,447,447,
size:19
SolutionCost:740
