[setting] seed:6572
[solver] type:SASB-ECBS
[solver] w:2.000000
[solver] ID:0
[solver] Lowlevelnode:15814
[solver] Highlevelnode:23
[solver] ConflictCount:12
[solver] solved:1
[solver] elapsed:76
[solver] makespan:42
[problem] timesteplimit:15000
[problem] type:MAPF
[problem] agentnum:30
[graph] width:32
[graph] height:32
[graph] filename:./map/32by32_agents10_ex30.map
[task] id:4,start:0,end:0,service time:0,nodes:711,
[task] id:23,start:0,end:0,service time:0,nodes:812,
[task] id:24,start:0,end:0,service time:0,nodes:86,
[task] id:2,start:0,end:0,service time:0,nodes:857,
[task] id:18,start:0,end:0,service time:0,nodes:634,
[task] id:15,start:0,end:0,service time:0,nodes:464,
[task] id:5,start:0,end:0,service time:0,nodes:558,
[task] id:9,start:0,end:0,service time:0,nodes:715,
[task] id:14,start:0,end:0,service time:0,nodes:48,
[task] id:17,start:0,end:0,service time:0,nodes:696,
[task] id:12,start:0,end:0,service time:0,nodes:402,
[task] id:20,start:0,end:0,service time:0,nodes:373,
[task] id:8,start:0,end:0,service time:0,nodes:973,
[task] id:11,start:0,end:0,service time:0,nodes:111,
[task] id:27,start:0,end:0,service time:0,nodes:384,
[task] id:21,start:0,end:0,service time:0,nodes:835,
[task] id:25,start:0,end:0,service time:0,nodes:604,
[task] id:29,start:0,end:0,service time:0,nodes:142,
[task] id:16,start:0,end:0,service time:0,nodes:409,
[task] id:22,start:0,end:0,service time:0,nodes:651,
[task] id:0,start:0,end:0,service time:0,nodes:594,
[task] id:1,start:0,end:0,service time:0,nodes:971,
[task] id:26,start:0,end:0,service time:0,nodes:904,
[task] id:6,start:0,end:0,service time:0,nodes:182,
[task] id:19,start:0,end:0,service time:0,nodes:606,
[task] id:28,start:0,end:0,service time:0,nodes:811,
[task] id:10,start:0,end:0,service time:0,nodes:861,
[task] id:7,start:0,end:0,service time:0,nodes:743,
[task] id:3,start:0,end:0,service time:0,nodes:735,
[task] id:13,start:0,end:0,service time:0,nodes:1003,
[agent] id:0
path:135,167,199,200,201,233,234,235,236,268,300,301,302,334,366,367,399,431,431,432,433,465,497,529,561,593,594,594,594,594,594,594,594,594,594,594,594,594,594,594,594,594,594,
goal:594,594,594,594,594,594,594,594,594,594,594,594,594,594,594,594,594,594,594,594,594,594,594,594,594,594,594,594,594,594,594,594,594,594,594,594,594,594,594,594,594,594,594,
size:26
[agent] id:1
path:200,201,233,234,235,236,268,300,332,364,396,428,460,461,493,525,557,589,621,653,685,717,718,750,782,814,846,878,877,909,941,940,972,971,971,971,971,971,971,971,971,971,971,
goal:971,971,971,971,971,971,971,971,971,971,971,971,971,971,971,971,971,971,971,971,971,971,971,971,971,971,971,971,971,971,971,971,971,971,971,971,971,971,971,971,971,971,971,
size:33
[agent] id:2
path:600,632,664,696,728,760,792,824,825,857,857,857,857,857,857,857,857,857,857,857,857,857,857,857,857,857,857,857,857,857,857,857,857,857,857,857,857,857,857,857,857,857,857,
goal:857,857,857,857,857,857,857,857,857,857,857,857,857,857,857,857,857,857,857,857,857,857,857,857,857,857,857,857,857,857,857,857,857,857,857,857,857,857,857,857,857,857,857,
size:9
[agent] id:3
path:11,12,44,45,77,78,110,142,174,206,207,239,271,303,304,336,368,400,432,433,465,497,498,499,500,501,533,534,535,536,537,569,570,602,603,635,667,699,700,701,733,734,735,
goal:735,735,735,735,735,735,735,735,735,735,735,735,735,735,735,735,735,735,735,735,735,735,735,735,735,735,735,735,735,735,735,735,735,735,735,735,735,735,735,735,735,735,735,
size:42
[agent] id:4
path:714,713,712,711,711,711,711,711,711,711,711,711,711,711,711,711,711,711,711,711,711,711,711,711,711,711,711,711,711,711,711,711,711,711,711,711,711,711,711,711,711,711,711,
goal:711,711,711,711,711,711,711,711,711,711,711,711,711,711,711,711,711,711,711,711,711,711,711,711,711,711,711,711,711,711,711,711,711,711,711,711,711,711,711,711,711,711,711,
size:3
[agent] id:5
path:359,391,423,424,456,457,489,521,553,554,555,556,557,558,558,558,558,558,558,558,558,558,558,558,558,558,558,558,558,558,558,558,558,558,558,558,558,558,558,558,558,558,558,
goal:558,558,558,558,558,558,558,558,558,558,558,558,558,558,558,558,558,558,558,558,558,558,558,558,558,558,558,558,558,558,558,558,558,558,558,558,558,558,558,558,558,558,558,
size:13
[agent] id:6
path:807,775,743,744,712,680,648,616,584,552,520,521,489,457,458,426,394,395,396,364,332,300,268,269,270,271,239,240,241,209,210,211,212,213,181,182,182,182,182,182,182,182,182,
goal:182,182,182,182,182,182,182,182,182,182,182,182,182,182,182,182,182,182,182,182,182,182,182,182,182,182,182,182,182,182,182,182,182,182,182,182,182,182,182,182,182,182,182,
size:35
[agent] id:7
path:56,88,120,152,184,216,248,280,312,344,376,408,407,439,438,470,469,501,500,499,531,563,562,594,593,592,591,623,622,621,620,619,618,650,682,714,713,745,744,743,743,743,743,
goal:743,743,743,743,743,743,743,743,743,743,743,743,743,743,743,743,743,743,743,743,743,743,743,743,743,743,743,743,743,743,743,743,743,743,743,743,743,743,743,743,743,743,743,
size:39
[agent] id:8
path:565,597,629,661,693,725,724,723,755,754,786,818,850,882,914,946,945,944,943,942,974,973,973,973,973,973,973,973,973,973,973,973,973,973,973,973,973,973,973,973,973,973,973,
goal:973,973,973,973,973,973,973,973,973,973,973,973,973,973,973,973,973,973,973,973,973,973,973,973,973,973,973,973,973,973,973,973,973,973,973,973,973,973,973,973,973,973,973,
size:21
[agent] id:9
path:485,517,549,550,582,614,646,678,679,680,712,713,714,715,715,715,715,715,715,715,715,715,715,715,715,715,715,715,715,715,715,715,715,715,715,715,715,715,715,715,715,715,715,
goal:715,715,715,715,715,715,715,715,715,715,715,715,715,715,715,715,715,715,715,715,715,715,715,715,715,715,715,715,715,715,715,715,715,715,715,715,715,715,715,715,715,715,715,
size:13
[agent] id:10
path:240,241,273,305,337,369,401,433,465,497,529,561,593,594,626,658,690,722,723,724,725,757,758,759,791,792,793,794,795,796,797,798,830,831,863,895,894,893,861,861,861,861,861,
goal:861,861,861,861,861,861,861,861,861,861,861,861,861,861,861,861,861,861,861,861,861,861,861,861,861,861,861,861,861,861,861,861,861,861,861,861,861,861,861,861,861,861,861,
size:38
[agent] id:11
path:453,421,389,357,358,326,294,262,230,231,199,200,201,202,203,171,172,173,174,142,110,111,111,111,111,111,111,111,111,111,111,111,111,111,111,111,111,111,111,111,111,111,111,
goal:111,111,111,111,111,111,111,111,111,111,111,111,111,111,111,111,111,111,111,111,111,111,111,111,111,111,111,111,111,111,111,111,111,111,111,111,111,111,111,111,111,111,111,
size:21
[agent] id:12
path:74,106,138,139,171,203,235,236,268,300,301,302,334,366,367,399,400,401,402,402,402,402,402,402,402,402,402,402,402,402,402,402,402,402,402,402,402,402,402,402,402,402,402,
goal:402,402,402,402,402,402,402,402,402,402,402,402,402,402,402,402,402,402,402,402,402,402,402,402,402,402,402,402,402,402,402,402,402,402,402,402,402,402,402,402,402,402,402,
size:18
[agent] id:13
path:42,74,106,138,137,169,201,200,199,199,167,199,231,263,262,294,326,358,390,422,454,486,518,550,582,614,646,678,710,742,774,806,838,870,902,934,935,936,937,969,970,1002,1003,
goal:1003,1003,1003,1003,1003,1003,1003,1003,1003,1003,1003,1003,1003,1003,1003,1003,1003,1003,1003,1003,1003,1003,1003,1003,1003,1003,1003,1003,1003,1003,1003,1003,1003,1003,1003,1003,1003,1003,1003,1003,1003,1003,1003,
size:42
[agent] id:14
path:94,93,92,91,90,58,57,56,55,54,53,52,51,50,49,48,48,48,48,48,48,48,48,48,48,48,48,48,48,48,48,48,48,48,48,48,48,48,48,48,48,48,48,
goal:48,48,48,48,48,48,48,48,48,48,48,48,48,48,48,48,48,48,48,48,48,48,48,48,48,48,48,48,48,48,48,48,48,48,48,48,48,48,48,48,48,48,48,
size:15
[agent] id:15
path:536,535,534,533,501,469,468,467,466,465,464,464,464,464,464,464,464,464,464,464,464,464,464,464,464,464,464,464,464,464,464,464,464,464,464,464,464,464,464,464,464,464,464,
goal:464,464,464,464,464,464,464,464,464,464,464,464,464,464,464,464,464,464,464,464,464,464,464,464,464,464,464,464,464,464,464,464,464,464,464,464,464,464,464,464,464,464,464,
size:10
[agent] id:16
path:956,924,892,860,859,858,857,825,793,792,760,728,696,664,632,600,599,567,535,503,504,472,473,441,409,409,409,409,409,409,409,409,409,409,409,409,409,409,409,409,409,409,409,
goal:409,409,409,409,409,409,409,409,409,409,409,409,409,409,409,409,409,409,409,409,409,409,409,409,409,409,409,409,409,409,409,409,409,409,409,409,409,409,409,409,409,409,409,
size:24
[agent] id:17
path:414,446,478,477,509,508,540,539,571,603,635,667,699,698,697,696,696,696,696,696,696,696,696,696,696,696,696,696,696,696,696,696,696,696,696,696,696,696,696,696,696,696,696,
goal:696,696,696,696,696,696,696,696,696,696,696,696,696,696,696,696,696,696,696,696,696,696,696,696,696,696,696,696,696,696,696,696,696,696,696,696,696,696,696,696,696,696,696,
size:15
[agent] id:18
path:441,473,472,504,536,537,569,570,602,634,634,634,634,634,634,634,634,634,634,634,634,634,634,634,634,634,634,634,634,634,634,634,634,634,634,634,634,634,634,634,634,634,634,
goal:634,634,634,634,634,634,634,634,634,634,634,634,634,634,634,634,634,634,634,634,634,634,634,634,634,634,634,634,634,634,634,634,634,634,634,634,634,634,634,634,634,634,634,
size:9
[agent] id:19
path:390,422,422,423,424,456,457,458,459,460,461,493,525,526,527,559,560,561,562,563,564,565,533,534,535,536,537,569,570,602,603,635,636,637,605,606,606,606,606,606,606,606,606,
goal:606,606,606,606,606,606,606,606,606,606,606,606,606,606,606,606,606,606,606,606,606,606,606,606,606,606,606,606,606,606,606,606,606,606,606,606,606,606,606,606,606,606,606,
size:35
[agent] id:20
path:95,127,159,191,223,255,287,286,318,317,349,381,380,379,378,377,376,375,374,373,373,373,373,373,373,373,373,373,373,373,373,373,373,373,373,373,373,373,373,373,373,373,373,
goal:373,373,373,373,373,373,373,373,373,373,373,373,373,373,373,373,373,373,373,373,373,373,373,373,373,373,373,373,373,373,373,373,373,373,373,373,373,373,373,373,373,373,373,
size:19
[agent] id:21
path:494,526,558,590,622,654,686,718,750,782,814,846,845,844,843,842,841,840,839,838,837,836,835,835,835,835,835,835,835,835,835,835,835,835,835,835,835,835,835,835,835,835,835,
goal:835,835,835,835,835,835,835,835,835,835,835,835,835,835,835,835,835,835,835,835,835,835,835,835,835,835,835,835,835,835,835,835,835,835,835,835,835,835,835,835,835,835,835,
size:22
[agent] id:22
path:985,953,921,920,888,887,855,823,791,759,727,695,663,662,661,660,659,658,657,656,655,654,653,652,651,651,651,651,651,651,651,651,651,651,651,651,651,651,651,651,651,651,651,
goal:651,651,651,651,651,651,651,651,651,651,651,651,651,651,651,651,651,651,651,651,651,651,651,651,651,651,651,651,651,651,651,651,651,651,651,651,651,651,651,651,651,651,651,
size:24
[agent] id:23
path:838,806,807,808,809,810,811,812,812,812,812,812,812,812,812,812,812,812,812,812,812,812,812,812,812,812,812,812,812,812,812,812,812,812,812,812,812,812,812,812,812,812,812,
goal:812,812,812,812,812,812,812,812,812,812,812,812,812,812,812,812,812,812,812,812,812,812,812,812,812,812,812,812,812,812,812,812,812,812,812,812,812,812,812,812,812,812,812,
size:7
[agent] id:24
path:17,49,50,51,52,53,54,86,86,86,86,86,86,86,86,86,86,86,86,86,86,86,86,86,86,86,86,86,86,86,86,86,86,86,86,86,86,86,86,86,86,86,86,
goal:86,86,86,86,86,86,86,86,86,86,86,86,86,86,86,86,86,86,86,86,86,86,86,86,86,86,86,86,86,86,86,86,86,86,86,86,86,86,86,86,86,86,86,
size:7
[agent] id:25
path:945,913,881,849,850,818,786,754,722,723,724,725,726,727,728,729,697,698,699,667,635,603,604,604,604,604,604,604,604,604,604,604,604,604,604,604,604,604,604,604,604,604,604,
goal:604,604,604,604,604,604,604,604,604,604,604,604,604,604,604,604,604,604,604,604,604,604,604,604,604,604,604,604,604,604,604,604,604,604,604,604,604,604,604,604,604,604,604,
size:22
[agent] id:26
path:3,35,67,68,69,101,133,165,197,229,261,293,294,326,358,390,422,454,486,518,550,582,614,646,678,710,742,774,806,838,870,871,872,904,904,904,904,904,904,904,904,904,904,
goal:904,904,904,904,904,904,904,904,904,904,904,904,904,904,904,904,904,904,904,904,904,904,904,904,904,904,904,904,904,904,904,904,904,904,904,904,904,904,904,904,904,904,904,
size:33
[agent] id:27
path:776,744,744,712,680,648,616,584,552,551,550,518,486,454,422,421,420,419,418,417,385,384,384,384,384,384,384,384,384,384,384,384,384,384,384,384,384,384,384,384,384,384,384,
goal:384,384,384,384,384,384,384,384,384,384,384,384,384,384,384,384,384,384,384,384,384,384,384,384,384,384,384,384,384,384,384,384,384,384,384,384,384,384,384,384,384,384,384,
size:21
[agent] id:28
path:96,64,65,66,67,68,69,101,133,165,197,229,261,293,294,326,358,390,422,454,486,518,550,582,614,646,678,710,742,774,806,807,808,809,810,811,811,811,811,811,811,811,811,
goal:811,811,811,811,811,811,811,811,811,811,811,811,811,811,811,811,811,811,811,811,811,811,811,811,811,811,811,811,811,811,811,811,811,811,811,811,811,811,811,811,811,811,811,
size:35
[agent] id:29
path:716,717,685,653,621,589,557,525,493,461,429,397,396,364,332,300,268,236,204,172,173,174,142,142,142,142,142,142,142,142,142,142,142,142,142,142,142,142,142,142,142,142,142,
goal:142,142,142,142,142,142,142,142,142,142,142,142,142,142,142,142,142,142,142,142,142,142,142,142,142,142,142,142,142,142,142,142,142,142,142,142,142,142,142,142,142,142,142,
size:22
SolutionCost:673
