[setting] seed:3209
[solver] type:SASB-ECBS
[solver] w:2.000000
[solver] ID:0
[solver] Lowlevelnode:2258
[solver] Highlevelnode:15
[solver] ConflictCount:8
[solver] solved:1
[solver] elapsed:26
[solver] makespan:48
[problem] timesteplimit:15000
[problem] type:MAPF
[problem] agentnum:30
[graph] width:32
[graph] height:32
[graph] filename:./map/32by32_agents10_ex30.map
[task] id:24,start:0,end:0,service time:0,nodes:807,
[task] id:6,start:0,end:0,service time:0,nodes:564,
[task] id:9,start:0,end:0,service time:0,nodes:706,
[task] id:0,start:0,end:0,service time:0,nodes:758,
[task] id:26,start:0,end:0,service time:0,nodes:1007,
[task] id:5,start:0,end:0,service time:0,nodes:470,
[task] id:12,start:0,end:0,service time:0,nodes:562,
[task] id:2,start:0,end:0,service time:0,nodes:322,
[task] id:27,start:0,end:0,service time:0,nodes:942,
[task] id:7,start:0,end:0,service time:0,nodes:872,
[task] id:19,start:0,end:0,service time:0,nodes:836,
[task] id:29,start:0,end:0,service time:0,nodes:263,
[task] id:14,start:0,end:0,service time:0,nodes:574,
[task] id:22,start:0,end:0,service time:0,nodes:619,
[task] id:20,start:0,end:0,service time:0,nodes:716,
[task] id:10,start:0,end:0,service time:0,nodes:610,
[task] id:17,start:0,end:0,service time:0,nodes:279,
[task] id:13,start:0,end:0,service time:0,nodes:623,
[task] id:21,start:0,end:0,service time:0,nodes:702,
[task] id:15,start:0,end:0,service time:0,nodes:673,
[task] id:4,start:0,end:0,service time:0,nodes:678,
[task] id:16,start:0,end:0,service time:0,nodes:579,
[task] id:28,start:0,end:0,service time:0,nodes:1020,
[task] id:8,start:0,end:0,service time:0,nodes:41,
[task] id:25,start:0,end:0,service time:0,nodes:979,
[task] id:1,start:0,end:0,service time:0,nodes:381,
[task] id:3,start:0,end:0,service time:0,nodes:167,
[task] id:11,start:0,end:0,service time:0,nodes:901,
[task] id:23,start:0,end:0,service time:0,nodes:922,
[task] id:18,start:0,end:0,service time:0,nodes:1023,
[agent] id:0
path:499,531,563,564,596,628,660,692,724,725,757,758,758,758,758,758,758,758,758,758,758,758,758,758,758,758,758,758,758,758,758,758,758,758,758,758,758,758,758,758,758,758,758,758,758,758,758,758,758,
goal:758,758,758,758,758,758,758,758,758,758,758,758,758,758,758,758,758,758,758,758,758,758,758,758,758,758,758,758,758,758,758,758,758,758,758,758,758,758,758,758,758,758,758,758,758,758,758,758,758,
size:11
[agent] id:1
path:482,450,418,419,420,421,389,390,391,392,393,394,395,396,364,332,300,301,302,303,304,305,306,307,308,309,341,373,374,375,376,377,378,379,380,381,381,381,381,381,381,381,381,381,381,381,381,381,381,
goal:381,381,381,381,381,381,381,381,381,381,381,381,381,381,381,381,381,381,381,381,381,381,381,381,381,381,381,381,381,381,381,381,381,381,381,381,381,381,381,381,381,381,381,381,381,381,381,381,381,
size:35
[agent] id:2
path:742,710,678,646,614,582,550,518,486,454,422,390,358,357,356,355,323,322,322,322,322,322,322,322,322,322,322,322,322,322,322,322,322,322,322,322,322,322,322,322,322,322,322,322,322,322,322,322,322,
goal:322,322,322,322,322,322,322,322,322,322,322,322,322,322,322,322,322,322,322,322,322,322,322,322,322,322,322,322,322,322,322,322,322,322,322,322,322,322,322,322,322,322,322,322,322,322,322,322,322,
size:17
[agent] id:3
path:1004,972,940,908,876,844,843,842,810,809,808,776,744,743,711,679,647,615,583,551,519,487,487,487,486,454,422,390,358,326,294,262,230,231,199,167,167,167,167,167,167,167,167,167,167,167,167,167,167,
goal:167,167,167,167,167,167,167,167,167,167,167,167,167,167,167,167,167,167,167,167,167,167,167,167,167,167,167,167,167,167,167,167,167,167,167,167,167,167,167,167,167,167,167,167,167,167,167,167,167,
size:35
[agent] id:4
path:44,12,11,10,42,74,106,138,137,169,201,200,199,231,263,262,294,326,358,390,422,454,486,518,550,582,614,646,678,678,678,678,678,678,678,678,678,678,678,678,678,678,678,678,678,678,678,678,678,
goal:678,678,678,678,678,678,678,678,678,678,678,678,678,678,678,678,678,678,678,678,678,678,678,678,678,678,678,678,678,678,678,678,678,678,678,678,678,678,678,678,678,678,678,678,678,678,678,678,678,
size:28
[agent] id:5
path:620,621,589,557,525,526,527,528,529,497,465,466,467,468,469,470,470,470,470,470,470,470,470,470,470,470,470,470,470,470,470,470,470,470,470,470,470,470,470,470,470,470,470,470,470,470,470,470,470,
goal:470,470,470,470,470,470,470,470,470,470,470,470,470,470,470,470,470,470,470,470,470,470,470,470,470,470,470,470,470,470,470,470,470,470,470,470,470,470,470,470,470,470,470,470,470,470,470,470,470,
size:15
[agent] id:6
path:277,309,341,373,405,437,469,501,533,565,564,564,564,564,564,564,564,564,564,564,564,564,564,564,564,564,564,564,564,564,564,564,564,564,564,564,564,564,564,564,564,564,564,564,564,564,564,564,564,
goal:564,564,564,564,564,564,564,564,564,564,564,564,564,564,564,564,564,564,564,564,564,564,564,564,564,564,564,564,564,564,564,564,564,564,564,564,564,564,564,564,564,564,564,564,564,564,564,564,564,
size:10
[agent] id:7
path:661,693,725,724,723,755,754,786,818,850,849,848,847,846,845,844,843,842,841,840,872,872,872,872,872,872,872,872,872,872,872,872,872,872,872,872,872,872,872,872,872,872,872,872,872,872,872,872,872,
goal:872,872,872,872,872,872,872,872,872,872,872,872,872,872,872,872,872,872,872,872,872,872,872,872,872,872,872,872,872,872,872,872,872,872,872,872,872,872,872,872,872,872,872,872,872,872,872,872,872,
size:20
[agent] id:8
path:845,846,814,782,750,718,686,654,622,590,558,526,494,493,461,429,397,396,364,332,300,268,236,204,172,140,139,107,75,74,42,41,41,41,41,41,41,41,41,41,41,41,41,41,41,41,41,41,41,
goal:41,41,41,41,41,41,41,41,41,41,41,41,41,41,41,41,41,41,41,41,41,41,41,41,41,41,41,41,41,41,41,41,41,41,41,41,41,41,41,41,41,41,41,41,41,41,41,41,41,
size:31
[agent] id:9
path:964,963,931,899,867,835,803,771,739,707,706,706,706,706,706,706,706,706,706,706,706,706,706,706,706,706,706,706,706,706,706,706,706,706,706,706,706,706,706,706,706,706,706,706,706,706,706,706,706,
goal:706,706,706,706,706,706,706,706,706,706,706,706,706,706,706,706,706,706,706,706,706,706,706,706,706,706,706,706,706,706,706,706,706,706,706,706,706,706,706,706,706,706,706,706,706,706,706,706,706,
size:10
[agent] id:10
path:107,139,171,203,202,201,200,199,231,263,262,294,326,358,390,422,454,486,518,550,582,614,613,612,611,610,610,610,610,610,610,610,610,610,610,610,610,610,610,610,610,610,610,610,610,610,610,610,610,
goal:610,610,610,610,610,610,610,610,610,610,610,610,610,610,610,610,610,610,610,610,610,610,610,610,610,610,610,610,610,610,610,610,610,610,610,610,610,610,610,610,610,610,610,610,610,610,610,610,610,
size:25
[agent] id:11
path:186,218,217,216,248,280,312,344,376,408,407,439,438,437,436,468,500,499,531,530,529,561,593,592,591,623,655,687,686,718,750,782,814,846,845,844,843,842,841,840,839,871,870,902,901,901,901,901,901,
goal:901,901,901,901,901,901,901,901,901,901,901,901,901,901,901,901,901,901,901,901,901,901,901,901,901,901,901,901,901,901,901,901,901,901,901,901,901,901,901,901,901,901,901,901,901,901,901,901,901,
size:44
[agent] id:12
path:205,206,207,239,271,303,304,336,368,400,432,464,465,497,529,561,562,562,562,562,562,562,562,562,562,562,562,562,562,562,562,562,562,562,562,562,562,562,562,562,562,562,562,562,562,562,562,562,562,
goal:562,562,562,562,562,562,562,562,562,562,562,562,562,562,562,562,562,562,562,562,562,562,562,562,562,562,562,562,562,562,562,562,562,562,562,562,562,562,562,562,562,562,562,562,562,562,562,562,562,
size:16
[agent] id:13
path:86,54,53,52,84,83,115,114,146,178,210,242,274,306,305,337,369,401,433,465,497,529,561,593,592,591,623,623,623,623,623,623,623,623,623,623,623,623,623,623,623,623,623,623,623,623,623,623,623,
goal:623,623,623,623,623,623,623,623,623,623,623,623,623,623,623,623,623,623,623,623,623,623,623,623,623,623,623,623,623,623,623,623,623,623,623,623,623,623,623,623,623,623,623,623,623,623,623,623,623,
size:26
[agent] id:14
path:213,245,277,309,341,373,405,437,469,501,533,534,535,536,537,569,570,571,603,604,605,573,574,574,574,574,574,574,574,574,574,574,574,574,574,574,574,574,574,574,574,574,574,574,574,574,574,574,574,
goal:574,574,574,574,574,574,574,574,574,574,574,574,574,574,574,574,574,574,574,574,574,574,574,574,574,574,574,574,574,574,574,574,574,574,574,574,574,574,574,574,574,574,574,574,574,574,574,574,574,
size:22
[agent] id:15
path:399,431,463,464,465,497,529,561,593,592,591,623,655,654,653,652,651,650,649,648,647,646,645,644,643,642,641,673,673,673,673,673,673,673,673,673,673,673,673,673,673,673,673,673,673,673,673,673,673,
goal:673,673,673,673,673,673,673,673,673,673,673,673,673,673,673,673,673,673,673,673,673,673,673,673,673,673,673,673,673,673,673,673,673,673,673,673,673,673,673,673,673,673,673,673,673,673,673,673,673,
size:27
[agent] id:16
path:667,635,634,633,632,664,663,662,661,660,659,658,657,656,655,623,622,621,620,619,618,617,616,615,614,613,612,611,579,579,579,579,579,579,579,579,579,579,579,579,579,579,579,579,579,579,579,579,579,
goal:579,579,579,579,579,579,579,579,579,579,579,579,579,579,579,579,579,579,579,579,579,579,579,579,579,579,579,579,579,579,579,579,579,579,579,579,579,579,579,579,579,579,579,579,579,579,579,579,579,
size:28
[agent] id:17
path:196,197,165,166,167,168,169,201,202,203,204,205,206,207,239,271,303,304,305,306,307,308,309,310,311,279,279,279,279,279,279,279,279,279,279,279,279,279,279,279,279,279,279,279,279,279,279,279,279,
goal:279,279,279,279,279,279,279,279,279,279,279,279,279,279,279,279,279,279,279,279,279,279,279,279,279,279,279,279,279,279,279,279,279,279,279,279,279,279,279,279,279,279,279,279,279,279,279,279,279,
size:25
[agent] id:18
path:45,77,78,110,142,174,206,207,239,271,303,304,336,368,400,432,464,465,497,529,561,593,594,626,658,690,722,754,786,818,850,882,883,884,885,886,918,950,982,983,984,985,986,987,988,989,990,991,1023,
goal:1023,1023,1023,1023,1023,1023,1023,1023,1023,1023,1023,1023,1023,1023,1023,1023,1023,1023,1023,1023,1023,1023,1023,1023,1023,1023,1023,1023,1023,1023,1023,1023,1023,1023,1023,1023,1023,1023,1023,1023,1023,1023,1023,1023,1023,1023,1023,1023,1023,
size:48
[agent] id:19
path:460,459,458,490,522,554,553,552,584,616,648,680,712,744,776,808,840,839,838,837,836,836,836,836,836,836,836,836,836,836,836,836,836,836,836,836,836,836,836,836,836,836,836,836,836,836,836,836,836,
goal:836,836,836,836,836,836,836,836,836,836,836,836,836,836,836,836,836,836,836,836,836,836,836,836,836,836,836,836,836,836,836,836,836,836,836,836,836,836,836,836,836,836,836,836,836,836,836,836,836,
size:20
[agent] id:20
path:144,143,142,174,206,205,204,236,268,300,332,364,396,428,460,461,493,525,557,589,621,653,685,717,716,716,716,716,716,716,716,716,716,716,716,716,716,716,716,716,716,716,716,716,716,716,716,716,716,
goal:716,716,716,716,716,716,716,716,716,716,716,716,716,716,716,716,716,716,716,716,716,716,716,716,716,716,716,716,716,716,716,716,716,716,716,716,716,716,716,716,716,716,716,716,716,716,716,716,716,
size:24
[agent] id:21
path:242,274,306,307,308,309,341,373,405,437,469,501,533,565,597,629,661,662,663,695,696,697,698,699,700,701,702,702,702,702,702,702,702,702,702,702,702,702,702,702,702,702,702,702,702,702,702,702,702,
goal:702,702,702,702,702,702,702,702,702,702,702,702,702,702,702,702,702,702,702,702,702,702,702,702,702,702,702,702,702,702,702,702,702,702,702,702,702,702,702,702,702,702,702,702,702,702,702,702,702,
size:26
[agent] id:22
path:174,173,205,204,236,268,300,332,364,396,428,460,461,460,459,460,461,493,525,557,589,621,620,619,619,619,619,619,619,619,619,619,619,619,619,619,619,619,619,619,619,619,619,619,619,619,619,619,619,
goal:619,619,619,619,619,619,619,619,619,619,619,619,619,619,619,619,619,619,619,619,619,619,619,619,619,619,619,619,619,619,619,619,619,619,619,619,619,619,619,619,619,619,619,619,619,619,619,619,619,
size:23
[agent] id:23
path:228,260,292,293,294,326,358,359,359,391,423,424,456,457,458,459,460,461,493,525,557,589,621,653,685,717,749,781,782,814,846,878,879,880,881,882,883,884,885,886,918,919,920,921,922,922,922,922,922,
goal:922,922,922,922,922,922,922,922,922,922,922,922,922,922,922,922,922,922,922,922,922,922,922,922,922,922,922,922,922,922,922,922,922,922,922,922,922,922,922,922,922,922,922,922,922,922,922,922,922,
size:44
[agent] id:24
path:800,801,802,803,804,805,806,807,807,807,807,807,807,807,807,807,807,807,807,807,807,807,807,807,807,807,807,807,807,807,807,807,807,807,807,807,807,807,807,807,807,807,807,807,807,807,807,807,807,
goal:807,807,807,807,807,807,807,807,807,807,807,807,807,807,807,807,807,807,807,807,807,807,807,807,807,807,807,807,807,807,807,807,807,807,807,807,807,807,807,807,807,807,807,807,807,807,807,807,807,
size:7
[agent] id:25
path:173,205,206,207,239,271,303,304,336,368,400,432,464,465,497,529,561,593,594,626,658,690,722,754,786,818,850,882,914,946,978,979,979,979,979,979,979,979,979,979,979,979,979,979,979,979,979,979,979,
goal:979,979,979,979,979,979,979,979,979,979,979,979,979,979,979,979,979,979,979,979,979,979,979,979,979,979,979,979,979,979,979,979,979,979,979,979,979,979,979,979,979,979,979,979,979,979,979,979,979,
size:31
[agent] id:26
path:810,842,874,906,938,970,1002,1003,1004,1005,1006,1007,1007,1007,1007,1007,1007,1007,1007,1007,1007,1007,1007,1007,1007,1007,1007,1007,1007,1007,1007,1007,1007,1007,1007,1007,1007,1007,1007,1007,1007,1007,1007,1007,1007,1007,1007,1007,1007,
goal:1007,1007,1007,1007,1007,1007,1007,1007,1007,1007,1007,1007,1007,1007,1007,1007,1007,1007,1007,1007,1007,1007,1007,1007,1007,1007,1007,1007,1007,1007,1007,1007,1007,1007,1007,1007,1007,1007,1007,1007,1007,1007,1007,1007,1007,1007,1007,1007,1007,
size:11
[agent] id:27
path:989,988,987,986,985,984,983,982,950,949,948,980,979,978,946,945,944,943,942,942,942,942,942,942,942,942,942,942,942,942,942,942,942,942,942,942,942,942,942,942,942,942,942,942,942,942,942,942,942,
goal:942,942,942,942,942,942,942,942,942,942,942,942,942,942,942,942,942,942,942,942,942,942,942,942,942,942,942,942,942,942,942,942,942,942,942,942,942,942,942,942,942,942,942,942,942,942,942,942,942,
size:18
[agent] id:28
path:649,681,713,714,715,747,779,811,843,875,876,877,878,879,880,881,882,883,884,885,886,918,950,982,983,984,985,986,987,1019,1020,1020,1020,1020,1020,1020,1020,1020,1020,1020,1020,1020,1020,1020,1020,1020,1020,1020,1020,
goal:1020,1020,1020,1020,1020,1020,1020,1020,1020,1020,1020,1020,1020,1020,1020,1020,1020,1020,1020,1020,1020,1020,1020,1020,1020,1020,1020,1020,1020,1020,1020,1020,1020,1020,1020,1020,1020,1020,1020,1020,1020,1020,1020,1020,1020,1020,1020,1020,1020,
size:30
[agent] id:29
path:465,433,401,369,368,367,366,334,302,270,269,268,236,204,203,202,201,200,199,231,263,263,263,263,263,263,263,263,263,263,263,263,263,263,263,263,263,263,263,263,263,263,263,263,263,263,263,263,263,
goal:263,263,263,263,263,263,263,263,263,263,263,263,263,263,263,263,263,263,263,263,263,263,263,263,263,263,263,263,263,263,263,263,263,263,263,263,263,263,263,263,263,263,263,263,263,263,263,263,263,
size:20
SolutionCost:727
