[setting] seed:6044
[solver] type:SASB-ECBS
[solver] w:2.000000
[solver] ID:0
[solver] Lowlevelnode:5539
[solver] Highlevelnode:31
[solver] ConflictCount:16
[solver] solved:1
[solver] elapsed:42
[solver] makespan:43
[problem] timesteplimit:15000
[problem] type:MAPF
[problem] agentnum:30
[graph] width:32
[graph] height:32
[graph] filename:./map/32by32_agents10_ex30.map
[task] id:1,start:0,end:0,service time:0,nodes:938,
[task] id:10,start:0,end:0,service time:0,nodes:603,
[task] id:23,start:0,end:0,service time:0,nodes:296,
[task] id:28,start:0,end:0,service time:0,nodes:501,
[task] id:30,start:0,end:0,service time:0,nodes:296,
[task] id:27,start:0,end:0,service time:0,nodes:268,
[task] id:3,start:0,end:0,service time:0,nodes:611,
[task] id:20,start:0,end:0,service time:0,nodes:408,
[task] id:0,start:0,end:0,service time:0,nodes:795,
[task] id:5,start:0,end:0,service time:0,nodes:519,
[task] id:24,start:0,end:0,service time:0,nodes:844,
[task] id:16,start:0,end:0,service time:0,nodes:837,
[task] id:22,start:0,end:0,service time:0,nodes:948,
[task] id:2,start:0,end:0,service time:0,nodes:851,
[task] id:18,start:0,end:0,service time:0,nodes:468,
[task] id:26,start:0,end:0,service time:0,nodes:658,
[task] id:17,start:0,end:0,service time:0,nodes:372,
[task] id:25,start:0,end:0,service time:0,nodes:192,
[task] id:4,start:0,end:0,service time:0,nodes:598,
[task] id:9,start:0,end:0,service time:0,nodes:262,
[task] id:12,start:0,end:0,service time:0,nodes:871,
[task] id:19,start:0,end:0,service time:0,nodes:305,
[task] id:13,start:0,end:0,service time:0,nodes:95,
[task] id:11,start:0,end:0,service time:0,nodes:747,
[task] id:21,start:0,end:0,service time:0,nodes:230,
[task] id:29,start:0,end:0,service time:0,nodes:288,
[task] id:8,start:0,end:0,service time:0,nodes:1012,
[task] id:15,start:0,end:0,service time:0,nodes:316,
[task] id:14,start:0,end:0,service time:0,nodes:37,
[task] id:6,start:0,end:0,service time:0,nodes:982,
[task] id:7,start:0,end:0,service time:0,nodes:63,
[agent] id:0
path:569,570,602,634,635,667,699,731,730,762,794,795,795,795,795,795,795,795,795,795,795,795,795,795,795,795,795,795,795,795,795,795,795,795,795,795,795,795,795,795,795,795,795,795,
goal:795,795,795,795,795,795,795,795,795,795,795,795,795,795,795,795,795,795,795,795,795,795,795,795,795,795,795,795,795,795,795,795,795,795,795,795,795,795,795,795,795,795,795,795,
size:11
[agent] id:1
path:874,906,938,938,938,938,938,938,938,938,938,938,938,938,938,938,938,938,938,938,938,938,938,938,938,938,938,938,938,938,938,938,938,938,938,938,938,938,938,938,938,938,938,938,
goal:938,938,938,938,938,938,938,938,938,938,938,938,938,938,938,938,938,938,938,938,938,938,938,938,938,938,938,938,938,938,938,938,938,938,938,938,938,938,938,938,938,938,938,938,
size:2
[agent] id:2
path:863,895,894,893,861,860,859,858,857,825,824,823,855,854,853,852,851,851,851,851,851,851,851,851,851,851,851,851,851,851,851,851,851,851,851,851,851,851,851,851,851,851,851,851,
goal:851,851,851,851,851,851,851,851,851,851,851,851,851,851,851,851,851,851,851,851,851,851,851,851,851,851,851,851,851,851,851,851,851,851,851,851,851,851,851,851,851,851,851,851,
size:16
[agent] id:3
path:742,710,678,646,614,613,612,611,611,611,611,611,611,611,611,611,611,611,611,611,611,611,611,611,611,611,611,611,611,611,611,611,611,611,611,611,611,611,611,611,611,611,611,611,
goal:611,611,611,611,611,611,611,611,611,611,611,611,611,611,611,611,611,611,611,611,611,611,611,611,611,611,611,611,611,611,611,611,611,611,611,611,611,611,611,611,611,611,611,611,
size:7
[agent] id:4
path:150,182,214,215,247,279,311,312,344,376,377,409,441,473,472,504,536,535,567,599,598,598,598,598,598,598,598,598,598,598,598,598,598,598,598,598,598,598,598,598,598,598,598,598,
goal:598,598,598,598,598,598,598,598,598,598,598,598,598,598,598,598,598,598,598,598,598,598,598,598,598,598,598,598,598,598,598,598,598,598,598,598,598,598,598,598,598,598,598,598,
size:20
[agent] id:5
path:260,292,293,294,326,358,390,422,454,486,518,519,519,519,519,519,519,519,519,519,519,519,519,519,519,519,519,519,519,519,519,519,519,519,519,519,519,519,519,519,519,519,519,519,
goal:519,519,519,519,519,519,519,519,519,519,519,519,519,519,519,519,519,519,519,519,519,519,519,519,519,519,519,519,519,519,519,519,519,519,519,519,519,519,519,519,519,519,519,519,
size:11
[agent] id:6
path:73,105,137,169,201,202,203,204,205,206,207,239,271,303,304,336,368,400,432,464,465,497,498,530,562,594,626,627,659,691,723,755,754,786,818,850,882,883,884,885,886,918,950,982,
goal:982,982,982,982,982,982,982,982,982,982,982,982,982,982,982,982,982,982,982,982,982,982,982,982,982,982,982,982,982,982,982,982,982,982,982,982,982,982,982,982,982,982,982,982,
size:43
[agent] id:7
path:991,959,927,895,863,831,799,798,766,734,702,670,669,637,636,635,634,602,570,538,539,507,508,476,477,478,446,414,413,381,349,317,285,286,287,255,223,191,159,127,126,94,62,63,
goal:63,63,63,63,63,63,63,63,63,63,63,63,63,63,63,63,63,63,63,63,63,63,63,63,63,63,63,63,63,63,63,63,63,63,63,63,63,63,63,63,63,63,63,63,
size:43
[agent] id:8
path:417,449,450,482,514,515,547,548,549,550,551,583,615,647,679,711,743,775,807,839,840,841,842,874,906,907,939,940,941,942,943,944,945,946,978,979,980,1012,1012,1012,1012,1012,1012,1012,
goal:1012,1012,1012,1012,1012,1012,1012,1012,1012,1012,1012,1012,1012,1012,1012,1012,1012,1012,1012,1012,1012,1012,1012,1012,1012,1012,1012,1012,1012,1012,1012,1012,1012,1012,1012,1012,1012,1012,1012,1012,1012,1012,1012,1012,
size:37
[agent] id:9
path:593,561,529,528,527,526,494,493,461,429,397,396,395,394,393,392,391,359,358,326,294,262,262,262,262,262,262,262,262,262,262,262,262,262,262,262,262,262,262,262,262,262,262,262,
goal:262,262,262,262,262,262,262,262,262,262,262,262,262,262,262,262,262,262,262,262,262,262,262,262,262,262,262,262,262,262,262,262,262,262,262,262,262,262,262,262,262,262,262,262,
size:21
[agent] id:10
path:538,539,571,603,603,603,603,603,603,603,603,603,603,603,603,603,603,603,603,603,603,603,603,603,603,603,603,603,603,603,603,603,603,603,603,603,603,603,603,603,603,603,603,603,
goal:603,603,603,603,603,603,603,603,603,603,603,603,603,603,603,603,603,603,603,603,603,603,603,603,603,603,603,603,603,603,603,603,603,603,603,603,603,603,603,603,603,603,603,603,
size:3
[agent] id:11
path:297,296,296,328,296,264,263,262,294,293,293,294,326,358,390,422,454,486,518,550,582,614,646,678,710,711,712,713,714,715,747,747,747,747,747,747,747,747,747,747,747,747,747,747,
goal:747,747,747,747,747,747,747,747,747,747,747,747,747,747,747,747,747,747,747,747,747,747,747,747,747,747,747,747,747,747,747,747,747,747,747,747,747,747,747,747,747,747,747,747,
size:30
[agent] id:12
path:416,448,480,512,544,576,577,609,641,673,705,737,738,770,802,803,804,805,806,838,870,871,871,871,871,871,871,871,871,871,871,871,871,871,871,871,871,871,871,871,871,871,871,871,
goal:871,871,871,871,871,871,871,871,871,871,871,871,871,871,871,871,871,871,871,871,871,871,871,871,871,871,871,871,871,871,871,871,871,871,871,871,871,871,871,871,871,871,871,871,
size:21
[agent] id:13
path:562,530,498,466,434,435,436,437,405,373,341,309,277,245,213,181,182,150,151,119,87,88,89,90,91,92,93,94,95,95,95,95,95,95,95,95,95,95,95,95,95,95,95,95,
goal:95,95,95,95,95,95,95,95,95,95,95,95,95,95,95,95,95,95,95,95,95,95,95,95,95,95,95,95,95,95,95,95,95,95,95,95,95,95,95,95,95,95,95,95,
size:28
[agent] id:14
path:791,759,727,695,663,631,599,567,566,565,564,563,531,499,467,435,403,402,401,369,337,305,273,241,240,239,207,206,174,173,172,140,139,107,75,74,42,41,40,39,38,37,37,37,
goal:37,37,37,37,37,37,37,37,37,37,37,37,37,37,37,37,37,37,37,37,37,37,37,37,37,37,37,37,37,37,37,37,37,37,37,37,37,37,37,37,37,37,37,37,
size:41
[agent] id:15
path:771,739,707,708,676,644,645,613,614,582,550,551,552,553,554,555,556,557,558,526,527,528,529,497,465,433,434,435,436,437,405,373,374,375,376,377,378,379,347,315,316,316,316,316,
goal:316,316,316,316,316,316,316,316,316,316,316,316,316,316,316,316,316,316,316,316,316,316,316,316,316,316,316,316,316,316,316,316,316,316,316,316,316,316,316,316,316,316,316,316,
size:40
[agent] id:16
path:521,553,552,584,616,648,680,712,744,776,808,840,839,838,837,837,837,837,837,837,837,837,837,837,837,837,837,837,837,837,837,837,837,837,837,837,837,837,837,837,837,837,837,837,
goal:837,837,837,837,837,837,837,837,837,837,837,837,837,837,837,837,837,837,837,837,837,837,837,837,837,837,837,837,837,837,837,837,837,837,837,837,837,837,837,837,837,837,837,837,
size:14
[agent] id:17
path:77,78,110,142,174,206,207,239,271,303,304,305,306,307,308,309,341,373,372,372,372,372,372,372,372,372,372,372,372,372,372,372,372,372,372,372,372,372,372,372,372,372,372,372,
goal:372,372,372,372,372,372,372,372,372,372,372,372,372,372,372,372,372,372,372,372,372,372,372,372,372,372,372,372,372,372,372,372,372,372,372,372,372,372,372,372,372,372,372,372,
size:18
[agent] id:18
path:814,782,750,718,686,654,622,590,558,526,527,528,529,497,465,466,467,468,468,468,468,468,468,468,468,468,468,468,468,468,468,468,468,468,468,468,468,468,468,468,468,468,468,468,
goal:468,468,468,468,468,468,468,468,468,468,468,468,468,468,468,468,468,468,468,468,468,468,468,468,468,468,468,468,468,468,468,468,468,468,468,468,468,468,468,468,468,468,468,468,
size:17
[agent] id:19
path:1010,978,946,914,882,850,818,786,754,722,690,658,626,594,562,530,498,466,434,402,401,369,337,305,305,305,305,305,305,305,305,305,305,305,305,305,305,305,305,305,305,305,305,305,
goal:305,305,305,305,305,305,305,305,305,305,305,305,305,305,305,305,305,305,305,305,305,305,305,305,305,305,305,305,305,305,305,305,305,305,305,305,305,305,305,305,305,305,305,305,
size:23
[agent] id:20
path:308,309,341,373,405,406,407,408,408,408,408,408,408,408,408,408,408,408,408,408,408,408,408,408,408,408,408,408,408,408,408,408,408,408,408,408,408,408,408,408,408,408,408,408,
goal:408,408,408,408,408,408,408,408,408,408,408,408,408,408,408,408,408,408,408,408,408,408,408,408,408,408,408,408,408,408,408,408,408,408,408,408,408,408,408,408,408,408,408,408,
size:7
[agent] id:21
path:692,660,628,596,564,563,562,561,560,559,558,526,494,493,461,429,397,396,395,394,393,392,391,359,358,326,294,293,261,229,230,230,230,230,230,230,230,230,230,230,230,230,230,230,
goal:230,230,230,230,230,230,230,230,230,230,230,230,230,230,230,230,230,230,230,230,230,230,230,230,230,230,230,230,230,230,230,230,230,230,230,230,230,230,230,230,230,230,230,230,
size:30
[agent] id:22
path:721,753,785,786,818,819,851,883,915,914,946,978,979,980,948,948,948,948,948,948,948,948,948,948,948,948,948,948,948,948,948,948,948,948,948,948,948,948,948,948,948,948,948,948,
goal:948,948,948,948,948,948,948,948,948,948,948,948,948,948,948,948,948,948,948,948,948,948,948,948,948,948,948,948,948,948,948,948,948,948,948,948,948,948,948,948,948,948,948,948,
size:14
[agent] id:23
path:262,263,264,296,297,296,296,296,296,296,296,296,296,296,296,296,296,296,296,296,296,296,296,296,296,296,296,296,296,296,296,296,296,296,296,296,296,296,296,296,296,296,296,296,
goal:296,296,296,296,296,296,296,296,296,296,296,296,296,296,296,296,296,296,296,296,296,296,296,296,296,296,296,296,296,296,296,296,296,296,296,296,296,296,296,296,296,296,296,296,
size:5
[agent] id:24
path:887,855,854,853,852,851,850,849,848,847,846,845,844,844,844,844,844,844,844,844,844,844,844,844,844,844,844,844,844,844,844,844,844,844,844,844,844,844,844,844,844,844,844,844,
goal:844,844,844,844,844,844,844,844,844,844,844,844,844,844,844,844,844,844,844,844,844,844,844,844,844,844,844,844,844,844,844,844,844,844,844,844,844,844,844,844,844,844,844,844,
size:12
[agent] id:25
path:458,426,394,393,392,391,359,358,326,294,262,261,260,259,258,257,225,193,192,192,192,192,192,192,192,192,192,192,192,192,192,192,192,192,192,192,192,192,192,192,192,192,192,192,
goal:192,192,192,192,192,192,192,192,192,192,192,192,192,192,192,192,192,192,192,192,192,192,192,192,192,192,192,192,192,192,192,192,192,192,192,192,192,192,192,192,192,192,192,192,
size:18
[agent] id:26
path:773,741,709,677,645,646,647,648,649,650,651,652,653,654,655,656,657,658,658,658,658,658,658,658,658,658,658,658,658,658,658,658,658,658,658,658,658,658,658,658,658,658,658,658,
goal:658,658,658,658,658,658,658,658,658,658,658,658,658,658,658,658,658,658,658,658,658,658,658,658,658,658,658,658,658,658,658,658,658,658,658,658,658,658,658,658,658,658,658,658,
size:17
[agent] id:27
path:139,171,203,235,236,268,268,268,268,268,268,268,268,268,268,268,268,268,268,268,268,268,268,268,268,268,268,268,268,268,268,268,268,268,268,268,268,268,268,268,268,268,268,268,
goal:268,268,268,268,268,268,268,268,268,268,268,268,268,268,268,268,268,268,268,268,268,268,268,268,268,268,268,268,268,268,268,268,268,268,268,268,268,268,268,268,268,268,268,268,
size:5
[agent] id:28
path:438,470,469,501,501,501,501,501,501,501,501,501,501,501,501,501,501,501,501,501,501,501,501,501,501,501,501,501,501,501,501,501,501,501,501,501,501,501,501,501,501,501,501,501,
goal:501,501,501,501,501,501,501,501,501,501,501,501,501,501,501,501,501,501,501,501,501,501,501,501,501,501,501,501,501,501,501,501,501,501,501,501,501,501,501,501,501,501,501,501,
size:3
[agent] id:29
path:344,312,311,310,309,308,307,306,274,242,241,240,239,207,206,205,204,203,202,201,200,199,231,230,229,261,260,259,258,257,256,288,288,288,288,288,288,288,288,288,288,288,288,288,
goal:288,288,288,288,288,288,288,288,288,288,288,288,288,288,288,288,288,288,288,288,288,288,288,288,288,288,288,288,288,288,288,288,288,288,288,288,288,288,288,288,288,288,288,288,
size:31
SolutionCost:588
