[setting] seed:2662
[solver] type:SASB-ECBS
[solver] w:2.000000
[solver] ID:0
[solver] Lowlevelnode:3123
[solver] Highlevelnode:13
[solver] ConflictCount:7
[solver] solved:1
[solver] elapsed:30
[solver] makespan:50
[problem] timesteplimit:15000
[problem] type:MAPF
[problem] agentnum:30
[graph] width:32
[graph] height:32
[graph] filename:./map/32by32_agents10_ex30.map
[task] id:2,start:0,end:0,service time:0,nodes:629,
[task] id:5,start:0,end:0,service time:0,nodes:528,
[task] id:4,start:0,end:0,service time:0,nodes:234,
[task] id:6,start:0,end:0,service time:0,nodes:863,
[task] id:7,start:0,end:0,service time:0,nodes:869,
[task] id:8,start:0,end:0,service time:0,nodes:437,
[task] id:10,start:0,end:0,service time:0,nodes:737,
[task] id:27,start:0,end:0,service time:0,nodes:922,
[task] id:11,start:0,end:0,service time:0,nodes:678,
[task] id:22,start:0,end:0,service time:0,nodes:997,
[task] id:26,start:0,end:0,service time:0,nodes:609,
[task] id:29,start:0,end:0,service time:0,nodes:89,
[task] id:24,start:0,end:0,service time:0,nodes:613,
[task] id:18,start:0,end:0,service time:0,nodes:597,
[task] id:23,start:0,end:0,service time:0,nodes:469,
[task] id:12,start:0,end:0,service time:0,nodes:946,
[task] id:14,start:0,end:0,service time:0,nodes:921,
[task] id:15,start:0,end:0,service time:0,nodes:145,
[task] id:1,start:0,end:0,service time:0,nodes:421,
[task] id:17,start:0,end:0,service time:0,nodes:996,
[task] id:9,start:0,end:0,service time:0,nodes:602,
[task] id:13,start:0,end:0,service time:0,nodes:155,
[task] id:20,start:0,end:0,service time:0,nodes:426,
[task] id:21,start:0,end:0,service time:0,nodes:435,
[task] id:19,start:0,end:0,service time:0,nodes:671,
[task] id:0,start:0,end:0,service time:0,nodes:703,
[task] id:16,start:0,end:0,service time:0,nodes:835,
[task] id:25,start:0,end:0,service time:0,nodes:841,
[task] id:3,start:0,end:0,service time:0,nodes:474,
[task] id:28,start:0,end:0,service time:0,nodes:8,
[agent] id:0
path:773,741,709,710,711,712,713,714,715,716,717,685,686,687,688,689,690,691,692,693,661,662,663,695,696,697,698,699,700,701,702,703,703,703,703,703,703,703,703,703,703,703,703,703,703,703,703,703,703,703,703,
goal:703,703,703,703,703,703,703,703,703,703,703,703,703,703,703,703,703,703,703,703,703,703,703,703,703,703,703,703,703,703,703,703,703,703,703,703,703,703,703,703,703,703,703,703,703,703,703,703,703,703,703,
size:31
[agent] id:1
path:972,940,908,876,844,812,811,779,747,715,683,651,619,618,617,616,584,552,520,519,487,486,454,422,421,421,421,421,421,421,421,421,421,421,421,421,421,421,421,421,421,421,421,421,421,421,421,421,421,421,421,
goal:421,421,421,421,421,421,421,421,421,421,421,421,421,421,421,421,421,421,421,421,421,421,421,421,421,421,421,421,421,421,421,421,421,421,421,421,421,421,421,421,421,421,421,421,421,421,421,421,421,421,421,
size:24
[agent] id:2
path:693,661,629,629,629,629,629,629,629,629,629,629,629,629,629,629,629,629,629,629,629,629,629,629,629,629,629,629,629,629,629,629,629,629,629,629,629,629,629,629,629,629,629,629,629,629,629,629,629,629,629,
goal:629,629,629,629,629,629,629,629,629,629,629,629,629,629,629,629,629,629,629,629,629,629,629,629,629,629,629,629,629,629,629,629,629,629,629,629,629,629,629,629,629,629,629,629,629,629,629,629,629,629,629,
size:2
[agent] id:3
path:899,867,835,803,771,739,707,708,676,644,612,613,614,582,550,551,552,553,554,555,556,557,558,559,560,561,562,563,564,565,533,534,535,503,504,472,473,474,474,474,474,474,474,474,474,474,474,474,474,474,474,
goal:474,474,474,474,474,474,474,474,474,474,474,474,474,474,474,474,474,474,474,474,474,474,474,474,474,474,474,474,474,474,474,474,474,474,474,474,474,474,474,474,474,474,474,474,474,474,474,474,474,474,474,
size:37
[agent] id:4
path:263,231,199,200,201,233,234,234,234,234,234,234,234,234,234,234,234,234,234,234,234,234,234,234,234,234,234,234,234,234,234,234,234,234,234,234,234,234,234,234,234,234,234,234,234,234,234,234,234,234,234,
goal:234,234,234,234,234,234,234,234,234,234,234,234,234,234,234,234,234,234,234,234,234,234,234,234,234,234,234,234,234,234,234,234,234,234,234,234,234,234,234,234,234,234,234,234,234,234,234,234,234,234,234,
size:6
[agent] id:5
path:590,558,526,527,528,528,528,528,528,528,528,528,528,528,528,528,528,528,528,528,528,528,528,528,528,528,528,528,528,528,528,528,528,528,528,528,528,528,528,528,528,528,528,528,528,528,528,528,528,528,528,
goal:528,528,528,528,528,528,528,528,528,528,528,528,528,528,528,528,528,528,528,528,528,528,528,528,528,528,528,528,528,528,528,528,528,528,528,528,528,528,528,528,528,528,528,528,528,528,528,528,528,528,528,
size:4
[agent] id:6
path:729,730,762,794,795,796,797,798,830,831,863,863,863,863,863,863,863,863,863,863,863,863,863,863,863,863,863,863,863,863,863,863,863,863,863,863,863,863,863,863,863,863,863,863,863,863,863,863,863,863,863,
goal:863,863,863,863,863,863,863,863,863,863,863,863,863,863,863,863,863,863,863,863,863,863,863,863,863,863,863,863,863,863,863,863,863,863,863,863,863,863,863,863,863,863,863,863,863,863,863,863,863,863,863,
size:10
[agent] id:7
path:485,517,549,550,582,614,646,678,710,742,774,806,838,870,869,869,869,869,869,869,869,869,869,869,869,869,869,869,869,869,869,869,869,869,869,869,869,869,869,869,869,869,869,869,869,869,869,869,869,869,869,
goal:869,869,869,869,869,869,869,869,869,869,869,869,869,869,869,869,869,869,869,869,869,869,869,869,869,869,869,869,869,869,869,869,869,869,869,869,869,869,869,869,869,869,869,869,869,869,869,869,869,869,869,
size:14
[agent] id:8
path:88,120,152,184,216,248,280,312,344,376,408,407,439,438,437,437,437,437,437,437,437,437,437,437,437,437,437,437,437,437,437,437,437,437,437,437,437,437,437,437,437,437,437,437,437,437,437,437,437,437,437,
goal:437,437,437,437,437,437,437,437,437,437,437,437,437,437,437,437,437,437,437,437,437,437,437,437,437,437,437,437,437,437,437,437,437,437,437,437,437,437,437,437,437,437,437,437,437,437,437,437,437,437,437,
size:14
[agent] id:9
path:140,172,204,236,268,300,301,302,334,366,367,399,431,463,464,465,497,498,499,500,501,533,534,535,536,537,569,570,602,602,602,602,602,602,602,602,602,602,602,602,602,602,602,602,602,602,602,602,602,602,602,
goal:602,602,602,602,602,602,602,602,602,602,602,602,602,602,602,602,602,602,602,602,602,602,602,602,602,602,602,602,602,602,602,602,602,602,602,602,602,602,602,602,602,602,602,602,602,602,602,602,602,602,602,
size:28
[agent] id:10
path:353,385,417,449,448,480,512,544,576,577,609,641,673,705,737,737,737,737,737,737,737,737,737,737,737,737,737,737,737,737,737,737,737,737,737,737,737,737,737,737,737,737,737,737,737,737,737,737,737,737,737,
goal:737,737,737,737,737,737,737,737,737,737,737,737,737,737,737,737,737,737,737,737,737,737,737,737,737,737,737,737,737,737,737,737,737,737,737,737,737,737,737,737,737,737,737,737,737,737,737,737,737,737,737,
size:14
[agent] id:11
path:628,660,659,658,657,656,655,654,653,652,651,650,682,681,680,679,678,678,678,678,678,678,678,678,678,678,678,678,678,678,678,678,678,678,678,678,678,678,678,678,678,678,678,678,678,678,678,678,678,678,678,
goal:678,678,678,678,678,678,678,678,678,678,678,678,678,678,678,678,678,678,678,678,678,678,678,678,678,678,678,678,678,678,678,678,678,678,678,678,678,678,678,678,678,678,678,678,678,678,678,678,678,678,678,
size:16
[agent] id:12
path:460,461,493,525,557,589,621,653,685,717,749,781,782,814,846,878,879,911,943,944,945,946,946,946,946,946,946,946,946,946,946,946,946,946,946,946,946,946,946,946,946,946,946,946,946,946,946,946,946,946,946,
goal:946,946,946,946,946,946,946,946,946,946,946,946,946,946,946,946,946,946,946,946,946,946,946,946,946,946,946,946,946,946,946,946,946,946,946,946,946,946,946,946,946,946,946,946,946,946,946,946,946,946,946,
size:21
[agent] id:13
path:457,458,426,394,395,396,364,332,300,268,269,270,271,239,240,241,209,210,211,212,213,181,182,183,184,185,186,187,155,155,155,155,155,155,155,155,155,155,155,155,155,155,155,155,155,155,155,155,155,155,155,
goal:155,155,155,155,155,155,155,155,155,155,155,155,155,155,155,155,155,155,155,155,155,155,155,155,155,155,155,155,155,155,155,155,155,155,155,155,155,155,155,155,155,155,155,155,155,155,155,155,155,155,155,
size:28
[agent] id:14
path:807,839,840,841,842,874,875,876,877,878,879,880,881,882,883,884,885,886,918,919,920,921,921,921,921,921,921,921,921,921,921,921,921,921,921,921,921,921,921,921,921,921,921,921,921,921,921,921,921,921,921,
goal:921,921,921,921,921,921,921,921,921,921,921,921,921,921,921,921,921,921,921,921,921,921,921,921,921,921,921,921,921,921,921,921,921,921,921,921,921,921,921,921,921,921,921,921,921,921,921,921,921,921,921,
size:21
[agent] id:15
path:193,225,257,258,259,227,228,229,230,231,199,200,201,202,203,171,172,173,174,142,143,144,145,145,145,145,145,145,145,145,145,145,145,145,145,145,145,145,145,145,145,145,145,145,145,145,145,145,145,145,145,
goal:145,145,145,145,145,145,145,145,145,145,145,145,145,145,145,145,145,145,145,145,145,145,145,145,145,145,145,145,145,145,145,145,145,145,145,145,145,145,145,145,145,145,145,145,145,145,145,145,145,145,145,
size:22
[agent] id:16
path:145,177,209,241,273,305,337,369,401,433,465,497,529,561,593,592,591,623,655,687,686,718,750,782,814,846,845,844,843,842,841,840,839,838,837,836,835,835,835,835,835,835,835,835,835,835,835,835,835,835,835,
goal:835,835,835,835,835,835,835,835,835,835,835,835,835,835,835,835,835,835,835,835,835,835,835,835,835,835,835,835,835,835,835,835,835,835,835,835,835,835,835,835,835,835,835,835,835,835,835,835,835,835,835,
size:36
[agent] id:17
path:429,428,460,459,458,490,522,554,553,552,584,616,648,680,712,744,776,808,840,872,904,936,935,967,966,965,964,996,996,996,996,996,996,996,996,996,996,996,996,996,996,996,996,996,996,996,996,996,996,996,996,
goal:996,996,996,996,996,996,996,996,996,996,996,996,996,996,996,996,996,996,996,996,996,996,996,996,996,996,996,996,996,996,996,996,996,996,996,996,996,996,996,996,996,996,996,996,996,996,996,996,996,996,996,
size:27
[agent] id:18
path:612,613,614,615,616,617,618,619,620,621,589,557,558,559,560,561,562,563,564,596,597,597,597,597,597,597,597,597,597,597,597,597,597,597,597,597,597,597,597,597,597,597,597,597,597,597,597,597,597,597,597,
goal:597,597,597,597,597,597,597,597,597,597,597,597,597,597,597,597,597,597,597,597,597,597,597,597,597,597,597,597,597,597,597,597,597,597,597,597,597,597,597,597,597,597,597,597,597,597,597,597,597,597,597,
size:20
[agent] id:19
path:971,939,907,875,843,844,845,846,847,848,849,850,818,786,754,722,723,724,725,726,727,695,696,697,698,699,667,668,669,670,671,671,671,671,671,671,671,671,671,671,671,671,671,671,671,671,671,671,671,671,671,
goal:671,671,671,671,671,671,671,671,671,671,671,671,671,671,671,671,671,671,671,671,671,671,671,671,671,671,671,671,671,671,671,671,671,671,671,671,671,671,671,671,671,671,671,671,671,671,671,671,671,671,671,
size:30
[agent] id:20
path:864,896,928,929,930,898,866,867,835,803,771,739,707,708,676,644,612,613,614,582,550,518,519,520,521,489,457,458,426,426,426,426,426,426,426,426,426,426,426,426,426,426,426,426,426,426,426,426,426,426,426,
goal:426,426,426,426,426,426,426,426,426,426,426,426,426,426,426,426,426,426,426,426,426,426,426,426,426,426,426,426,426,426,426,426,426,426,426,426,426,426,426,426,426,426,426,426,426,426,426,426,426,426,426,
size:28
[agent] id:21
path:31,63,95,127,159,191,190,189,188,187,219,218,217,216,248,280,312,311,310,309,308,307,306,305,337,369,401,433,434,435,435,435,435,435,435,435,435,435,435,435,435,435,435,435,435,435,435,435,435,435,435,
goal:435,435,435,435,435,435,435,435,435,435,435,435,435,435,435,435,435,435,435,435,435,435,435,435,435,435,435,435,435,435,435,435,435,435,435,435,435,435,435,435,435,435,435,435,435,435,435,435,435,435,435,
size:29
[agent] id:22
path:782,814,846,878,877,909,941,940,939,938,937,936,935,967,999,998,997,997,997,997,997,997,997,997,997,997,997,997,997,997,997,997,997,997,997,997,997,997,997,997,997,997,997,997,997,997,997,997,997,997,997,
goal:997,997,997,997,997,997,997,997,997,997,997,997,997,997,997,997,997,997,997,997,997,997,997,997,997,997,997,997,997,997,997,997,997,997,997,997,997,997,997,997,997,997,997,997,997,997,997,997,997,997,997,
size:16
[agent] id:23
path:27,26,58,90,122,121,153,185,217,216,248,280,312,344,376,408,407,439,438,470,469,469,469,469,469,469,469,469,469,469,469,469,469,469,469,469,469,469,469,469,469,469,469,469,469,469,469,469,469,469,469,
goal:469,469,469,469,469,469,469,469,469,469,469,469,469,469,469,469,469,469,469,469,469,469,469,469,469,469,469,469,469,469,469,469,469,469,469,469,469,469,469,469,469,469,469,469,469,469,469,469,469,469,469,
size:20
[agent] id:24
path:879,878,877,877,876,875,843,811,779,747,715,714,713,712,711,710,709,677,645,613,613,613,613,613,613,613,613,613,613,613,613,613,613,613,613,613,613,613,613,613,613,613,613,613,613,613,613,613,613,613,613,
goal:613,613,613,613,613,613,613,613,613,613,613,613,613,613,613,613,613,613,613,613,613,613,613,613,613,613,613,613,613,613,613,613,613,613,613,613,613,613,613,613,613,613,613,613,613,613,613,613,613,613,613,
size:19
[agent] id:25
path:19,51,83,115,114,146,178,210,242,274,306,305,337,369,401,433,465,497,529,561,593,592,591,623,655,687,686,718,750,782,814,846,845,844,843,842,841,841,841,841,841,841,841,841,841,841,841,841,841,841,841,
goal:841,841,841,841,841,841,841,841,841,841,841,841,841,841,841,841,841,841,841,841,841,841,841,841,841,841,841,841,841,841,841,841,841,841,841,841,841,841,841,841,841,841,841,841,841,841,841,841,841,841,841,
size:36
[agent] id:26
path:130,162,161,193,225,257,256,288,320,352,384,416,448,480,512,544,576,577,609,609,609,609,609,609,609,609,609,609,609,609,609,609,609,609,609,609,609,609,609,609,609,609,609,609,609,609,609,609,609,609,609,
goal:609,609,609,609,609,609,609,609,609,609,609,609,609,609,609,609,609,609,609,609,609,609,609,609,609,609,609,609,609,609,609,609,609,609,609,609,609,609,609,609,609,609,609,609,609,609,609,609,609,609,609,
size:18
[agent] id:27
path:633,632,664,696,728,760,792,824,823,855,887,919,920,921,922,922,922,922,922,922,922,922,922,922,922,922,922,922,922,922,922,922,922,922,922,922,922,922,922,922,922,922,922,922,922,922,922,922,922,922,922,
goal:922,922,922,922,922,922,922,922,922,922,922,922,922,922,922,922,922,922,922,922,922,922,922,922,922,922,922,922,922,922,922,922,922,922,922,922,922,922,922,922,922,922,922,922,922,922,922,922,922,922,922,
size:14
[agent] id:28
path:955,987,986,985,953,921,920,888,887,886,854,853,852,851,819,818,786,754,722,690,658,626,594,562,530,498,466,434,402,401,369,337,305,273,241,209,177,176,144,112,80,79,78,77,45,13,12,11,10,9,8,
goal:8,8,8,8,8,8,8,8,8,8,8,8,8,8,8,8,8,8,8,8,8,8,8,8,8,8,8,8,8,8,8,8,8,8,8,8,8,8,8,8,8,8,8,8,8,8,8,8,8,8,8,
size:50
[agent] id:29
path:467,435,436,437,405,373,341,309,277,245,213,181,182,150,151,119,87,88,89,89,89,89,89,89,89,89,89,89,89,89,89,89,89,89,89,89,89,89,89,89,89,89,89,89,89,89,89,89,89,89,89,
goal:89,89,89,89,89,89,89,89,89,89,89,89,89,89,89,89,89,89,89,89,89,89,89,89,89,89,89,89,89,89,89,89,89,89,89,89,89,89,89,89,89,89,89,89,89,89,89,89,89,89,89,
size:18
SolutionCost:653
