[setting] seed:6408
[solver] type:SASB-ECBS
[solver] w:2.000000
[solver] ID:0
[solver] Lowlevelnode:11629
[solver] Highlevelnode:25
[solver] ConflictCount:13
[solver] solved:1
[solver] elapsed:69
[solver] makespan:50
[problem] timesteplimit:15000
[problem] type:MAPF
[problem] agentnum:30
[graph] width:32
[graph] height:32
[graph] filename:./map/32by32_agents10_ex30.map
[task] id:22,start:0,end:0,service time:0,nodes:204,
[task] id:12,start:0,end:0,service time:0,nodes:793,
[task] id:23,start:0,end:0,service time:0,nodes:902,
[task] id:29,start:0,end:0,service time:0,nodes:449,
[task] id:10,start:0,end:0,service time:0,nodes:525,
[task] id:26,start:0,end:0,service time:0,nodes:569,
[task] id:20,start:0,end:0,service time:0,nodes:603,
[task] id:0,start:0,end:0,service time:0,nodes:723,
[task] id:13,start:0,end:0,service time:0,nodes:313,
[task] id:14,start:0,end:0,service time:0,nodes:126,
[task] id:5,start:0,end:0,service time:0,nodes:328,
[task] id:7,start:0,end:0,service time:0,nodes:279,
[task] id:18,start:0,end:0,service time:0,nodes:357,
[task] id:19,start:0,end:0,service time:0,nodes:938,
[task] id:25,start:0,end:0,service time:0,nodes:407,
[task] id:11,start:0,end:0,service time:0,nodes:352,
[task] id:27,start:0,end:0,service time:0,nodes:477,
[task] id:17,start:0,end:0,service time:0,nodes:203,
[task] id:28,start:0,end:0,service time:0,nodes:105,
[task] id:3,start:0,end:0,service time:0,nodes:830,
[task] id:8,start:0,end:0,service time:0,nodes:894,
[task] id:6,start:0,end:0,service time:0,nodes:637,
[task] id:21,start:0,end:0,service time:0,nodes:592,
[task] id:1,start:0,end:0,service time:0,nodes:867,
[task] id:15,start:0,end:0,service time:0,nodes:795,
[task] id:24,start:0,end:0,service time:0,nodes:375,
[task] id:2,start:0,end:0,service time:0,nodes:964,
[task] id:4,start:0,end:0,service time:0,nodes:864,
[task] id:9,start:0,end:0,service time:0,nodes:323,
[task] id:16,start:0,end:0,service time:0,nodes:37,
[agent] id:0
path:269,301,302,334,366,367,399,431,463,464,465,497,529,561,593,594,626,658,690,722,723,723,723,723,723,723,723,723,723,723,723,723,723,723,723,723,723,723,723,723,723,723,723,723,723,723,723,723,723,723,723,
goal:723,723,723,723,723,723,723,723,723,723,723,723,723,723,723,723,723,723,723,723,723,723,723,723,723,723,723,723,723,723,723,723,723,723,723,723,723,723,723,723,723,723,723,723,723,723,723,723,723,723,723,
size:20
[agent] id:1
path:373,405,437,469,501,533,565,597,629,661,693,725,724,723,755,754,786,818,850,849,848,847,846,845,844,843,842,841,840,839,838,837,836,835,867,867,867,867,867,867,867,867,867,867,867,867,867,867,867,867,867,
goal:867,867,867,867,867,867,867,867,867,867,867,867,867,867,867,867,867,867,867,867,867,867,867,867,867,867,867,867,867,867,867,867,867,867,867,867,867,867,867,867,867,867,867,867,867,867,867,867,867,867,867,
size:34
[agent] id:2
path:12,11,10,42,74,106,138,139,171,203,235,236,268,300,332,364,396,428,460,459,458,490,522,521,520,519,551,583,615,647,679,711,743,775,807,839,871,870,869,901,933,965,964,964,964,964,964,964,964,964,964,
goal:964,964,964,964,964,964,964,964,964,964,964,964,964,964,964,964,964,964,964,964,964,964,964,964,964,964,964,964,964,964,964,964,964,964,964,964,964,964,964,964,964,964,964,964,964,964,964,964,964,964,964,
size:42
[agent] id:3
path:615,647,648,649,650,651,652,652,653,685,686,687,688,720,721,722,723,724,725,726,727,728,729,730,762,794,795,796,797,798,830,830,830,830,830,830,830,830,830,830,830,830,830,830,830,830,830,830,830,830,830,
goal:830,830,830,830,830,830,830,830,830,830,830,830,830,830,830,830,830,830,830,830,830,830,830,830,830,830,830,830,830,830,830,830,830,830,830,830,830,830,830,830,830,830,830,830,830,830,830,830,830,830,830,
size:30
[agent] id:4
path:604,636,668,700,699,731,730,729,728,727,759,791,823,855,854,853,852,851,851,850,849,848,847,846,845,844,843,842,841,840,872,871,870,869,901,900,899,931,930,929,928,896,864,864,864,864,864,864,864,864,864,
goal:864,864,864,864,864,864,864,864,864,864,864,864,864,864,864,864,864,864,864,864,864,864,864,864,864,864,864,864,864,864,864,864,864,864,864,864,864,864,864,864,864,864,864,864,864,864,864,864,864,864,864,
size:42
[agent] id:5
path:623,591,559,527,526,494,493,461,429,397,396,395,394,393,392,391,359,358,326,294,262,263,264,296,328,328,328,328,328,328,328,328,328,328,328,328,328,328,328,328,328,328,328,328,328,328,328,328,328,328,328,
goal:328,328,328,328,328,328,328,328,328,328,328,328,328,328,328,328,328,328,328,328,328,328,328,328,328,328,328,328,328,328,328,328,328,328,328,328,328,328,328,328,328,328,328,328,328,328,328,328,328,328,328,
size:24
[agent] id:6
path:802,770,738,706,707,708,676,644,645,646,647,648,649,650,651,652,653,654,655,656,657,658,626,627,628,629,630,631,632,633,634,635,636,637,637,637,637,637,637,637,637,637,637,637,637,637,637,637,637,637,637,
goal:637,637,637,637,637,637,637,637,637,637,637,637,637,637,637,637,637,637,637,637,637,637,637,637,637,637,637,637,637,637,637,637,637,637,637,637,637,637,637,637,637,637,637,637,637,637,637,637,637,637,637,
size:33
[agent] id:7
path:919,887,855,823,791,759,727,695,663,631,599,567,535,503,504,472,473,441,409,377,345,313,281,280,279,279,279,279,279,279,279,279,279,279,279,279,279,279,279,279,279,279,279,279,279,279,279,279,279,279,279,
goal:279,279,279,279,279,279,279,279,279,279,279,279,279,279,279,279,279,279,279,279,279,279,279,279,279,279,279,279,279,279,279,279,279,279,279,279,279,279,279,279,279,279,279,279,279,279,279,279,279,279,279,
size:24
[agent] id:8
path:522,554,555,556,557,589,621,653,685,686,687,688,720,721,722,723,724,725,757,758,759,791,823,824,825,857,858,859,860,892,893,894,894,894,894,894,894,894,894,894,894,894,894,894,894,894,894,894,894,894,894,
goal:894,894,894,894,894,894,894,894,894,894,894,894,894,894,894,894,894,894,894,894,894,894,894,894,894,894,894,894,894,894,894,894,894,894,894,894,894,894,894,894,894,894,894,894,894,894,894,894,894,894,894,
size:31
[agent] id:9
path:861,860,859,858,857,825,793,792,760,728,696,664,632,600,599,567,566,565,564,563,531,530,529,528,527,526,494,493,461,460,459,458,457,456,424,423,422,421,420,419,418,417,385,353,354,322,323,323,323,323,323,
goal:323,323,323,323,323,323,323,323,323,323,323,323,323,323,323,323,323,323,323,323,323,323,323,323,323,323,323,323,323,323,323,323,323,323,323,323,323,323,323,323,323,323,323,323,323,323,323,323,323,323,323,
size:46
[agent] id:10
path:114,146,178,210,242,274,306,305,337,369,401,433,465,497,529,528,527,526,525,525,525,525,525,525,525,525,525,525,525,525,525,525,525,525,525,525,525,525,525,525,525,525,525,525,525,525,525,525,525,525,525,
goal:525,525,525,525,525,525,525,525,525,525,525,525,525,525,525,525,525,525,525,525,525,525,525,525,525,525,525,525,525,525,525,525,525,525,525,525,525,525,525,525,525,525,525,525,525,525,525,525,525,525,525,
size:18
[agent] id:11
path:211,243,242,274,306,305,304,303,302,301,300,332,364,396,395,394,393,392,391,359,358,357,356,355,354,353,352,352,352,352,352,352,352,352,352,352,352,352,352,352,352,352,352,352,352,352,352,352,352,352,352,
goal:352,352,352,352,352,352,352,352,352,352,352,352,352,352,352,352,352,352,352,352,352,352,352,352,352,352,352,352,352,352,352,352,352,352,352,352,352,352,352,352,352,352,352,352,352,352,352,352,352,352,352,
size:26
[agent] id:12
path:924,892,860,859,858,857,825,793,793,793,793,793,793,793,793,793,793,793,793,793,793,793,793,793,793,793,793,793,793,793,793,793,793,793,793,793,793,793,793,793,793,793,793,793,793,793,793,793,793,793,793,
goal:793,793,793,793,793,793,793,793,793,793,793,793,793,793,793,793,793,793,793,793,793,793,793,793,793,793,793,793,793,793,793,793,793,793,793,793,793,793,793,793,793,793,793,793,793,793,793,793,793,793,793,
size:7
[agent] id:13
path:74,106,138,139,171,203,235,236,268,269,301,302,303,304,305,306,307,308,309,310,311,312,313,313,313,313,313,313,313,313,313,313,313,313,313,313,313,313,313,313,313,313,313,313,313,313,313,313,313,313,313,
goal:313,313,313,313,313,313,313,313,313,313,313,313,313,313,313,313,313,313,313,313,313,313,313,313,313,313,313,313,313,313,313,313,313,313,313,313,313,313,313,313,313,313,313,313,313,313,313,313,313,313,313,
size:22
[agent] id:14
path:569,537,538,539,507,508,476,477,478,446,414,413,381,349,317,285,286,287,255,223,191,159,127,126,126,126,126,126,126,126,126,126,126,126,126,126,126,126,126,126,126,126,126,126,126,126,126,126,126,126,126,
goal:126,126,126,126,126,126,126,126,126,126,126,126,126,126,126,126,126,126,126,126,126,126,126,126,126,126,126,126,126,126,126,126,126,126,126,126,126,126,126,126,126,126,126,126,126,126,126,126,126,126,126,
size:23
[agent] id:15
path:139,171,203,235,236,268,300,332,364,396,428,460,461,493,525,557,589,621,653,685,686,687,688,689,690,691,692,724,725,726,727,728,729,730,762,794,795,795,795,795,795,795,795,795,795,795,795,795,795,795,795,
goal:795,795,795,795,795,795,795,795,795,795,795,795,795,795,795,795,795,795,795,795,795,795,795,795,795,795,795,795,795,795,795,795,795,795,795,795,795,795,795,795,795,795,795,795,795,795,795,795,795,795,795,
size:36
[agent] id:16
path:831,799,798,766,734,702,701,700,699,698,697,696,664,632,600,599,567,535,534,533,501,469,437,436,435,403,402,401,369,337,305,273,241,240,239,207,206,174,173,172,140,139,107,75,74,42,41,40,39,38,37,
goal:37,37,37,37,37,37,37,37,37,37,37,37,37,37,37,37,37,37,37,37,37,37,37,37,37,37,37,37,37,37,37,37,37,37,37,37,37,37,37,37,37,37,37,37,37,37,37,37,37,37,37,
size:50
[agent] id:17
path:771,739,707,708,676,644,612,613,614,582,550,518,486,454,422,390,391,359,358,326,294,262,230,231,199,200,201,202,203,203,203,203,203,203,203,203,203,203,203,203,203,203,203,203,203,203,203,203,203,203,203,
goal:203,203,203,203,203,203,203,203,203,203,203,203,203,203,203,203,203,203,203,203,203,203,203,203,203,203,203,203,203,203,203,203,203,203,203,203,203,203,203,203,203,203,203,203,203,203,203,203,203,203,203,
size:28
[agent] id:18
path:50,82,114,146,145,144,143,142,174,173,172,171,203,202,201,200,199,231,230,229,261,293,294,326,358,357,357,357,357,357,357,357,357,357,357,357,357,357,357,357,357,357,357,357,357,357,357,357,357,357,357,
goal:357,357,357,357,357,357,357,357,357,357,357,357,357,357,357,357,357,357,357,357,357,357,357,357,357,357,357,357,357,357,357,357,357,357,357,357,357,357,357,357,357,357,357,357,357,357,357,357,357,357,357,
size:25
[agent] id:19
path:448,480,512,544,576,577,609,641,673,705,737,738,770,802,803,835,867,899,900,901,933,934,935,936,937,938,938,938,938,938,938,938,938,938,938,938,938,938,938,938,938,938,938,938,938,938,938,938,938,938,938,
goal:938,938,938,938,938,938,938,938,938,938,938,938,938,938,938,938,938,938,938,938,938,938,938,938,938,938,938,938,938,938,938,938,938,938,938,938,938,938,938,938,938,938,938,938,938,938,938,938,938,938,938,
size:25
[agent] id:20
path:218,217,216,248,280,312,344,376,408,409,441,473,472,504,536,537,569,570,602,603,603,603,603,603,603,603,603,603,603,603,603,603,603,603,603,603,603,603,603,603,603,603,603,603,603,603,603,603,603,603,603,
goal:603,603,603,603,603,603,603,603,603,603,603,603,603,603,603,603,603,603,603,603,603,603,603,603,603,603,603,603,603,603,603,603,603,603,603,603,603,603,603,603,603,603,603,603,603,603,603,603,603,603,603,
size:19
[agent] id:21
path:96,64,65,66,67,68,69,101,133,165,197,229,261,293,294,326,358,390,422,454,486,518,550,551,552,553,554,555,556,557,589,590,591,592,592,592,592,592,592,592,592,592,592,592,592,592,592,592,592,592,592,
goal:592,592,592,592,592,592,592,592,592,592,592,592,592,592,592,592,592,592,592,592,592,592,592,592,592,592,592,592,592,592,592,592,592,592,592,592,592,592,592,592,592,592,592,592,592,592,592,592,592,592,592,
size:33
[agent] id:22
path:266,234,202,203,204,204,204,204,204,204,204,204,204,204,204,204,204,204,204,204,204,204,204,204,204,204,204,204,204,204,204,204,204,204,204,204,204,204,204,204,204,204,204,204,204,204,204,204,204,204,204,
goal:204,204,204,204,204,204,204,204,204,204,204,204,204,204,204,204,204,204,204,204,204,204,204,204,204,204,204,204,204,204,204,204,204,204,204,204,204,204,204,204,204,204,204,204,204,204,204,204,204,204,204,
size:4
[agent] id:23
path:940,939,938,937,936,935,934,902,902,902,902,902,902,902,902,902,902,902,902,902,902,902,902,902,902,902,902,902,902,902,902,902,902,902,902,902,902,902,902,902,902,902,902,902,902,902,902,902,902,902,902,
goal:902,902,902,902,902,902,902,902,902,902,902,902,902,902,902,902,902,902,902,902,902,902,902,902,902,902,902,902,902,902,902,902,902,902,902,902,902,902,902,902,902,902,902,902,902,902,902,902,902,902,902,
size:7
[agent] id:24
path:866,867,835,803,771,739,707,708,676,644,612,613,614,582,550,551,552,553,554,555,556,557,558,559,560,528,529,497,465,433,434,435,436,437,405,373,374,375,375,375,375,375,375,375,375,375,375,375,375,375,375,
goal:375,375,375,375,375,375,375,375,375,375,375,375,375,375,375,375,375,375,375,375,375,375,375,375,375,375,375,375,375,375,375,375,375,375,375,375,375,375,375,375,375,375,375,375,375,375,375,375,375,375,375,
size:37
[agent] id:25
path:103,135,167,199,200,201,233,234,235,236,268,300,301,302,303,304,305,306,307,308,309,341,373,405,406,407,407,407,407,407,407,407,407,407,407,407,407,407,407,407,407,407,407,407,407,407,407,407,407,407,407,
goal:407,407,407,407,407,407,407,407,407,407,407,407,407,407,407,407,407,407,407,407,407,407,407,407,407,407,407,407,407,407,407,407,407,407,407,407,407,407,407,407,407,407,407,407,407,407,407,407,407,407,407,
size:25
[agent] id:26
path:885,853,821,822,823,791,759,727,695,663,631,632,633,634,602,570,538,537,569,569,569,569,569,569,569,569,569,569,569,569,569,569,569,569,569,569,569,569,569,569,569,569,569,569,569,569,569,569,569,569,569,
goal:569,569,569,569,569,569,569,569,569,569,569,569,569,569,569,569,569,569,569,569,569,569,569,569,569,569,569,569,569,569,569,569,569,569,569,569,569,569,569,569,569,569,569,569,569,569,569,569,569,569,569,
size:18
[agent] id:27
path:749,717,685,653,654,655,656,657,658,626,627,628,629,630,631,632,633,634,634,602,570,538,539,507,508,476,477,477,477,477,477,477,477,477,477,477,477,477,477,477,477,477,477,477,477,477,477,477,477,477,477,
goal:477,477,477,477,477,477,477,477,477,477,477,477,477,477,477,477,477,477,477,477,477,477,477,477,477,477,477,477,477,477,477,477,477,477,477,477,477,477,477,477,477,477,477,477,477,477,477,477,477,477,477,
size:26
[agent] id:28
path:94,93,92,91,90,89,88,87,86,54,53,52,84,83,82,81,80,79,78,77,45,44,12,11,10,42,74,106,105,105,105,105,105,105,105,105,105,105,105,105,105,105,105,105,105,105,105,105,105,105,105,
goal:105,105,105,105,105,105,105,105,105,105,105,105,105,105,105,105,105,105,105,105,105,105,105,105,105,105,105,105,105,105,105,105,105,105,105,105,105,105,105,105,105,105,105,105,105,105,105,105,105,105,105,
size:28
[agent] id:29
path:134,166,165,197,229,261,260,259,258,290,322,354,353,385,417,449,449,449,449,449,449,449,449,449,449,449,449,449,449,449,449,449,449,449,449,449,449,449,449,449,449,449,449,449,449,449,449,449,449,449,449,
goal:449,449,449,449,449,449,449,449,449,449,449,449,449,449,449,449,449,449,449,449,449,449,449,449,449,449,449,449,449,449,449,449,449,449,449,449,449,449,449,449,449,449,449,449,449,449,449,449,449,449,449,
size:15
SolutionCost:798
