[setting] seed:7697
[solver] type:SASB-ECBS
[solver] w:2.000000
[solver] ID:0
[solver] Lowlevelnode:9713
[solver] Highlevelnode:27
[solver] ConflictCount:14
[solver] solved:1
[solver] elapsed:50
[solver] makespan:45
[problem] timesteplimit:15000
[problem] type:MAPF
[problem] agentnum:30
[graph] width:32
[graph] height:32
[graph] filename:./map/32by32_agents10_ex30.map
[task] id:13,start:0,end:0,service time:0,nodes:656,
[task] id:26,start:0,end:0,service time:0,nodes:144,
[task] id:20,start:0,end:0,service time:0,nodes:270,
[task] id:1,start:0,end:0,service time:0,nodes:529,
[task] id:3,start:0,end:0,service time:0,nodes:688,
[task] id:19,start:0,end:0,service time:0,nodes:328,
[task] id:7,start:0,end:0,service time:0,nodes:500,
[task] id:25,start:0,end:0,service time:0,nodes:189,
[task] id:29,start:0,end:0,service time:0,nodes:421,
[task] id:30,start:0,end:0,service time:0,nodes:529,
[task] id:9,start:0,end:0,service time:0,nodes:1000,
[task] id:14,start:0,end:0,service time:0,nodes:661,
[task] id:28,start:0,end:0,service time:0,nodes:316,
[task] id:8,start:0,end:0,service time:0,nodes:337,
[task] id:10,start:0,end:0,service time:0,nodes:681,
[task] id:0,start:0,end:0,service time:0,nodes:427,
[task] id:2,start:0,end:0,service time:0,nodes:598,
[task] id:5,start:0,end:0,service time:0,nodes:392,
[task] id:21,start:0,end:0,service time:0,nodes:204,
[task] id:24,start:0,end:0,service time:0,nodes:847,
[task] id:27,start:0,end:0,service time:0,nodes:359,
[task] id:4,start:0,end:0,service time:0,nodes:1015,
[task] id:18,start:0,end:0,service time:0,nodes:139,
[task] id:23,start:0,end:0,service time:0,nodes:721,
[task] id:17,start:0,end:0,service time:0,nodes:519,
[task] id:15,start:0,end:0,service time:0,nodes:393,
[task] id:16,start:0,end:0,service time:0,nodes:153,
[task] id:6,start:0,end:0,service time:0,nodes:520,
[task] id:22,start:0,end:0,service time:0,nodes:58,
[task] id:11,start:0,end:0,service time:0,nodes:971,
[task] id:12,start:0,end:0,service time:0,nodes:263,
[agent] id:0
path:886,854,853,852,851,819,818,786,754,722,690,658,626,594,562,530,529,528,527,526,494,493,461,429,428,427,427,427,427,427,427,427,427,427,427,427,427,427,427,427,427,427,427,427,427,427,
goal:427,427,427,427,427,427,427,427,427,427,427,427,427,427,427,427,427,427,427,427,427,427,427,427,427,427,427,427,427,427,427,427,427,427,427,427,427,427,427,427,427,427,427,427,427,427,
size:25
[agent] id:1
path:301,302,334,366,367,399,431,463,464,465,497,529,529,529,529,529,561,561,529,529,529,529,529,529,529,529,529,529,529,529,529,529,529,529,529,529,529,529,529,529,529,529,529,529,529,529,
goal:529,529,529,529,529,529,529,529,529,529,529,529,529,529,529,529,529,529,529,529,529,529,529,529,529,529,529,529,529,529,529,529,529,529,529,529,529,529,529,529,529,529,529,529,529,529,
size:18
[agent] id:2
path:969,937,938,906,874,842,843,844,845,846,847,848,849,850,818,786,754,722,690,658,626,627,628,596,597,598,598,598,598,598,598,598,598,598,598,598,598,598,598,598,598,598,598,598,598,598,
goal:598,598,598,598,598,598,598,598,598,598,598,598,598,598,598,598,598,598,598,598,598,598,598,598,598,598,598,598,598,598,598,598,598,598,598,598,598,598,598,598,598,598,598,598,598,598,
size:25
[agent] id:3
path:463,464,465,497,529,561,593,592,591,623,655,687,688,688,688,688,688,688,688,688,688,688,688,688,688,688,688,688,688,688,688,688,688,688,688,688,688,688,688,688,688,688,688,688,688,688,
goal:688,688,688,688,688,688,688,688,688,688,688,688,688,688,688,688,688,688,688,688,688,688,688,688,688,688,688,688,688,688,688,688,688,688,688,688,688,688,688,688,688,688,688,688,688,688,
size:12
[agent] id:4
path:313,345,377,409,441,473,472,504,536,535,567,599,631,663,695,727,759,791,823,855,887,919,918,950,982,983,1015,1015,1015,1015,1015,1015,1015,1015,1015,1015,1015,1015,1015,1015,1015,1015,1015,1015,1015,1015,
goal:1015,1015,1015,1015,1015,1015,1015,1015,1015,1015,1015,1015,1015,1015,1015,1015,1015,1015,1015,1015,1015,1015,1015,1015,1015,1015,1015,1015,1015,1015,1015,1015,1015,1015,1015,1015,1015,1015,1015,1015,1015,1015,1015,1015,1015,1015,
size:26
[agent] id:5
path:347,379,378,377,376,375,374,373,341,309,308,307,306,305,304,303,302,301,300,332,364,396,395,394,393,392,392,392,392,392,392,392,392,392,392,392,392,392,392,392,392,392,392,392,392,392,
goal:392,392,392,392,392,392,392,392,392,392,392,392,392,392,392,392,392,392,392,392,392,392,392,392,392,392,392,392,392,392,392,392,392,392,392,392,392,392,392,392,392,392,392,392,392,392,
size:25
[agent] id:6
path:29,61,93,92,91,123,155,187,219,218,217,216,248,280,312,311,310,309,308,307,306,305,304,303,302,301,300,332,364,396,428,460,459,458,490,522,521,520,520,520,520,520,520,520,520,520,
goal:520,520,520,520,520,520,520,520,520,520,520,520,520,520,520,520,520,520,520,520,520,520,520,520,520,520,520,520,520,520,520,520,520,520,520,520,520,520,520,520,520,520,520,520,520,520,
size:37
[agent] id:7
path:212,213,245,277,309,341,373,405,406,406,438,470,469,501,500,500,500,500,500,500,500,500,500,500,500,500,500,500,500,500,500,500,500,500,500,500,500,500,500,500,500,500,500,500,500,500,
goal:500,500,500,500,500,500,500,500,500,500,500,500,500,500,500,500,500,500,500,500,500,500,500,500,500,500,500,500,500,500,500,500,500,500,500,500,500,500,500,500,500,500,500,500,500,500,
size:14
[agent] id:8
path:294,262,230,231,199,200,168,200,201,202,203,204,205,206,207,239,271,303,304,336,337,337,337,337,337,337,337,337,337,337,337,337,337,337,337,337,337,337,337,337,337,337,337,337,337,337,
goal:337,337,337,337,337,337,337,337,337,337,337,337,337,337,337,337,337,337,337,337,337,337,337,337,337,337,337,337,337,337,337,337,337,337,337,337,337,337,337,337,337,337,337,337,337,337,
size:20
[agent] id:9
path:948,980,979,978,946,945,944,943,942,941,940,939,938,937,936,935,967,999,1000,1000,1000,1000,1000,1000,1000,1000,1000,1000,1000,1000,1000,1000,1000,1000,1000,1000,1000,1000,1000,1000,1000,1000,1000,1000,1000,1000,
goal:1000,1000,1000,1000,1000,1000,1000,1000,1000,1000,1000,1000,1000,1000,1000,1000,1000,1000,1000,1000,1000,1000,1000,1000,1000,1000,1000,1000,1000,1000,1000,1000,1000,1000,1000,1000,1000,1000,1000,1000,1000,1000,1000,1000,1000,1000,
size:18
[agent] id:10
path:439,438,470,469,501,500,499,531,563,562,594,593,592,591,623,622,621,653,652,651,683,682,681,681,681,681,681,681,681,681,681,681,681,681,681,681,681,681,681,681,681,681,681,681,681,681,
goal:681,681,681,681,681,681,681,681,681,681,681,681,681,681,681,681,681,681,681,681,681,681,681,681,681,681,681,681,681,681,681,681,681,681,681,681,681,681,681,681,681,681,681,681,681,681,
size:22
[agent] id:11
path:56,88,120,152,184,216,248,280,312,344,376,408,407,439,438,470,469,501,533,565,564,563,562,594,626,658,690,722,754,786,818,850,882,914,946,945,944,943,942,974,973,972,971,971,971,971,
goal:971,971,971,971,971,971,971,971,971,971,971,971,971,971,971,971,971,971,971,971,971,971,971,971,971,971,971,971,971,971,971,971,971,971,971,971,971,971,971,971,971,971,971,971,971,971,
size:42
[agent] id:12
path:957,925,893,861,860,859,858,857,825,793,792,760,728,696,664,632,600,599,567,566,565,564,563,562,561,560,528,527,526,494,493,461,460,459,458,457,456,424,423,391,390,358,326,294,262,263,
goal:263,263,263,263,263,263,263,263,263,263,263,263,263,263,263,263,263,263,263,263,263,263,263,263,263,263,263,263,263,263,263,263,263,263,263,263,263,263,263,263,263,263,263,263,263,263,
size:45
[agent] id:13
path:654,655,656,656,656,656,656,656,656,656,656,656,656,656,656,656,656,656,656,656,656,656,656,656,656,656,656,656,656,656,656,656,656,656,656,656,656,656,656,656,656,656,656,656,656,656,
goal:656,656,656,656,656,656,656,656,656,656,656,656,656,656,656,656,656,656,656,656,656,656,656,656,656,656,656,656,656,656,656,656,656,656,656,656,656,656,656,656,656,656,656,656,656,656,
size:2
[agent] id:14
path:907,875,843,844,845,846,847,848,849,850,818,786,754,722,690,658,659,660,661,661,661,661,661,661,661,661,661,661,661,661,661,661,661,661,661,661,661,661,661,661,661,661,661,661,661,661,
goal:661,661,661,661,661,661,661,661,661,661,661,661,661,661,661,661,661,661,661,661,661,661,661,661,661,661,661,661,661,661,661,661,661,661,661,661,661,661,661,661,661,661,661,661,661,661,
size:18
[agent] id:15
path:764,796,795,794,762,730,698,697,696,664,632,600,599,567,566,565,564,563,562,561,560,528,527,526,494,493,461,460,459,458,426,394,393,393,393,393,393,393,393,393,393,393,393,393,393,393,
goal:393,393,393,393,393,393,393,393,393,393,393,393,393,393,393,393,393,393,393,393,393,393,393,393,393,393,393,393,393,393,393,393,393,393,393,393,393,393,393,393,393,393,393,393,393,393,
size:32
[agent] id:16
path:225,257,258,259,227,228,229,230,230,231,199,200,201,202,203,204,205,206,207,239,240,241,209,210,211,212,213,181,182,150,151,152,153,153,153,153,153,153,153,153,153,153,153,153,153,153,
goal:153,153,153,153,153,153,153,153,153,153,153,153,153,153,153,153,153,153,153,153,153,153,153,153,153,153,153,153,153,153,153,153,153,153,153,153,153,153,153,153,153,153,153,153,153,153,
size:32
[agent] id:17
path:315,347,379,378,410,409,408,407,439,438,470,469,501,500,499,531,530,529,528,527,526,525,524,556,555,554,522,521,520,519,519,519,519,519,519,519,519,519,519,519,519,519,519,519,519,519,
goal:519,519,519,519,519,519,519,519,519,519,519,519,519,519,519,519,519,519,519,519,519,519,519,519,519,519,519,519,519,519,519,519,519,519,519,519,519,519,519,519,519,519,519,519,519,519,
size:29
[agent] id:18
path:778,779,747,715,683,651,619,620,621,589,557,525,493,461,429,397,396,364,332,331,299,300,268,236,204,172,140,139,139,139,139,139,139,139,139,139,139,139,139,139,139,139,139,139,139,139,
goal:139,139,139,139,139,139,139,139,139,139,139,139,139,139,139,139,139,139,139,139,139,139,139,139,139,139,139,139,139,139,139,139,139,139,139,139,139,139,139,139,139,139,139,139,139,139,
size:27
[agent] id:19
path:173,205,204,203,202,201,200,199,231,263,264,296,328,328,328,328,328,328,328,328,328,328,328,328,328,328,328,328,328,328,328,328,328,328,328,328,328,328,328,328,328,328,328,328,328,328,
goal:328,328,328,328,328,328,328,328,328,328,328,328,328,328,328,328,328,328,328,328,328,328,328,328,328,328,328,328,328,328,328,328,328,328,328,328,328,328,328,328,328,328,328,328,328,328,
size:12
[agent] id:20
path:310,309,308,307,306,305,304,303,271,270,270,270,270,270,270,270,270,270,270,270,270,270,270,270,270,270,270,270,270,270,270,270,270,270,270,270,270,270,270,270,270,270,270,270,270,270,
goal:270,270,270,270,270,270,270,270,270,270,270,270,270,270,270,270,270,270,270,270,270,270,270,270,270,270,270,270,270,270,270,270,270,270,270,270,270,270,270,270,270,270,270,270,270,270,
size:9
[agent] id:21
path:773,741,709,677,645,613,614,582,550,518,486,454,422,390,358,326,294,262,230,231,199,200,201,202,203,204,204,204,204,204,204,204,204,204,204,204,204,204,204,204,204,204,204,204,204,204,
goal:204,204,204,204,204,204,204,204,204,204,204,204,204,204,204,204,204,204,204,204,204,204,204,204,204,204,204,204,204,204,204,204,204,204,204,204,204,204,204,204,204,204,204,204,204,204,
size:25
[agent] id:22
path:952,920,888,887,855,823,791,759,727,695,663,664,632,600,599,567,535,503,504,472,473,441,409,377,345,313,281,280,248,216,184,184,152,120,88,56,57,58,58,58,58,58,58,58,58,58,
goal:58,58,58,58,58,58,58,58,58,58,58,58,58,58,58,58,58,58,58,58,58,58,58,58,58,58,58,58,58,58,58,58,58,58,58,58,58,58,58,58,58,58,58,58,58,58,
size:37
[agent] id:23
path:139,171,203,235,236,268,300,301,302,334,366,367,399,431,463,464,465,497,498,498,530,562,594,626,658,690,722,721,721,721,721,721,721,721,721,721,721,721,721,721,721,721,721,721,721,721,
goal:721,721,721,721,721,721,721,721,721,721,721,721,721,721,721,721,721,721,721,721,721,721,721,721,721,721,721,721,721,721,721,721,721,721,721,721,721,721,721,721,721,721,721,721,721,721,
size:27
[agent] id:24
path:443,442,474,473,472,504,536,535,567,599,631,663,695,727,759,791,823,855,854,853,852,851,850,849,848,847,847,847,847,847,847,847,847,847,847,847,847,847,847,847,847,847,847,847,847,847,
goal:847,847,847,847,847,847,847,847,847,847,847,847,847,847,847,847,847,847,847,847,847,847,847,847,847,847,847,847,847,847,847,847,847,847,847,847,847,847,847,847,847,847,847,847,847,847,
size:25
[agent] id:25
path:406,374,342,310,311,279,247,215,183,184,185,186,187,188,189,189,189,189,189,189,189,189,189,189,189,189,189,189,189,189,189,189,189,189,189,189,189,189,189,189,189,189,189,189,189,189,
goal:189,189,189,189,189,189,189,189,189,189,189,189,189,189,189,189,189,189,189,189,189,189,189,189,189,189,189,189,189,189,189,189,189,189,189,189,189,189,189,189,189,189,189,189,189,189,
size:14
[agent] id:26
path:209,177,145,144,144,144,144,144,144,144,144,144,144,144,144,144,144,144,144,144,144,144,144,144,144,144,144,144,144,144,144,144,144,144,144,144,144,144,144,144,144,144,144,144,144,144,
goal:144,144,144,144,144,144,144,144,144,144,144,144,144,144,144,144,144,144,144,144,144,144,144,144,144,144,144,144,144,144,144,144,144,144,144,144,144,144,144,144,144,144,144,144,144,144,
size:3
[agent] id:27
path:504,503,535,534,533,501,500,499,498,497,529,528,527,526,494,493,461,429,397,396,395,394,393,392,391,359,359,359,359,359,359,359,359,359,359,359,359,359,359,359,359,359,359,359,359,359,
goal:359,359,359,359,359,359,359,359,359,359,359,359,359,359,359,359,359,359,359,359,359,359,359,359,359,359,359,359,359,359,359,359,359,359,359,359,359,359,359,359,359,359,359,359,359,359,
size:25
[agent] id:28
path:399,400,401,402,403,435,436,437,405,373,374,375,376,377,378,379,347,315,316,316,316,316,316,316,316,316,316,316,316,316,316,316,316,316,316,316,316,316,316,316,316,316,316,316,316,316,
goal:316,316,316,316,316,316,316,316,316,316,316,316,316,316,316,316,316,316,316,316,316,316,316,316,316,316,316,316,316,316,316,316,316,316,316,316,316,316,316,316,316,316,316,316,316,316,
size:18
[agent] id:29
path:305,304,303,302,301,300,332,364,396,395,394,393,392,424,423,422,421,421,421,421,421,421,421,421,421,421,421,421,421,421,421,421,421,421,421,421,421,421,421,421,421,421,421,421,421,421,
goal:421,421,421,421,421,421,421,421,421,421,421,421,421,421,421,421,421,421,421,421,421,421,421,421,421,421,421,421,421,421,421,421,421,421,421,421,421,421,421,421,421,421,421,421,421,421,
size:16
SolutionCost:680
