[setting] seed:5204
[solver] type:SASB-ECBS
[solver] w:2.000000
[solver] ID:0
[solver] Lowlevelnode:8835
[solver] Highlevelnode:23
[solver] ConflictCount:12
[solver] solved:1
[solver] elapsed:56
[solver] makespan:42
[problem] timesteplimit:15000
[problem] type:MAPF
[problem] agentnum:30
[graph] width:32
[graph] height:32
[graph] filename:./map/32by32_agents10_ex30.map
[task] id:8,start:0,end:0,service time:0,nodes:533,
[task] id:15,start:0,end:0,service time:0,nodes:1012,
[task] id:27,start:0,end:0,service time:0,nodes:399,
[task] id:9,start:0,end:0,service time:0,nodes:913,
[task] id:11,start:0,end:0,service time:0,nodes:460,
[task] id:3,start:0,end:0,service time:0,nodes:535,
[task] id:19,start:0,end:0,service time:0,nodes:345,
[task] id:28,start:0,end:0,service time:0,nodes:898,
[task] id:2,start:0,end:0,service time:0,nodes:33,
[task] id:17,start:0,end:0,service time:0,nodes:231,
[task] id:22,start:0,end:0,service time:0,nodes:627,
[task] id:23,start:0,end:0,service time:0,nodes:78,
[task] id:24,start:0,end:0,service time:0,nodes:1000,
[task] id:29,start:0,end:0,service time:0,nodes:812,
[task] id:13,start:0,end:0,service time:0,nodes:468,
[task] id:6,start:0,end:0,service time:0,nodes:971,
[task] id:4,start:0,end:0,service time:0,nodes:233,
[task] id:12,start:0,end:0,service time:0,nodes:310,
[task] id:20,start:0,end:0,service time:0,nodes:503,
[task] id:21,start:0,end:0,service time:0,nodes:1003,
[task] id:25,start:0,end:0,service time:0,nodes:926,
[task] id:5,start:0,end:0,service time:0,nodes:86,
[task] id:10,start:0,end:0,service time:0,nodes:322,
[task] id:16,start:0,end:0,service time:0,nodes:715,
[task] id:30,start:0,end:0,service time:0,nodes:715,
[task] id:26,start:0,end:0,service time:0,nodes:779,
[task] id:7,start:0,end:0,service time:0,nodes:27,
[task] id:0,start:0,end:0,service time:0,nodes:187,
[task] id:14,start:0,end:0,service time:0,nodes:227,
[task] id:18,start:0,end:0,service time:0,nodes:542,
[task] id:1,start:0,end:0,service time:0,nodes:774,
[agent] id:0
path:878,846,814,782,750,718,686,654,622,590,558,526,527,528,529,497,465,433,401,369,337,305,273,241,209,210,211,212,213,181,182,183,184,185,186,187,187,187,187,187,187,187,187,
goal:187,187,187,187,187,187,187,187,187,187,187,187,187,187,187,187,187,187,187,187,187,187,187,187,187,187,187,187,187,187,187,187,187,187,187,187,187,187,187,187,187,187,187,
size:35
[agent] id:1
path:57,89,121,153,185,217,216,248,280,312,344,376,408,407,439,438,470,469,501,500,499,531,563,562,594,626,658,657,656,655,654,653,652,651,683,682,714,713,745,744,776,775,774,
goal:774,774,774,774,774,774,774,774,774,774,774,774,774,774,774,774,774,774,774,774,774,774,774,774,774,774,774,774,774,774,774,774,774,774,774,774,774,774,774,774,774,774,774,
size:42
[agent] id:2
path:356,357,358,326,294,262,230,229,197,165,133,101,69,68,67,66,65,33,33,33,33,33,33,33,33,33,33,33,33,33,33,33,33,33,33,33,33,33,33,33,33,33,33,
goal:33,33,33,33,33,33,33,33,33,33,33,33,33,33,33,33,33,33,33,33,33,33,33,33,33,33,33,33,33,33,33,33,33,33,33,33,33,33,33,33,33,33,33,
size:17
[agent] id:3
path:342,374,406,407,408,409,441,441,441,473,472,504,536,535,535,535,535,535,535,535,535,535,535,535,535,535,535,535,535,535,535,535,535,535,535,535,535,535,535,535,535,535,535,
goal:535,535,535,535,535,535,535,535,535,535,535,535,535,535,535,535,535,535,535,535,535,535,535,535,535,535,535,535,535,535,535,535,535,535,535,535,535,535,535,535,535,535,535,
size:13
[agent] id:4
path:814,782,750,718,686,654,622,590,558,526,494,493,461,429,397,396,364,332,300,268,236,235,234,233,233,233,233,233,233,233,233,233,233,233,233,233,233,233,233,233,233,233,233,
goal:233,233,233,233,233,233,233,233,233,233,233,233,233,233,233,233,233,233,233,233,233,233,233,233,233,233,233,233,233,233,233,233,233,233,233,233,233,233,233,233,233,233,233,
size:23
[agent] id:5
path:555,556,557,558,559,560,561,529,497,465,433,401,369,337,305,273,241,209,177,145,113,81,49,50,51,52,53,54,86,86,86,86,86,86,86,86,86,86,86,86,86,86,86,
goal:86,86,86,86,86,86,86,86,86,86,86,86,86,86,86,86,86,86,86,86,86,86,86,86,86,86,86,86,86,86,86,86,86,86,86,86,86,86,86,86,86,86,86,
size:28
[agent] id:6
path:456,457,489,521,553,552,584,616,648,680,712,744,776,808,840,872,904,936,937,969,970,971,971,971,971,971,971,971,971,971,971,971,971,971,971,971,971,971,971,971,971,971,971,
goal:971,971,971,971,971,971,971,971,971,971,971,971,971,971,971,971,971,971,971,971,971,971,971,971,971,971,971,971,971,971,971,971,971,971,971,971,971,971,971,971,971,971,971,
size:21
[agent] id:7
path:735,703,671,639,607,606,605,604,603,602,570,538,537,536,504,472,473,441,409,377,376,344,312,280,248,216,184,152,120,88,56,24,25,26,27,27,27,27,27,27,27,27,27,
goal:27,27,27,27,27,27,27,27,27,27,27,27,27,27,27,27,27,27,27,27,27,27,27,27,27,27,27,27,27,27,27,27,27,27,27,27,27,27,27,27,27,27,27,
size:34
[agent] id:8
path:474,473,472,504,536,535,534,533,533,533,533,533,533,533,533,533,533,533,533,533,533,533,533,533,533,533,533,533,533,533,533,533,533,533,533,533,533,533,533,533,533,533,533,
goal:533,533,533,533,533,533,533,533,533,533,533,533,533,533,533,533,533,533,533,533,533,533,533,533,533,533,533,533,533,533,533,533,533,533,533,533,533,533,533,533,533,533,533,
size:7
[agent] id:9
path:693,725,724,723,755,754,786,818,850,882,914,913,913,913,913,913,913,913,913,913,913,913,913,913,913,913,913,913,913,913,913,913,913,913,913,913,913,913,913,913,913,913,913,
goal:913,913,913,913,913,913,913,913,913,913,913,913,913,913,913,913,913,913,913,913,913,913,913,913,913,913,913,913,913,913,913,913,913,913,913,913,913,913,913,913,913,913,913,
size:11
[agent] id:10
path:18,50,82,114,146,145,144,143,142,174,206,205,204,203,202,201,200,199,167,166,165,197,229,261,260,259,258,290,322,322,322,322,322,322,322,322,322,322,322,322,322,322,322,
goal:322,322,322,322,322,322,322,322,322,322,322,322,322,322,322,322,322,322,322,322,322,322,322,322,322,322,322,322,322,322,322,322,322,322,322,322,322,322,322,322,322,322,322,
size:28
[agent] id:11
path:435,467,466,465,497,529,528,527,526,494,493,461,460,460,460,460,460,460,460,460,460,460,460,460,460,460,460,460,460,460,460,460,460,460,460,460,460,460,460,460,460,460,460,
goal:460,460,460,460,460,460,460,460,460,460,460,460,460,460,460,460,460,460,460,460,460,460,460,460,460,460,460,460,460,460,460,460,460,460,460,460,460,460,460,460,460,460,460,
size:12
[agent] id:12
path:551,552,553,554,522,490,458,426,394,395,396,364,332,300,301,302,303,304,305,306,307,308,309,310,310,310,310,310,310,310,310,310,310,310,310,310,310,310,310,310,310,310,310,
goal:310,310,310,310,310,310,310,310,310,310,310,310,310,310,310,310,310,310,310,310,310,310,310,310,310,310,310,310,310,310,310,310,310,310,310,310,310,310,310,310,310,310,310,
size:23
[agent] id:13
path:45,77,78,110,142,174,206,207,239,271,303,304,336,368,400,432,464,465,466,467,468,468,468,468,468,468,468,468,468,468,468,468,468,468,468,468,468,468,468,468,468,468,468,
goal:468,468,468,468,468,468,468,468,468,468,468,468,468,468,468,468,468,468,468,468,468,468,468,468,468,468,468,468,468,468,468,468,468,468,468,468,468,468,468,468,468,468,468,
size:20
[agent] id:14
path:729,697,696,664,632,631,630,629,628,627,626,594,593,561,560,528,527,526,494,493,461,429,397,396,395,394,393,392,391,359,358,326,294,262,230,229,228,227,227,227,227,227,227,
goal:227,227,227,227,227,227,227,227,227,227,227,227,227,227,227,227,227,227,227,227,227,227,227,227,227,227,227,227,227,227,227,227,227,227,227,227,227,227,227,227,227,227,227,
size:37
[agent] id:15
path:922,921,920,919,918,950,949,948,980,1012,1012,1012,1012,1012,1012,1012,1012,1012,1012,1012,1012,1012,1012,1012,1012,1012,1012,1012,1012,1012,1012,1012,1012,1012,1012,1012,1012,1012,1012,1012,1012,1012,1012,
goal:1012,1012,1012,1012,1012,1012,1012,1012,1012,1012,1012,1012,1012,1012,1012,1012,1012,1012,1012,1012,1012,1012,1012,1012,1012,1012,1012,1012,1012,1012,1012,1012,1012,1012,1012,1012,1012,1012,1012,1012,1012,1012,1012,
size:9
[agent] id:16
path:412,380,379,378,410,442,474,473,472,504,536,535,567,599,631,663,662,661,693,692,691,690,689,688,687,686,718,717,716,715,714,715,715,715,715,715,715,715,715,715,715,715,715,
goal:715,715,715,715,715,715,715,715,715,715,715,715,715,715,715,715,715,715,715,715,715,715,715,715,715,715,715,715,715,715,715,715,715,715,715,715,715,715,715,715,715,715,715,
size:31
[agent] id:17
path:211,243,242,241,240,239,271,270,269,268,236,204,203,202,201,200,199,231,231,231,231,231,231,231,231,231,231,231,231,231,231,231,231,231,231,231,231,231,231,231,231,231,231,
goal:231,231,231,231,231,231,231,231,231,231,231,231,231,231,231,231,231,231,231,231,231,231,231,231,231,231,231,231,231,231,231,231,231,231,231,231,231,231,231,231,231,231,231,
size:17
[agent] id:18
path:11,12,44,45,77,78,110,142,174,206,207,239,271,303,304,336,368,400,432,464,465,497,498,499,531,563,564,596,628,629,630,631,632,633,634,602,603,604,605,573,574,542,542,
goal:542,542,542,542,542,542,542,542,542,542,542,542,542,542,542,542,542,542,542,542,542,542,542,542,542,542,542,542,542,542,542,542,542,542,542,542,542,542,542,542,542,542,542,
size:41
[agent] id:19
path:400,368,336,337,305,306,307,308,309,310,311,312,344,345,345,345,345,345,345,345,345,345,345,345,345,345,345,345,345,345,345,345,345,345,345,345,345,345,345,345,345,345,345,
goal:345,345,345,345,345,345,345,345,345,345,345,345,345,345,345,345,345,345,345,345,345,345,345,345,345,345,345,345,345,345,345,345,345,345,345,345,345,345,345,345,345,345,345,
size:13
[agent] id:20
path:716,717,685,653,654,655,656,657,658,659,660,661,662,663,664,632,633,634,602,570,538,537,536,504,503,503,503,503,503,503,503,503,503,503,503,503,503,503,503,503,503,503,503,
goal:503,503,503,503,503,503,503,503,503,503,503,503,503,503,503,503,503,503,503,503,503,503,503,503,503,503,503,503,503,503,503,503,503,503,503,503,503,503,503,503,503,503,503,
size:24
[agent] id:21
path:991,990,989,988,987,986,985,984,983,982,950,949,948,980,979,978,946,945,944,943,942,974,1006,1005,1004,1003,1003,1003,1003,1003,1003,1003,1003,1003,1003,1003,1003,1003,1003,1003,1003,1003,1003,
goal:1003,1003,1003,1003,1003,1003,1003,1003,1003,1003,1003,1003,1003,1003,1003,1003,1003,1003,1003,1003,1003,1003,1003,1003,1003,1003,1003,1003,1003,1003,1003,1003,1003,1003,1003,1003,1003,1003,1003,1003,1003,1003,1003,
size:25
[agent] id:22
path:874,842,810,778,779,747,715,683,651,652,653,654,655,656,657,658,626,627,627,627,627,627,627,627,627,627,627,627,627,627,627,627,627,627,627,627,627,627,627,627,627,627,627,
goal:627,627,627,627,627,627,627,627,627,627,627,627,627,627,627,627,627,627,627,627,627,627,627,627,627,627,627,627,627,627,627,627,627,627,627,627,627,627,627,627,627,627,627,
size:17
[agent] id:23
path:405,373,341,309,277,245,213,212,211,210,178,146,114,82,81,80,79,78,78,78,78,78,78,78,78,78,78,78,78,78,78,78,78,78,78,78,78,78,78,78,78,78,78,
goal:78,78,78,78,78,78,78,78,78,78,78,78,78,78,78,78,78,78,78,78,78,78,78,78,78,78,78,78,78,78,78,78,78,78,78,78,78,78,78,78,78,78,78,
size:17
[agent] id:24
path:850,882,914,946,945,944,943,942,941,940,939,938,937,936,935,967,999,1000,1000,1000,1000,1000,1000,1000,1000,1000,1000,1000,1000,1000,1000,1000,1000,1000,1000,1000,1000,1000,1000,1000,1000,1000,1000,
goal:1000,1000,1000,1000,1000,1000,1000,1000,1000,1000,1000,1000,1000,1000,1000,1000,1000,1000,1000,1000,1000,1000,1000,1000,1000,1000,1000,1000,1000,1000,1000,1000,1000,1000,1000,1000,1000,1000,1000,1000,1000,1000,1000,
size:17
[agent] id:25
path:413,414,446,478,477,509,508,540,539,571,603,635,667,699,700,701,733,765,797,798,830,831,863,895,927,926,926,926,926,926,926,926,926,926,926,926,926,926,926,926,926,926,926,
goal:926,926,926,926,926,926,926,926,926,926,926,926,926,926,926,926,926,926,926,926,926,926,926,926,926,926,926,926,926,926,926,926,926,926,926,926,926,926,926,926,926,926,926,
size:25
[agent] id:26
path:316,348,380,379,378,410,442,474,473,472,504,536,535,567,599,631,663,662,661,693,692,691,690,689,688,687,686,718,717,716,715,747,779,779,779,779,779,779,779,779,779,779,779,
goal:779,779,779,779,779,779,779,779,779,779,779,779,779,779,779,779,779,779,779,779,779,779,779,779,779,779,779,779,779,779,779,779,779,779,779,779,779,779,779,779,779,779,779,
size:32
[agent] id:27
path:203,235,236,268,300,301,302,334,366,367,399,399,399,399,399,399,399,399,399,399,399,399,399,399,399,399,399,399,399,399,399,399,399,399,399,399,399,399,399,399,399,399,399,
goal:399,399,399,399,399,399,399,399,399,399,399,399,399,399,399,399,399,399,399,399,399,399,399,399,399,399,399,399,399,399,399,399,399,399,399,399,399,399,399,399,399,399,399,
size:10
[agent] id:28
path:550,582,614,646,678,710,742,774,806,838,870,902,901,900,899,898,898,898,898,898,898,898,898,898,898,898,898,898,898,898,898,898,898,898,898,898,898,898,898,898,898,898,898,
goal:898,898,898,898,898,898,898,898,898,898,898,898,898,898,898,898,898,898,898,898,898,898,898,898,898,898,898,898,898,898,898,898,898,898,898,898,898,898,898,898,898,898,898,
size:15
[agent] id:29
path:452,484,516,548,549,550,582,614,646,678,710,742,774,806,807,808,809,810,811,812,812,812,812,812,812,812,812,812,812,812,812,812,812,812,812,812,812,812,812,812,812,812,812,
goal:812,812,812,812,812,812,812,812,812,812,812,812,812,812,812,812,812,812,812,812,812,812,812,812,812,812,812,812,812,812,812,812,812,812,812,812,812,812,812,812,812,812,812,
size:19
SolutionCost:663
