[setting] seed:11846
[solver] type:SASB-ECBS
[solver] w:2.000000
[solver] ID:0
[solver] Lowlevelnode:10301
[solver] Highlevelnode:31
[solver] ConflictCount:16
[solver] solved:1
[solver] elapsed:59
[solver] makespan:44
[problem] timesteplimit:15000
[problem] type:MAPF
[problem] agentnum:30
[graph] width:32
[graph] height:32
[graph] filename:./map/32by32_agents10_ex30.map
[task] id:17,start:0,end:0,service time:0,nodes:794,
[task] id:22,start:0,end:0,service time:0,nodes:707,
[task] id:26,start:0,end:0,service time:0,nodes:527,
[task] id:27,start:0,end:0,service time:0,nodes:616,
[task] id:18,start:0,end:0,service time:0,nodes:887,
[task] id:7,start:0,end:0,service time:0,nodes:711,
[task] id:3,start:0,end:0,service time:0,nodes:266,
[task] id:20,start:0,end:0,service time:0,nodes:548,
[task] id:25,start:0,end:0,service time:0,nodes:454,
[task] id:28,start:0,end:0,service time:0,nodes:791,
[task] id:0,start:0,end:0,service time:0,nodes:341,
[task] id:2,start:0,end:0,service time:0,nodes:482,
[task] id:1,start:0,end:0,service time:0,nodes:356,
[task] id:12,start:0,end:0,service time:0,nodes:892,
[task] id:11,start:0,end:0,service time:0,nodes:678,
[task] id:19,start:0,end:0,service time:0,nodes:144,
[task] id:4,start:0,end:0,service time:0,nodes:934,
[task] id:21,start:0,end:0,service time:0,nodes:263,
[task] id:10,start:0,end:0,service time:0,nodes:823,
[task] id:23,start:0,end:0,service time:0,nodes:697,
[task] id:15,start:0,end:0,service time:0,nodes:942,
[task] id:8,start:0,end:0,service time:0,nodes:779,
[task] id:6,start:0,end:0,service time:0,nodes:898,
[task] id:9,start:0,end:0,service time:0,nodes:75,
[task] id:16,start:0,end:0,service time:0,nodes:133,
[task] id:5,start:0,end:0,service time:0,nodes:988,
[task] id:13,start:0,end:0,service time:0,nodes:866,
[task] id:14,start:0,end:0,service time:0,nodes:990,
[task] id:29,start:0,end:0,service time:0,nodes:101,
[task] id:24,start:0,end:0,service time:0,nodes:62,
[agent] id:0
path:522,554,555,556,557,558,559,560,561,562,530,498,466,434,435,436,437,405,373,341,341,341,341,341,341,341,341,341,341,341,341,341,341,341,341,341,341,341,341,341,341,341,341,341,341,
goal:341,341,341,341,341,341,341,341,341,341,341,341,341,341,341,341,341,341,341,341,341,341,341,341,341,341,341,341,341,341,341,341,341,341,341,341,341,341,341,341,341,341,341,341,341,
size:19
[agent] id:1
path:309,308,307,306,305,304,303,302,301,300,332,364,396,395,394,393,392,391,359,358,357,356,356,356,356,356,356,356,356,356,356,356,356,356,356,356,356,356,356,356,356,356,356,356,356,
goal:356,356,356,356,356,356,356,356,356,356,356,356,356,356,356,356,356,356,356,356,356,356,356,356,356,356,356,356,356,356,356,356,356,356,356,356,356,356,356,356,356,356,356,356,356,
size:21
[agent] id:2
path:961,929,930,898,866,867,835,803,771,739,738,706,705,673,641,609,577,545,513,514,482,482,482,482,482,482,482,482,482,482,482,482,482,482,482,482,482,482,482,482,482,482,482,482,482,
goal:482,482,482,482,482,482,482,482,482,482,482,482,482,482,482,482,482,482,482,482,482,482,482,482,482,482,482,482,482,482,482,482,482,482,482,482,482,482,482,482,482,482,482,482,482,
size:20
[agent] id:3
path:526,525,493,461,429,428,428,396,364,332,331,299,300,268,236,235,234,266,266,266,266,266,266,266,266,266,266,266,266,266,266,266,266,266,266,266,266,266,266,266,266,266,266,266,266,
goal:266,266,266,266,266,266,266,266,266,266,266,266,266,266,266,266,266,266,266,266,266,266,266,266,266,266,266,266,266,266,266,266,266,266,266,266,266,266,266,266,266,266,266,266,266,
size:17
[agent] id:4
path:793,825,824,823,855,887,886,885,884,883,915,914,946,945,944,943,942,941,940,939,938,937,936,935,934,934,934,934,934,934,934,934,934,934,934,934,934,934,934,934,934,934,934,934,934,
goal:934,934,934,934,934,934,934,934,934,934,934,934,934,934,934,934,934,934,934,934,934,934,934,934,934,934,934,934,934,934,934,934,934,934,934,934,934,934,934,934,934,934,934,934,934,
size:24
[agent] id:5
path:241,273,305,337,369,401,433,465,497,529,561,593,594,626,658,690,722,754,786,818,850,882,883,884,885,886,918,950,982,983,984,985,986,987,988,988,988,988,988,988,988,988,988,988,988,
goal:988,988,988,988,988,988,988,988,988,988,988,988,988,988,988,988,988,988,988,988,988,988,988,988,988,988,988,988,988,988,988,988,988,988,988,988,988,988,988,988,988,988,988,988,988,
size:34
[agent] id:6
path:234,233,201,200,199,231,263,262,294,326,358,390,422,454,486,518,550,582,614,646,678,710,742,774,806,838,870,902,901,900,899,898,898,898,898,898,898,898,898,898,898,898,898,898,898,
goal:898,898,898,898,898,898,898,898,898,898,898,898,898,898,898,898,898,898,898,898,898,898,898,898,898,898,898,898,898,898,898,898,898,898,898,898,898,898,898,898,898,898,898,898,898,
size:31
[agent] id:7
path:752,720,688,687,686,718,717,716,715,714,713,712,711,711,711,711,711,711,711,711,711,711,711,711,711,711,711,711,711,711,711,711,711,711,711,711,711,711,711,711,711,711,711,711,711,
goal:711,711,711,711,711,711,711,711,711,711,711,711,711,711,711,711,711,711,711,711,711,711,711,711,711,711,711,711,711,711,711,711,711,711,711,711,711,711,711,711,711,711,711,711,711,
size:12
[agent] id:8
path:10,42,74,106,138,139,171,203,235,236,268,300,332,364,396,428,460,461,493,525,557,589,621,653,685,717,716,715,747,779,779,779,779,779,779,779,779,779,779,779,779,779,779,779,779,
goal:779,779,779,779,779,779,779,779,779,779,779,779,779,779,779,779,779,779,779,779,779,779,779,779,779,779,779,779,779,779,779,779,779,779,779,779,779,779,779,779,779,779,779,779,779,
size:29
[agent] id:9
path:633,632,600,599,567,535,534,533,501,469,437,405,373,341,309,308,307,306,274,242,241,240,239,207,206,174,173,172,140,139,107,75,75,75,75,75,75,75,75,75,75,75,75,75,75,
goal:75,75,75,75,75,75,75,75,75,75,75,75,75,75,75,75,75,75,75,75,75,75,75,75,75,75,75,75,75,75,75,75,75,75,75,75,75,75,75,75,75,75,75,75,75,
size:31
[agent] id:10
path:552,584,616,648,649,650,651,652,653,685,686,687,688,720,721,722,723,724,725,757,758,759,760,792,824,823,823,823,823,823,823,823,823,823,823,823,823,823,823,823,823,823,823,823,823,
goal:823,823,823,823,823,823,823,823,823,823,823,823,823,823,823,823,823,823,823,823,823,823,823,823,823,823,823,823,823,823,823,823,823,823,823,823,823,823,823,823,823,823,823,823,823,
size:25
[agent] id:11
path:107,139,171,203,202,201,200,199,231,263,262,294,326,358,390,422,454,486,518,550,582,614,646,678,678,678,678,678,678,678,678,678,678,678,678,678,678,678,678,678,678,678,678,678,678,
goal:678,678,678,678,678,678,678,678,678,678,678,678,678,678,678,678,678,678,678,678,678,678,678,678,678,678,678,678,678,678,678,678,678,678,678,678,678,678,678,678,678,678,678,678,678,
size:23
[agent] id:12
path:623,655,656,688,720,721,722,723,724,725,757,758,759,791,792,793,825,857,858,859,860,892,892,892,892,892,892,892,892,892,892,892,892,892,892,892,892,892,892,892,892,892,892,892,892,
goal:892,892,892,892,892,892,892,892,892,892,892,892,892,892,892,892,892,892,892,892,892,892,892,892,892,892,892,892,892,892,892,892,892,892,892,892,892,892,892,892,892,892,892,892,892,
size:21
[agent] id:13
path:473,472,504,536,535,534,566,598,630,662,661,693,692,691,723,755,754,786,818,850,849,848,847,846,845,844,843,842,841,840,839,838,837,836,835,867,866,866,866,866,866,866,866,866,866,
goal:866,866,866,866,866,866,866,866,866,866,866,866,866,866,866,866,866,866,866,866,866,866,866,866,866,866,866,866,866,866,866,866,866,866,866,866,866,866,866,866,866,866,866,866,866,
size:36
[agent] id:14
path:144,176,177,209,241,273,305,337,369,401,433,465,497,529,561,593,594,626,658,690,722,723,724,725,757,758,759,760,792,824,825,857,858,859,860,861,893,925,957,989,990,990,990,990,990,
goal:990,990,990,990,990,990,990,990,990,990,990,990,990,990,990,990,990,990,990,990,990,990,990,990,990,990,990,990,990,990,990,990,990,990,990,990,990,990,990,990,990,990,990,990,990,
size:40
[agent] id:15
path:574,606,605,637,669,701,700,699,731,730,729,728,760,792,824,823,855,854,886,885,884,883,915,914,946,945,944,943,942,942,942,942,942,942,942,942,942,942,942,942,942,942,942,942,942,
goal:942,942,942,942,942,942,942,942,942,942,942,942,942,942,942,942,942,942,942,942,942,942,942,942,942,942,942,942,942,942,942,942,942,942,942,942,942,942,942,942,942,942,942,942,942,
size:28
[agent] id:16
path:94,93,92,91,90,89,88,87,86,54,53,52,84,83,115,114,146,145,144,143,142,174,173,172,140,139,138,137,136,135,134,133,133,133,133,133,133,133,133,133,133,133,133,133,133,
goal:133,133,133,133,133,133,133,133,133,133,133,133,133,133,133,133,133,133,133,133,133,133,133,133,133,133,133,133,133,133,133,133,133,133,133,133,133,133,133,133,133,133,133,133,133,
size:31
[agent] id:17
path:795,794,794,794,794,794,794,794,794,794,794,794,794,794,794,794,794,794,794,794,794,794,794,794,794,794,794,794,794,794,794,794,794,794,794,794,794,794,794,794,794,794,794,794,794,
goal:794,794,794,794,794,794,794,794,794,794,794,794,794,794,794,794,794,794,794,794,794,794,794,794,794,794,794,794,794,794,794,794,794,794,794,794,794,794,794,794,794,794,794,794,794,
size:1
[agent] id:18
path:845,846,847,848,849,850,851,852,853,885,886,887,887,887,887,887,887,887,887,887,887,887,887,887,887,887,887,887,887,887,887,887,887,887,887,887,887,887,887,887,887,887,887,887,887,
goal:887,887,887,887,887,887,887,887,887,887,887,887,887,887,887,887,887,887,887,887,887,887,887,887,887,887,887,887,887,887,887,887,887,887,887,887,887,887,887,887,887,887,887,887,887,
size:11
[agent] id:19
path:358,326,294,262,230,229,197,165,133,134,135,136,137,138,139,171,172,173,174,142,110,142,143,144,144,144,144,144,144,144,144,144,144,144,144,144,144,144,144,144,144,144,144,144,144,
goal:144,144,144,144,144,144,144,144,144,144,144,144,144,144,144,144,144,144,144,144,144,144,144,144,144,144,144,144,144,144,144,144,144,144,144,144,144,144,144,144,144,144,144,144,144,
size:23
[agent] id:20
path:875,843,811,779,747,715,683,651,650,649,648,647,615,583,551,550,549,548,548,548,548,548,548,548,548,548,548,548,548,548,548,548,548,548,548,548,548,548,548,548,548,548,548,548,548,
goal:548,548,548,548,548,548,548,548,548,548,548,548,548,548,548,548,548,548,548,548,548,548,548,548,548,548,548,548,548,548,548,548,548,548,548,548,548,548,548,548,548,548,548,548,548,
size:17
[agent] id:21
path:153,185,217,216,215,214,213,212,211,243,242,241,240,239,207,206,205,204,203,202,201,200,199,231,263,263,263,263,263,263,263,263,263,263,263,263,263,263,263,263,263,263,263,263,263,
goal:263,263,263,263,263,263,263,263,263,263,263,263,263,263,263,263,263,263,263,263,263,263,263,263,263,263,263,263,263,263,263,263,263,263,263,263,263,263,263,263,263,263,263,263,263,
size:24
[agent] id:22
path:802,770,738,706,707,707,707,707,707,707,707,707,707,707,707,707,707,707,707,707,707,707,707,707,707,707,707,707,707,707,707,707,707,707,707,707,707,707,707,707,707,707,707,707,707,
goal:707,707,707,707,707,707,707,707,707,707,707,707,707,707,707,707,707,707,707,707,707,707,707,707,707,707,707,707,707,707,707,707,707,707,707,707,707,707,707,707,707,707,707,707,707,
size:4
[agent] id:23
path:485,517,518,519,551,552,553,554,555,556,557,589,621,653,654,655,656,657,657,658,659,660,661,662,663,695,696,697,697,697,697,697,697,697,697,697,697,697,697,697,697,697,697,697,697,
goal:697,697,697,697,697,697,697,697,697,697,697,697,697,697,697,697,697,697,697,697,697,697,697,697,697,697,697,697,697,697,697,697,697,697,697,697,697,697,697,697,697,697,697,697,697,
size:27
[agent] id:24
path:421,389,390,358,326,294,262,230,230,231,199,200,201,202,203,204,236,268,269,270,271,303,304,305,273,241,209,210,211,212,213,181,182,150,151,119,87,88,89,90,91,92,60,61,62,
goal:62,62,62,62,62,62,62,62,62,62,62,62,62,62,62,62,62,62,62,62,62,62,62,62,62,62,62,62,62,62,62,62,62,62,62,62,62,62,62,62,62,62,62,62,62,
size:44
[agent] id:25
path:810,809,808,776,744,712,680,648,647,615,583,551,519,518,517,485,453,453,454,454,454,454,454,454,454,454,454,454,454,454,454,454,454,454,454,454,454,454,454,454,454,454,454,454,454,
goal:454,454,454,454,454,454,454,454,454,454,454,454,454,454,454,454,454,454,454,454,454,454,454,454,454,454,454,454,454,454,454,454,454,454,454,454,454,454,454,454,454,454,454,454,454,
size:18
[agent] id:26
path:589,557,525,526,527,527,527,527,527,527,527,527,527,527,527,527,527,527,527,527,527,527,527,527,527,527,527,527,527,527,527,527,527,527,527,527,527,527,527,527,527,527,527,527,527,
goal:527,527,527,527,527,527,527,527,527,527,527,527,527,527,527,527,527,527,527,527,527,527,527,527,527,527,527,527,527,527,527,527,527,527,527,527,527,527,527,527,527,527,527,527,527,
size:4
[agent] id:27
path:516,548,549,550,582,614,615,616,616,616,616,616,616,616,616,616,616,616,616,616,616,616,616,616,616,616,616,616,616,616,616,616,616,616,616,616,616,616,616,616,616,616,616,616,616,
goal:616,616,616,616,616,616,616,616,616,616,616,616,616,616,616,616,616,616,616,616,616,616,616,616,616,616,616,616,616,616,616,616,616,616,616,616,616,616,616,616,616,616,616,616,616,
size:7
[agent] id:28
path:494,526,558,590,622,654,686,687,688,720,721,722,723,724,725,757,758,759,791,791,791,791,791,791,791,791,791,791,791,791,791,791,791,791,791,791,791,791,791,791,791,791,791,791,791,
goal:791,791,791,791,791,791,791,791,791,791,791,791,791,791,791,791,791,791,791,791,791,791,791,791,791,791,791,791,791,791,791,791,791,791,791,791,791,791,791,791,791,791,791,791,791,
size:18
[agent] id:29
path:698,697,696,664,632,600,599,567,535,534,533,501,469,437,405,373,341,309,308,307,306,274,242,241,240,239,207,206,174,173,172,140,139,138,137,136,135,103,71,70,69,101,101,101,101,
goal:101,101,101,101,101,101,101,101,101,101,101,101,101,101,101,101,101,101,101,101,101,101,101,101,101,101,101,101,101,101,101,101,101,101,101,101,101,101,101,101,101,101,101,101,101,
size:41
SolutionCost:681
