[setting] seed:617
[solver] type:SASB-ECBS
[solver] w:2.000000
[solver] ID:0
[solver] Lowlevelnode:9335
[solver] Highlevelnode:29
[solver] ConflictCount:15
[solver] solved:1
[solver] elapsed:63
[solver] makespan:49
[problem] timesteplimit:15000
[problem] type:MAPF
[problem] agentnum:30
[graph] width:32
[graph] height:32
[graph] filename:./map/32by32_agents10_ex30.map
[task] id:21,start:0,end:0,service time:0,nodes:478,
[task] id:5,start:0,end:0,service time:0,nodes:332,
[task] id:13,start:0,end:0,service time:0,nodes:310,
[task] id:10,start:0,end:0,service time:0,nodes:218,
[task] id:22,start:0,end:0,service time:0,nodes:308,
[task] id:14,start:0,end:0,service time:0,nodes:309,
[task] id:26,start:0,end:0,service time:0,nodes:745,
[task] id:0,start:0,end:0,service time:0,nodes:962,
[task] id:25,start:0,end:0,service time:0,nodes:878,
[task] id:16,start:0,end:0,service time:0,nodes:650,
[task] id:23,start:0,end:0,service time:0,nodes:652,
[task] id:1,start:0,end:0,service time:0,nodes:359,
[task] id:15,start:0,end:0,service time:0,nodes:228,
[task] id:6,start:0,end:0,service time:0,nodes:870,
[task] id:11,start:0,end:0,service time:0,nodes:818,
[task] id:19,start:0,end:0,service time:0,nodes:945,
[task] id:20,start:0,end:0,service time:0,nodes:603,
[task] id:29,start:0,end:0,service time:0,nodes:215,
[task] id:3,start:0,end:0,service time:0,nodes:142,
[task] id:17,start:0,end:0,service time:0,nodes:83,
[task] id:28,start:0,end:0,service time:0,nodes:682,
[task] id:4,start:0,end:0,service time:0,nodes:561,
[task] id:9,start:0,end:0,service time:0,nodes:564,
[task] id:12,start:0,end:0,service time:0,nodes:95,
[task] id:7,start:0,end:0,service time:0,nodes:866,
[task] id:8,start:0,end:0,service time:0,nodes:144,
[task] id:18,start:0,end:0,service time:0,nodes:78,
[task] id:24,start:0,end:0,service time:0,nodes:792,
[task] id:2,start:0,end:0,service time:0,nodes:904,
[task] id:27,start:0,end:0,service time:0,nodes:92,
[agent] id:0
path:640,641,673,705,737,738,770,802,803,835,867,899,931,963,962,962,962,962,962,962,962,962,962,962,962,962,962,962,962,962,962,962,962,962,962,962,962,962,962,962,962,962,962,962,962,962,962,962,962,962,
goal:962,962,962,962,962,962,962,962,962,962,962,962,962,962,962,962,962,962,962,962,962,962,962,962,962,962,962,962,962,962,962,962,962,962,962,962,962,962,962,962,962,962,962,962,962,962,962,962,962,962,
size:14
[agent] id:1
path:77,78,110,142,174,206,205,204,203,202,201,200,199,231,263,262,294,326,358,359,359,359,359,359,359,359,359,359,359,359,359,359,359,359,359,359,359,359,359,359,359,359,359,359,359,359,359,359,359,359,
goal:359,359,359,359,359,359,359,359,359,359,359,359,359,359,359,359,359,359,359,359,359,359,359,359,359,359,359,359,359,359,359,359,359,359,359,359,359,359,359,359,359,359,359,359,359,359,359,359,359,359,
size:19
[agent] id:2
path:58,90,122,121,153,185,184,183,215,214,213,212,211,243,242,274,306,306,306,305,337,369,401,433,465,497,529,561,593,592,591,623,655,687,686,718,750,782,814,846,845,844,843,842,841,840,872,904,904,904,
goal:904,904,904,904,904,904,904,904,904,904,904,904,904,904,904,904,904,904,904,904,904,904,904,904,904,904,904,904,904,904,904,904,904,904,904,904,904,904,904,904,904,904,904,904,904,904,904,904,904,904,
size:47
[agent] id:3
path:551,519,487,486,454,422,390,358,326,294,262,230,229,197,165,133,134,135,136,137,138,139,171,172,173,174,142,142,142,142,142,142,142,142,142,142,142,142,142,142,142,142,142,142,142,142,142,142,142,142,
goal:142,142,142,142,142,142,142,142,142,142,142,142,142,142,142,142,142,142,142,142,142,142,142,142,142,142,142,142,142,142,142,142,142,142,142,142,142,142,142,142,142,142,142,142,142,142,142,142,142,142,
size:26
[agent] id:4
path:192,193,225,257,258,290,322,354,355,356,357,389,421,453,485,517,549,550,551,552,553,554,555,556,557,558,559,560,561,561,561,561,561,561,561,561,561,561,561,561,561,561,561,561,561,561,561,561,561,561,
goal:561,561,561,561,561,561,561,561,561,561,561,561,561,561,561,561,561,561,561,561,561,561,561,561,561,561,561,561,561,561,561,561,561,561,561,561,561,561,561,561,561,561,561,561,561,561,561,561,561,561,
size:28
[agent] id:5
path:390,391,392,393,394,395,396,364,332,332,332,332,332,332,332,332,332,332,332,332,332,332,332,332,332,332,332,332,332,332,332,332,332,332,332,332,332,332,332,332,332,332,332,332,332,332,332,332,332,332,
goal:332,332,332,332,332,332,332,332,332,332,332,332,332,332,332,332,332,332,332,332,332,332,332,332,332,332,332,332,332,332,332,332,332,332,332,332,332,332,332,332,332,332,332,332,332,332,332,332,332,332,
size:8
[agent] id:6
path:950,918,886,885,884,883,882,881,880,879,878,877,876,875,874,842,841,840,872,871,870,870,870,870,870,870,870,870,870,870,870,870,870,870,870,870,870,870,870,870,870,870,870,870,870,870,870,870,870,870,
goal:870,870,870,870,870,870,870,870,870,870,870,870,870,870,870,870,870,870,870,870,870,870,870,870,870,870,870,870,870,870,870,870,870,870,870,870,870,870,870,870,870,870,870,870,870,870,870,870,870,870,
size:20
[agent] id:7
path:336,368,400,432,464,465,497,529,561,593,592,591,623,655,687,686,718,750,782,814,846,845,844,843,842,841,840,839,838,837,836,835,867,866,866,866,866,866,866,866,866,866,866,866,866,866,866,866,866,866,
goal:866,866,866,866,866,866,866,866,866,866,866,866,866,866,866,866,866,866,866,866,866,866,866,866,866,866,866,866,866,866,866,866,866,866,866,866,866,866,866,866,866,866,866,866,866,866,866,866,866,866,
size:33
[agent] id:8
path:843,811,779,747,715,683,651,619,620,621,589,557,525,526,527,528,529,497,498,466,434,402,402,402,401,369,337,305,273,241,209,177,145,144,144,144,144,144,144,144,144,144,144,144,144,144,144,144,144,144,
goal:144,144,144,144,144,144,144,144,144,144,144,144,144,144,144,144,144,144,144,144,144,144,144,144,144,144,144,144,144,144,144,144,144,144,144,144,144,144,144,144,144,144,144,144,144,144,144,144,144,144,
size:33
[agent] id:9
path:866,867,835,803,771,739,707,708,676,644,612,613,614,582,550,551,552,553,554,555,556,557,558,559,560,561,562,563,564,564,564,564,564,564,564,564,564,564,564,564,564,564,564,564,564,564,564,564,564,564,
goal:564,564,564,564,564,564,564,564,564,564,564,564,564,564,564,564,564,564,564,564,564,564,564,564,564,564,564,564,564,564,564,564,564,564,564,564,564,564,564,564,564,564,564,564,564,564,564,564,564,564,
size:28
[agent] id:10
path:341,309,277,245,213,214,215,216,217,218,218,218,218,218,218,218,218,218,218,218,218,218,218,218,218,218,218,218,218,218,218,218,218,218,218,218,218,218,218,218,218,218,218,218,218,218,218,218,218,218,
goal:218,218,218,218,218,218,218,218,218,218,218,218,218,218,218,218,218,218,218,218,218,218,218,218,218,218,218,218,218,218,218,218,218,218,218,218,218,218,218,218,218,218,218,218,218,218,218,218,218,218,
size:9
[agent] id:11
path:308,308,309,341,373,405,437,469,501,533,565,597,629,661,693,725,724,723,755,754,786,818,818,818,818,818,818,818,818,818,818,818,818,818,818,818,818,818,818,818,818,818,818,818,818,818,818,818,818,818,
goal:818,818,818,818,818,818,818,818,818,818,818,818,818,818,818,818,818,818,818,818,818,818,818,818,818,818,818,818,818,818,818,818,818,818,818,818,818,818,818,818,818,818,818,818,818,818,818,818,818,818,
size:21
[agent] id:12
path:791,759,727,695,695,663,631,599,567,535,503,504,472,473,441,409,377,378,379,347,315,316,317,285,286,287,255,223,191,159,127,95,95,95,95,95,95,95,95,95,95,95,95,95,95,95,95,95,95,95,
goal:95,95,95,95,95,95,95,95,95,95,95,95,95,95,95,95,95,95,95,95,95,95,95,95,95,95,95,95,95,95,95,95,95,95,95,95,95,95,95,95,95,95,95,95,95,95,95,95,95,95,
size:31
[agent] id:13
path:401,369,337,305,306,307,308,309,310,310,310,310,310,310,310,310,310,310,310,310,310,310,310,310,310,310,310,310,310,310,310,310,310,310,310,310,310,310,310,310,310,310,310,310,310,310,310,310,310,310,
goal:310,310,310,310,310,310,310,310,310,310,310,310,310,310,310,310,310,310,310,310,310,310,310,310,310,310,310,310,310,310,310,310,310,310,310,310,310,310,310,310,310,310,310,310,310,310,310,310,310,310,
size:8
[agent] id:14
path:528,529,497,465,433,434,435,436,437,405,373,341,309,309,309,309,309,309,309,309,309,309,309,309,309,309,309,309,309,309,309,309,309,309,309,309,309,309,309,309,309,309,309,309,309,309,309,309,309,309,
goal:309,309,309,309,309,309,309,309,309,309,309,309,309,309,309,309,309,309,309,309,309,309,309,309,309,309,309,309,309,309,309,309,309,309,309,309,309,309,309,309,309,309,309,309,309,309,309,309,309,309,
size:12
[agent] id:15
path:212,211,243,242,241,240,239,207,206,205,204,203,202,201,200,199,231,230,229,228,228,228,228,228,228,228,228,228,228,228,228,228,228,228,228,228,228,228,228,228,228,228,228,228,228,228,228,228,228,228,
goal:228,228,228,228,228,228,228,228,228,228,228,228,228,228,228,228,228,228,228,228,228,228,228,228,228,228,228,228,228,228,228,228,228,228,228,228,228,228,228,228,228,228,228,228,228,228,228,228,228,228,
size:19
[agent] id:16
path:698,697,696,664,663,662,661,660,659,658,657,656,655,654,653,652,651,650,650,650,650,650,650,650,650,650,650,650,650,650,650,650,650,650,650,650,650,650,650,650,650,650,650,650,650,650,650,650,650,650,
goal:650,650,650,650,650,650,650,650,650,650,650,650,650,650,650,650,650,650,650,650,650,650,650,650,650,650,650,650,650,650,650,650,650,650,650,650,650,650,650,650,650,650,650,650,650,650,650,650,650,650,
size:17
[agent] id:17
path:651,619,620,621,589,557,525,526,527,528,529,497,465,433,401,369,337,305,273,241,209,177,145,113,81,82,83,83,83,83,83,83,83,83,83,83,83,83,83,83,83,83,83,83,83,83,83,83,83,83,
goal:83,83,83,83,83,83,83,83,83,83,83,83,83,83,83,83,83,83,83,83,83,83,83,83,83,83,83,83,83,83,83,83,83,83,83,83,83,83,83,83,83,83,83,83,83,83,83,83,83,83,
size:26
[agent] id:18
path:781,749,717,685,653,621,589,557,525,526,527,528,529,497,498,466,434,402,401,369,368,336,304,305,273,241,209,177,145,113,81,80,79,78,78,78,78,78,78,78,78,78,78,78,78,78,78,78,78,78,
goal:78,78,78,78,78,78,78,78,78,78,78,78,78,78,78,78,78,78,78,78,78,78,78,78,78,78,78,78,78,78,78,78,78,78,78,78,78,78,78,78,78,78,78,78,78,78,78,78,78,78,
size:33
[agent] id:19
path:641,673,705,737,738,770,802,803,835,867,899,900,901,933,934,935,936,937,938,939,940,941,942,943,944,945,945,945,945,945,945,945,945,945,945,945,945,945,945,945,945,945,945,945,945,945,945,945,945,945,
goal:945,945,945,945,945,945,945,945,945,945,945,945,945,945,945,945,945,945,945,945,945,945,945,945,945,945,945,945,945,945,945,945,945,945,945,945,945,945,945,945,945,945,945,945,945,945,945,945,945,945,
size:25
[agent] id:20
path:364,396,428,460,461,493,494,494,526,558,559,560,592,593,594,626,627,628,629,630,631,632,633,634,602,603,603,603,603,603,603,603,603,603,603,603,603,603,603,603,603,603,603,603,603,603,603,603,603,603,
goal:603,603,603,603,603,603,603,603,603,603,603,603,603,603,603,603,603,603,603,603,603,603,603,603,603,603,603,603,603,603,603,603,603,603,603,603,603,603,603,603,603,603,603,603,603,603,603,603,603,603,
size:25
[agent] id:21
path:347,379,380,412,413,414,446,478,478,478,478,478,478,478,478,478,478,478,478,478,478,478,478,478,478,478,478,478,478,478,478,478,478,478,478,478,478,478,478,478,478,478,478,478,478,478,478,478,478,478,
goal:478,478,478,478,478,478,478,478,478,478,478,478,478,478,478,478,478,478,478,478,478,478,478,478,478,478,478,478,478,478,478,478,478,478,478,478,478,478,478,478,478,478,478,478,478,478,478,478,478,478,
size:7
[agent] id:22
path:174,206,207,239,271,303,304,305,306,307,308,308,308,308,308,308,308,308,308,308,308,308,308,308,308,308,308,308,308,308,308,308,308,308,308,308,308,308,308,308,308,308,308,308,308,308,308,308,308,308,
goal:308,308,308,308,308,308,308,308,308,308,308,308,308,308,308,308,308,308,308,308,308,308,308,308,308,308,308,308,308,308,308,308,308,308,308,308,308,308,308,308,308,308,308,308,308,308,308,308,308,308,
size:10
[agent] id:23
path:367,399,431,463,463,464,465,497,529,561,593,592,591,623,655,654,653,652,652,652,652,652,652,652,652,652,652,652,652,652,652,652,652,652,652,652,652,652,652,652,652,652,652,652,652,652,652,652,652,652,
goal:652,652,652,652,652,652,652,652,652,652,652,652,652,652,652,652,652,652,652,652,652,652,652,652,652,652,652,652,652,652,652,652,652,652,652,652,652,652,652,652,652,652,652,652,652,652,652,652,652,652,
size:17
[agent] id:24
path:168,200,201,233,234,235,236,268,300,301,302,334,366,367,399,431,463,464,465,497,529,561,593,594,626,658,690,722,723,724,725,757,758,759,791,792,792,792,792,792,792,792,792,792,792,792,792,792,792,792,
goal:792,792,792,792,792,792,792,792,792,792,792,792,792,792,792,792,792,792,792,792,792,792,792,792,792,792,792,792,792,792,792,792,792,792,792,792,792,792,792,792,792,792,792,792,792,792,792,792,792,792,
size:35
[agent] id:25
path:709,741,773,805,837,838,839,840,841,842,843,844,845,877,878,878,878,878,878,878,878,878,878,878,878,878,878,878,878,878,878,878,878,878,878,878,878,878,878,878,878,878,878,878,878,878,878,878,878,878,
goal:878,878,878,878,878,878,878,878,878,878,878,878,878,878,878,878,878,878,878,878,878,878,878,878,878,878,878,878,878,878,878,878,878,878,878,878,878,878,878,878,878,878,878,878,878,878,878,878,878,878,
size:14
[agent] id:26
path:454,486,518,550,582,614,646,678,710,742,743,744,745,745,745,745,745,745,745,745,745,745,745,745,745,745,745,745,745,745,745,745,745,745,745,745,745,745,745,745,745,745,745,745,745,745,745,745,745,745,
goal:745,745,745,745,745,745,745,745,745,745,745,745,745,745,745,745,745,745,745,745,745,745,745,745,745,745,745,745,745,745,745,745,745,745,745,745,745,745,745,745,745,745,745,745,745,745,745,745,745,745,
size:12
[agent] id:27
path:967,935,936,904,872,840,808,776,744,712,680,648,616,584,552,553,554,555,556,524,525,526,527,528,529,530,498,466,434,435,436,437,405,373,374,375,376,344,312,280,248,216,184,152,120,88,89,90,91,92,
goal:92,92,92,92,92,92,92,92,92,92,92,92,92,92,92,92,92,92,92,92,92,92,92,92,92,92,92,92,92,92,92,92,92,92,92,92,92,92,92,92,92,92,92,92,92,92,92,92,92,92,
size:49
[agent] id:28
path:145,177,209,241,273,305,337,336,368,400,432,464,464,465,497,529,561,593,592,591,623,622,621,620,619,651,683,682,682,682,682,682,682,682,682,682,682,682,682,682,682,682,682,682,682,682,682,682,682,682,
goal:682,682,682,682,682,682,682,682,682,682,682,682,682,682,682,682,682,682,682,682,682,682,682,682,682,682,682,682,682,682,682,682,682,682,682,682,682,682,682,682,682,682,682,682,682,682,682,682,682,682,
size:27
[agent] id:29
path:720,688,656,657,658,626,594,562,530,498,466,434,435,436,437,405,373,374,375,376,344,312,280,248,216,215,215,215,215,215,215,215,215,215,215,215,215,215,215,215,215,215,215,215,215,215,215,215,215,215,
goal:215,215,215,215,215,215,215,215,215,215,215,215,215,215,215,215,215,215,215,215,215,215,215,215,215,215,215,215,215,215,215,215,215,215,215,215,215,215,215,215,215,215,215,215,215,215,215,215,215,215,
size:25
SolutionCost:678
